673.0	31.0	0.435731	0.447488	0.624585	0.756704
398.0	50.0	0.416905	0.016895	0.417247	0.975037
567.0	90.0	0.285472	0.695399	0.751714	0.930156
335.0	108.0	0.262439	-0.163144	0.309015	0.986191
303.0	137.0	0.188739	-0.264981	0.325327	0.825070
357.0	136.0	0.183585	-0.110622	0.214337	0.993318
237.0	166.0	0.113648	-0.450441	0.464556	0.969131
101.0	167.0	0.131794	-0.827117	0.837551	0.989386
590.0	174.0	0.046763	0.531824	0.533876	0.968312
251.0	197.0	0.028247	-0.411717	0.412685	0.975457
95.0	206.0	0.023009	-0.847043	0.847356	0.996503
478.0	208.0	-0.035565	0.206366	0.209408	0.991588
407.0	212.0	-0.039451	0.037480	0.054416	0.998369
710.0	235.0	-0.159192	0.878376	0.892685	0.986513
722.0	239.0	-0.148972	0.878461	0.891002	0.986385
90.0	253.0	-0.099845	-0.871571	0.877271	0.995930
679.0	261.0	-0.171549	0.749756	0.769132	0.978864
301.0	261.0	-0.157463	-0.282554	0.323467	0.984912
71.0	262.0	-0.126999	-0.924299	0.932983	0.996802
768.0	263.0	-0.228233	0.981635	1.007818	0.964189
134.0	270.0	-0.164245	-0.754885	0.772547	0.884765
664.0	272.0	-0.042414	0.733278	0.734504	0.981647
698.0	277.0	-0.260110	0.820769	0.860999	0.985580
362.0	294.0	-0.259530	-0.115233	0.283962	0.892789
660.0	301.0	-0.250736	0.705233	0.748480	0.916313
643.0	306.0	-0.331055	0.682480	0.758535	0.967647
723.0	318.0	-0.376936	0.961922	1.033138	0.873047
330.0	328.0	-0.346876	-0.210646	0.405826	0.976412
150.0	361.0	-0.415272	-0.714241	0.826190	0.963740
248.0	369.0	-0.451073	-0.446084	0.634395	0.942104
