345.0	31.0	0.479357	-0.057836	0.482833	0.723453
367.0	30.0	0.437375	-0.035893	0.438845	0.536987
481.0	34.0	0.425089	0.259832	0.498210	0.820975
489.0	38.0	0.438204	0.266480	0.512869	0.797459
101.0	36.0	0.474217	-0.798469	0.928674	0.900040
455.0	36.0	0.486156	0.200226	0.525774	0.907184
436.0	36.0	0.432029	0.143269	0.455165	0.579835
527.0	41.0	0.497094	0.411732	0.645466	0.928351
590.0	40.0	0.394753	0.548866	0.676080	0.938024
195.0	44.0	0.503755	-0.561202	0.754133	0.614290
107.0	47.0	0.480554	-0.795494	0.929378	0.954281
370.0	48.0	0.419581	-0.043960	0.421878	0.905500
763.0	47.0	0.370211	1.089217	1.150413	0.910619
655.0	49.0	0.457328	0.731431	0.862636	0.808093
387.0	49.0	-0.596497	-0.057775	0.599288	0.778072
232.0	52.0	0.425620	-0.559835	0.703255	0.800222
666.0	57.0	0.372596	0.731527	0.820950	0.862990
715.0	57.0	0.341286	0.986739	1.044093	0.727549
304.0	63.0	0.395510	-0.247396	0.466511	0.968811
709.0	64.0	0.342880	0.881885	0.946197	0.746351
500.0	66.0	0.405512	0.296687	0.502457	0.872343
743.0	65.0	0.322111	0.948735	1.001925	0.927106
552.0	66.0	0.238265	0.508198	0.561280	0.807239
646.0	69.0	0.319498	0.701729	0.771040	0.971190
486.0	70.0	1.007100	0.298450	1.050392	0.834134
614.0	75.0	0.319571	0.614258	0.692415	0.962534
537.0	79.0	0.153725	0.406124	0.434245	0.909708
697.0	81.0	0.286024	0.836703	0.884240	0.795283
546.0	82.0	0.374542	0.589381	0.698321	0.873355
276.0	85.0	0.378224	-0.416849	0.562865	0.943436
460.0	89.0	0.248165	0.160413	0.295497	0.927409
662.0	91.0	0.266733	0.741602	0.788112	0.960680
338.0	91.0	0.310629	-0.156378	0.347770	0.981493
559.0	91.0	0.291148	0.450008	0.535980	0.894372
89.0	96.0	0.323101	-0.846752	0.906302	0.870466
445.0	98.0	0.131329	0.147294	0.197340	0.978909
482.0	99.0	0.382531	0.226597	0.444608	0.847039
489.0	101.0	0.352474	0.252342	0.433491	0.955295
115.0	102.0	0.311935	-0.774012	0.834505	0.856527
315.0	100.0	0.200933	-0.232241	0.307099	0.946340
703.0	104.0	0.217732	0.972626	0.996699	0.888906
197.0	105.0	0.289039	-0.549553	0.620928	0.942015
521.0	105.0	0.254526	0.351530	0.434001	0.941789
156.0	106.0	0.319294	-0.666402	0.738945	0.828415
502.0	106.0	0.231174	0.277403	0.361101	0.872063
376.0	106.0	0.249701	-0.055510	0.255797	0.830628
217.0	107.0	0.275043	-0.502345	0.572712	0.767553
469.0	109.0	0.561904	0.138465	0.578713	0.857816
585.0	109.0	0.228873	0.528769	0.576177	0.958250
124.0	110.0	0.309400	-0.774063	0.833607	0.876460
700.0	111.0	0.217714	0.856071	0.883322	0.903505
673.0	114.0	0.200554	0.768252	0.793998	0.985521
148.0	114.0	0.185618	-0.656128	0.681878	0.840092
249.0	117.0	0.255944	-0.293827	0.389668	0.939657
500.0	117.0	0.227631	0.141388	0.267967	0.830986
624.0	118.0	0.194982	0.444135	0.485051	0.796501
68.0	122.0	0.263959	-0.909788	0.947306	0.988602
562.0	128.0	0.185042	0.462768	0.498392	0.897456
163.0	125.0	0.308413	-0.655223	0.724179	0.923737
583.0	126.0	0.163089	0.583509	0.605872	0.850276
225.0	129.0	0.226859	-0.465438	0.517781	0.896744
125.0	131.0	0.230309	-0.764031	0.797988	0.975253
215.0	129.0	0.221181	-0.466944	0.516680	0.879875
121.0	131.0	0.229884	-0.766871	0.800586	0.975184
571.0	134.0	0.160295	0.464849	0.491710	0.858561
299.0	137.0	0.138406	-0.156947	0.209258	0.831570
253.0	139.0	0.168566	-0.394471	0.428977	0.966023
368.0	145.0	0.082291	0.371025	0.380042	0.943142
633.0	147.0	-0.558633	0.695509	0.892078	0.694671
213.0	149.0	0.162075	-0.512889	0.537888	0.836868
220.0	150.0	0.162293	-0.512783	0.537852	0.836890
408.0	152.0	0.253980	0.049698	0.258796	0.927181
568.0	152.0	0.107935	0.440360	0.453395	0.966548
216.0	155.0	0.161954	-0.510497	0.535571	0.861995
341.0	157.0	0.471625	-0.113389	0.485064	0.859165
616.0	158.0	0.064291	0.598672	0.602115	0.951704
32.0	160.0	0.171004	-0.999015	1.013545	0.990609
357.0	160.0	0.452733	0.224719	0.505436	0.808750
423.0	164.0	0.112940	0.049381	0.123264	0.910450
429.0	163.0	0.108313	0.063335	0.125472	0.903446
305.0	167.0	0.105584	-0.256681	0.277549	0.988798
119.0	167.0	0.136648	-0.744825	0.757256	0.693589
471.0	168.0	0.075908	0.215476	0.228456	0.950965
610.0	168.0	0.070151	0.579136	0.583370	0.945843
480.0	171.0	0.079554	0.519801	0.525854	0.820030
259.0	174.0	0.003466	-0.386352	0.386368	0.928187
510.0	174.0	0.025703	1.160356	1.160641	0.919277
371.0	174.0	0.203119	0.010274	0.203378	0.893893
439.0	176.0	-0.076249	0.135989	0.155907	0.909356
146.0	178.0	0.091528	-0.706083	0.711991	0.921631
166.0	179.0	0.092513	-0.669638	0.675999	0.834930
399.0	184.0	0.042513	-0.001399	0.042536	0.811117
553.0	184.0	0.023638	0.427407	0.428060	0.909491
487.0	185.0	0.133388	0.117290	0.177621	0.875224
532.0	187.0	0.018543	0.364230	0.364702	0.884522
668.0	193.0	-0.019819	0.806671	0.806915	0.761378
263.0	194.0	0.138498	-0.467932	0.487998	0.851111
418.0	195.0	0.030768	0.055125	0.063130	0.995061
736.0	194.0	-0.005844	0.892934	0.892953	0.883719
213.0	197.0	0.029047	-0.514528	0.515347	0.963488
609.0	198.0	-0.036000	0.617114	0.618163	0.897407
258.0	205.0	0.130372	-0.301566	0.328540	0.829319
371.0	204.0	-0.015717	-0.086417	0.087835	0.757314
535.0	210.0	-0.049478	0.373193	0.376459	0.891441
750.0	212.0	-0.089616	0.967638	0.971779	0.928863
421.0	215.0	-0.042461	0.059654	0.073223	0.999118
740.0	214.0	-0.087449	0.970352	0.974285	0.996543
255.0	218.0	0.267079	-0.023802	0.268138	0.742869
701.0	217.0	-0.165627	0.922681	0.937428	0.800154
35.0	221.0	-0.011268	-1.015143	1.015205	0.999914
83.0	226.0	-0.027119	-0.891778	0.892191	0.872903
705.0	230.0	-0.155750	0.887450	0.901013	0.705786
183.0	232.0	-0.573674	-0.638585	0.858424	0.726790
500.0	234.0	-0.134554	0.277972	0.308825	0.790921
492.0	236.0	-0.150236	0.279028	0.316903	0.792003
88.0	236.0	-0.257148	-0.888826	0.925276	0.785511
167.0	238.0	-0.099322	-0.658818	0.666263	0.971666
467.0	238.0	0.060969	0.184879	0.194673	0.957904
629.0	240.0	0.009515	0.854859	0.854912	0.746978
72.0	243.0	-0.263664	-0.977775	1.012701	0.914044
157.0	243.0	-0.082069	-0.664562	0.669610	0.834610
282.0	244.0	-0.132271	-0.326289	0.352079	0.952725
503.0	246.0	-0.134507	0.279766	0.310421	0.811168
712.0	245.0	-0.174609	0.782866	0.802102	0.946688
35.0	247.0	-0.082099	-1.025817	1.029097	0.864285
61.0	248.0	-0.099267	-0.932957	0.938224	0.943680
86.0	246.0	-0.149485	-0.913173	0.925328	0.720983
399.0	249.0	-0.033223	-0.012378	0.035454	0.975993
294.0	251.0	-0.092602	-0.327182	0.340034	0.914873
360.0	252.0	-0.138581	-0.111213	0.177688	0.927512
720.0	258.0	-0.219095	0.884400	0.911134	0.808035
211.0	260.0	-0.144644	-0.533106	0.552380	0.965876
529.0	261.0	-0.248516	0.356791	0.434810	0.806772
277.0	262.0	-0.165644	-0.356622	0.393214	0.972542
48.0	267.0	0.021547	-0.974672	0.974911	0.844268
341.0	267.0	-0.211697	-0.171780	0.272624	0.804856
495.0	268.0	-0.296771	0.259370	0.394140	0.717650
409.0	271.0	-0.209920	0.040683	0.213826	0.900773
677.0	274.0	0.211268	0.740770	0.770308	0.830097
364.0	275.0	-0.207510	-0.098142	0.229548	0.991658
56.0	276.0	-0.160481	-0.968254	0.981463	0.816698
327.0	279.0	-0.350922	0.054311	0.355100	0.819534
513.0	280.0	-0.331592	0.433132	0.545487	0.808036
144.0	280.0	-0.199825	-0.673980	0.702979	0.844497
236.0	280.0	-0.219591	-0.115833	0.248268	0.703253
187.0	282.0	-0.190170	-0.498519	0.533560	0.804265
105.0	283.0	-0.177297	-0.857296	0.875438	0.953612
558.0	285.0	-0.273860	0.437224	0.515911	0.794495
57.0	284.0	-0.167677	-1.012340	1.026132	0.779533
316.0	291.0	-0.237740	-0.236364	0.335244	0.892734
616.0	287.0	-0.219482	0.600961	0.639787	0.893429
131.0	290.0	-0.048184	-0.726982	0.728577	0.770104
140.0	293.0	-0.207752	-0.724990	0.754169	0.852812
570.0	294.0	-0.212422	0.294324	0.362973	0.860921
657.0	296.0	-0.345450	0.647861	0.734207	0.973730
407.0	296.0	-0.269942	0.006041	0.270010	0.978590
558.0	295.0	-0.273780	0.429410	0.509263	0.793024
578.0	298.0	-0.166107	0.052112	0.174089	0.943110
746.0	307.0	-0.326291	0.944683	0.999446	0.900826
159.0	309.0	-0.291831	-0.272136	0.399028	0.755531
718.0	311.0	-0.357933	0.878796	0.948893	0.963836
81.0	313.0	-0.274929	-0.902934	0.943862	0.958808
512.0	316.0	-0.343851	0.297507	0.454691	0.970116
618.0	317.0	-0.371610	0.593306	0.700076	0.908387
157.0	324.0	-0.299099	-0.606673	0.676396	0.951226
239.0	324.0	-0.328361	-0.456920	0.562670	0.774098
659.0	327.0	-0.299239	0.702042	0.763156	0.956644
41.0	329.0	-0.315004	-1.012862	1.060716	0.731576
347.0	331.0	-0.372792	-0.150925	0.402184	0.900940
380.0	333.0	-0.356131	0.024263	0.356956	0.760740
457.0	333.0	-0.342687	0.144233	0.371803	0.843071
356.0	339.0	-0.435957	-0.117084	0.451406	0.791019
67.0	340.0	-0.346753	-0.943227	1.004945	0.775937
325.0	341.0	-0.382336	-0.232922	0.447698	0.791272
190.0	345.0	-0.416044	-0.552248	0.691426	0.757674
423.0	343.0	-0.214674	0.048897	0.220173	0.880856
521.0	345.0	-0.423314	0.322875	0.532394	0.900144
76.0	346.0	8.690717	5.237694	10.147019	0.855602
479.0	349.0	-0.429934	0.111989	0.444280	0.964617
245.0	350.0	-0.398851	-0.438046	0.592424	0.890383
752.0	356.0	-0.489482	0.945148	1.064376	0.963514
683.0	356.0	-0.571133	0.682494	0.889939	0.797265
668.0	359.0	-0.217834	0.742774	0.774057	0.693325
48.0	359.0	-0.406368	-0.989407	1.069608	0.901799
253.0	358.0	-0.404069	-0.489285	0.634564	0.873022
310.0	359.0	-0.423421	-0.274697	0.504721	0.749839
744.0	361.0	-0.489483	0.945041	1.064282	0.963511
642.0	363.0	-0.516395	0.655672	0.834607	0.945481
470.0	364.0	-0.440583	0.166015	0.470823	0.934933
583.0	363.0	-0.468462	0.494324	0.681038	0.922655
149.0	365.0	-0.434861	-0.719109	0.840370	0.853624
416.0	366.0	-0.463454	0.035927	0.464844	0.899384
532.0	364.0	-0.460027	0.339723	0.571872	0.883332
142.0	368.0	-0.427594	-0.726011	0.842573	0.804736
