369.0	30.0	0.508103	-0.054159	0.510982	0.796555
345.0	31.0	0.500012	-0.200152	0.538584	0.882683
101.0	36.0	0.483192	-0.795531	0.930776	0.946882
436.0	36.0	0.442494	0.115256	0.457258	0.927745
489.0	35.0	0.443326	0.132077	0.462582	0.661243
455.0	37.0	0.412276	0.190368	0.454105	0.946716
381.0	39.0	0.463725	-0.043424	0.465754	0.848757
590.0	40.0	0.431426	0.563324	0.709551	0.943431
528.0	41.0	-0.136378	0.061864	0.149754	0.910747
195.0	44.0	0.465802	-0.547324	0.718704	0.864756
426.0	45.0	0.439025	0.116212	0.454146	0.931771
107.0	47.0	0.482834	-0.797315	0.932115	0.945535
370.0	48.0	0.437386	-0.051398	0.440396	0.935276
678.0	47.0	0.363457	0.763009	0.845153	0.900463
387.0	49.0	0.523773	-0.019248	0.524126	0.846819
232.0	52.0	0.433006	-0.462427	0.633508	0.830430
666.0	58.0	0.350087	0.765384	0.841649	0.759132
715.0	57.0	0.354319	0.924786	0.990339	0.708394
53.0	58.0	0.419174	-0.940058	1.029279	0.936870
304.0	63.0	0.392179	-0.249990	0.465080	0.969047
646.0	69.0	0.314360	0.705479	0.772349	0.969074
486.0	70.0	0.030456	0.254799	0.256613	0.891480
737.0	68.0	0.333103	0.920500	0.978917	0.737672
614.0	75.0	0.317654	0.611386	0.688982	0.962197
546.0	82.0	0.351720	0.530505	0.636508	0.777825
276.0	85.0	0.336792	-0.333632	0.474066	0.967601
338.0	91.0	0.314277	-0.158021	0.351768	0.969740
559.0	91.0	0.301619	0.437030	0.531008	0.936556
662.0	91.0	0.264516	0.745636	0.791165	0.921665
445.0	98.0	0.092174	0.142683	0.169866	0.954818
482.0	99.0	0.269652	0.250076	0.367764	0.750788
489.0	101.0	0.172784	0.276087	0.325697	0.837327
115.0	102.0	0.305547	-0.754087	0.813638	0.790604
703.0	104.0	0.219632	0.898105	0.924571	0.803886
198.0	105.0	0.288130	-0.549356	0.620332	0.872589
376.0	106.0	0.264032	-0.053711	0.269439	0.976139
502.0	106.0	0.157500	0.292299	0.332032	0.724938
521.0	105.0	0.263596	0.363113	0.448702	0.917862
161.0	107.0	0.249080	-0.688441	0.732115	0.701389
515.0	107.0	0.067439	0.301895	0.309336	0.659783
125.0	110.0	0.292144	-0.754158	0.808766	0.797257
410.0	110.0	0.246268	0.042161	0.249851	0.990948
296.0	110.0	0.265930	-0.273793	0.381682	0.978797
329.0	112.0	0.320881	-0.184164	0.369974	0.817583
147.0	114.0	0.166453	-0.689747	0.709547	0.710194
249.0	117.0	0.251718	-0.401305	0.473717	0.966219
153.0	115.0	0.266782	-0.688111	0.738017	0.650491
500.0	117.0	0.154083	0.437745	0.464071	0.741536
624.0	118.0	0.195553	0.586088	0.617851	0.943262
737.0	118.0	0.180983	0.947268	0.964402	0.994364
68.0	122.0	0.260427	-0.908207	0.944808	0.988953
563.0	125.0	0.120128	0.540006	0.553206	0.684739
583.0	126.0	0.178250	0.584018	0.610614	0.779278
128.0	129.0	0.228044	-0.742991	0.777200	0.881947
225.0	129.0	0.222459	-0.474831	0.524359	0.773383
123.0	133.0	0.228209	-0.738722	0.773169	0.874747
572.0	134.0	0.144779	0.528915	0.548372	0.761624
298.0	137.0	0.189353	-0.281838	0.339539	0.892330
384.0	144.0	-0.228519	-0.071948	0.239577	0.831468
369.0	146.0	0.055348	-0.291245	0.296457	0.853295
285.0	146.0	0.401460	-0.283750	0.491614	0.883812
633.0	147.0	0.161246	0.659449	0.678877	0.929853
71.0	148.0	0.187383	-0.905092	0.924286	0.993465
123.0	149.0	0.248249	-0.509540	0.566797	0.706687
215.0	152.0	0.158729	-0.503309	0.527745	0.957822
220.0	149.0	0.158704	-0.504291	0.528674	0.957735
568.0	152.0	0.072902	0.499695	0.504985	0.949171
109.0	153.0	0.994965	-0.959883	1.382509	0.650119
342.0	157.0	-0.004252	-0.159165	0.159221	0.858689
346.0	154.0	0.157598	-0.158257	0.223344	0.785608
616.0	159.0	0.088191	0.609766	0.616110	0.791622
32.0	160.0	0.183561	-0.990261	1.007130	0.992624
423.0	164.0	0.177875	0.069613	0.191011	0.704163
305.0	167.0	0.103793	-0.260055	0.280003	0.986216
471.0	168.0	0.072777	0.215389	0.227352	0.926483
583.0	168.0	0.095167	0.470161	0.479696	0.970441
480.0	171.0	0.028141	0.247174	0.248771	0.937883
236.0	171.0	0.069679	-0.448573	0.453952	0.963262
371.0	174.0	0.144481	-0.004210	0.144543	0.841225
510.0	173.0	0.042018	0.684953	0.686241	0.871916
259.0	174.0	0.084402	-0.396140	0.405031	0.967098
441.0	177.0	-0.476540	-0.093146	0.485558	0.752326
474.0	175.0	0.023247	0.371078	0.371805	0.899586
166.0	179.0	0.104117	-0.617370	0.626088	0.747444
134.0	182.0	0.175312	-0.592447	0.617841	0.573276
487.0	184.0	-0.056952	0.418444	0.422302	0.880564
532.0	186.0	0.019247	0.369551	0.370052	0.970724
553.0	184.0	0.017921	0.368017	0.368453	0.907929
178.0	187.0	0.069224	-0.624909	0.628731	0.753005
669.0	192.0	-0.030282	0.780428	0.781015	0.830280
736.0	194.0	-0.034649	0.762379	0.763166	0.807507
263.0	194.0	0.112778	-0.357160	0.374542	0.767757
213.0	197.0	0.033804	-0.519736	0.520834	0.966826
233.0	198.0	0.031462	-0.459103	0.460180	0.870358
673.0	200.0	-0.031856	0.780442	0.781092	0.831876
237.0	204.0	0.029073	-0.459166	0.460086	0.870346
258.0	205.0	0.026757	-0.278236	0.279520	0.800311
371.0	205.0	-0.010788	-0.080330	0.081051	0.974369
629.0	202.0	-0.059669	0.585231	0.588265	0.951568
642.0	203.0	-0.040804	0.647970	0.649254	0.970556
760.0	205.0	-0.064405	1.001475	1.003544	0.725885
740.0	214.0	-0.096717	0.944720	0.949657	0.829872
421.0	215.0	-0.042574	0.059899	0.073488	0.997045
255.0	218.0	0.031606	-0.347373	0.348808	0.905474
527.0	221.0	-0.075744	0.352583	0.360627	0.744490
83.0	225.0	-0.057530	-0.876888	0.878773	0.717261
505.0	227.0	-0.101955	0.277497	0.295634	0.778647
575.0	227.0	-0.098870	0.485580	0.495543	0.959125
183.0	232.0	-0.113941	-0.620808	0.631178	0.920618
500.0	233.0	-0.120977	0.283561	0.308289	0.856364
88.0	236.0	0.073386	-0.873973	0.877049	0.645587
167.0	238.0	0.024412	-0.562881	0.563410	0.764267
467.0	238.0	-0.080123	0.184271	0.200936	0.987303
762.0	240.0	-0.168957	1.125759	1.138367	0.791353
625.0	241.0	-0.088100	0.620709	0.626930	0.715960
72.0	242.0	-0.050023	-0.889326	0.890731	0.789956
234.0	244.0	-0.101931	-0.455834	0.467091	0.965099
243.0	244.0	-0.101931	-0.455834	0.467091	0.965097
282.0	244.0	-0.127812	-0.307449	0.332958	0.853995
330.0	244.0	-0.117344	-0.198824	0.230869	0.982690
363.0	243.0	-0.119986	-0.101596	0.157221	0.786806
503.0	245.0	-0.123255	0.303586	0.327653	0.895727
710.0	246.0	-0.221473	1.022093	1.045812	0.752189
35.0	247.0	-0.134990	-1.059121	1.067689	0.944837
707.0	244.0	-0.249514	0.760554	0.800437	0.732099
61.0	247.0	-0.085954	-0.962165	0.965996	0.871336
399.0	249.0	-0.158111	-0.014413	0.158767	0.954026
294.0	251.0	-0.088279	-0.307779	0.320189	0.840309
753.0	255.0	-0.179189	0.983512	0.999702	0.964331
529.0	261.0	-0.202779	0.355017	0.408848	0.942498
701.0	261.0	-0.217305	0.816780	0.845193	0.931040
318.0	262.0	-0.161589	-0.270138	0.314779	0.917125
507.0	265.0	-0.141991	0.105013	0.176605	0.693089
402.0	266.0	-0.192222	-0.017042	0.192976	0.818115
47.0	269.0	-0.126001	-0.999523	1.007434	0.792372
495.0	268.0	-0.178645	0.278267	0.330676	0.727170
364.0	275.0	-0.204893	-0.110488	0.232785	0.992163
647.0	274.0	-0.332810	0.509748	0.608774	0.864285
33.0	275.0	0.006055	-1.104364	1.104381	0.893384
677.0	274.0	-0.167975	0.754790	0.773255	0.947456
294.0	275.0	0.010878	-0.308443	0.308634	0.963791
235.0	281.0	-0.214513	-0.334805	0.397630	0.930431
327.0	279.0	-0.310590	-0.492820	0.582527	0.714581
187.0	282.0	-0.198319	-0.585461	0.618138	0.957511
144.0	280.0	-0.190209	-0.774861	0.797866	0.881873
515.0	282.0	-0.289491	0.274042	0.398628	0.747827
559.0	285.0	-0.281425	0.460890	0.540018	0.700061
626.0	288.0	-0.279564	0.653806	0.711069	0.641251
570.0	294.0	8.214832	4.908132	9.569390	0.641566
317.0	293.0	-0.215231	-0.220536	0.308157	0.720414
407.0	296.0	-0.270117	0.007163	0.270212	0.989064
656.0	298.0	0.157515	0.281475	0.322551	0.875666
338.0	299.0	-0.270957	-0.183336	0.327154	0.971635
578.0	299.0	8.468276	4.958933	9.813395	0.844297
91.0	304.0	-0.279120	-0.896845	0.939276	0.899125
746.0	307.0	-0.275569	0.943283	0.982711	0.758148
159.0	308.0	-0.268962	-0.722371	0.770818	0.883796
262.0	308.0	-0.278126	-0.393727	0.482053	0.919507
718.0	311.0	-0.373687	0.874515	0.951009	0.885495
81.0	313.0	-0.278967	-0.897081	0.939456	0.899401
687.0	312.0	-0.433486	0.795981	0.906364	0.717899
512.0	315.0	-0.336057	0.296622	0.448240	0.970982
618.0	317.0	-0.359563	0.589368	0.690392	0.954423
157.0	323.0	-0.289055	-0.696863	0.754434	0.941418
561.0	327.0	-0.373090	0.458438	0.591068	0.728362
735.0	326.0	-1.064605	0.920551	1.407408	0.724425
747.0	325.0	0.119278	0.923713	0.931382	0.672215
41.0	329.0	-0.308223	-1.016506	1.062208	0.916476
227.0	328.0	-0.383163	-0.503164	0.632446	0.785534
442.0	327.0	-0.368920	0.778433	0.861429	0.808030
761.0	331.0	-0.396803	0.994032	1.070305	0.745314
457.0	333.0	-0.336074	0.119421	0.356662	0.835489
348.0	335.0	-0.393133	-0.159046	0.424087	0.757131
381.0	337.0	-1.163038	-3.165415	3.372315	0.713929
434.0	337.0	-0.399206	0.100324	0.411619	0.762031
116.0	339.0	-0.349238	-0.797574	0.870685	0.830942
356.0	339.0	-0.409891	-0.186462	0.450310	0.733920
443.0	342.0	-0.500268	0.154907	0.523703	0.804319
639.0	342.0	-0.430010	0.647053	0.776908	0.939192
190.0	346.0	-0.227988	-0.661237	0.699437	0.879678
521.0	345.0	-0.423311	0.321614	0.531628	0.912878
245.0	350.0	-0.411758	-0.438935	0.601838	0.947364
479.0	349.0	-0.461493	1.227082	1.310994	0.755627
54.0	351.0	-0.625307	-0.998008	1.177722	0.757229
714.0	351.0	-0.471492	0.851054	0.972932	0.958315
752.0	356.0	-0.492523	0.947317	1.067702	0.956322
48.0	359.0	-0.393537	-0.998209	1.072983	0.858903
253.0	358.0	-0.413586	-0.465303	0.622544	0.940260
310.0	359.0	-0.429505	-0.267354	0.505918	0.874548
668.0	359.0	-0.665405	0.722701	0.982376	0.862149
744.0	361.0	-0.492522	0.946262	1.066766	0.956357
642.0	363.0	-0.490145	0.651617	0.815382	0.948266
470.0	364.0	-0.465278	0.318160	0.563657	0.749376
416.0	366.0	-0.461228	0.015986	0.461505	0.960063
437.0	365.0	-0.435571	-0.070863	0.441297	0.860120
141.0	368.0	-0.435556	-0.793952	0.905576	0.766988
149.0	365.0	-0.457577	-0.738950	0.869151	0.732594
