458.0	76.0	0.338507	0.179227	0.383026	0.978870
744.0	82.0	0.279708	0.976887	1.016142	0.988673
136.0	92.0	0.336260	-0.716404	0.791394	0.972334
66.0	103.0	0.302432	-0.924131	0.972359	0.967448
60.0	113.0	0.302432	-0.924055	0.972287	0.967453
247.0	119.0	0.233312	-0.425280	0.485075	0.963523
426.0	145.0	0.155758	0.080559	0.175358	0.995432
501.0	145.0	0.140603	0.285900	0.318603	0.984969
696.0	147.0	0.108231	0.832069	0.839079	0.994228
423.0	163.0	0.097274	0.095949	0.136632	0.997487
180.0	166.0	0.123221	-0.612622	0.624891	0.976039
265.0	205.0	0.003466	-0.377784	0.377800	0.979481
152.0	208.0	-0.002609	-0.615096	0.615102	0.980660
294.0	208.0	-0.008988	-0.316327	0.316454	0.922063
722.0	209.0	-0.070475	0.881843	0.884655	0.995184
488.0	213.0	-0.048006	0.243050	0.247745	0.991155
155.0	222.0	-0.012972	-0.674197	0.674322	0.984479
539.0	237.0	-0.127186	0.386032	0.406444	0.975954
261.0	245.0	-0.117863	-0.390605	0.408000	0.974850
699.0	246.0	-0.168634	0.825252	0.842306	0.991444
660.0	264.0	-0.213214	0.714379	0.745519	0.981738
557.0	276.0	-0.260342	0.429105	0.501905	0.945303
212.0	277.0	-0.190338	-0.534692	0.567559	0.963726
97.0	283.0	-0.153086	-0.852594	0.866228	0.976270
692.0	292.0	-0.298675	0.800788	0.854674	0.981299
244.0	322.0	-0.319321	-0.446029	0.548550	0.957225
645.0	329.0	-0.389904	0.671661	0.776630	0.957730
413.0	337.0	-0.385402	0.022504	0.386058	0.978581
323.0	357.0	-0.426426	-0.236630	0.487681	0.965871
