173.0	33.0	0.465945	-0.634179	0.786948	0.846979
581.0	33.0	0.440811	0.466488	0.641814	0.821065
358.0	36.0	0.452339	-0.090578	0.461318	0.953992
60.0	36.0	0.490594	-0.923407	1.045640	0.808697
452.0	34.0	0.451198	-0.205652	0.495855	0.853962
48.0	37.0	0.487925	-0.924473	1.045334	0.813591
727.0	37.0	0.408501	0.943568	1.028200	0.973544
274.0	41.0	0.457650	-0.332515	0.565694	0.877227
111.0	40.0	0.476263	-0.773840	0.908655	0.771579
189.0	40.0	0.177671	-0.637122	0.661431	0.897467
703.0	41.0	0.430090	0.860978	0.962425	0.929274
269.0	41.0	0.383943	-0.332672	0.508018	0.899341
362.0	46.0	0.452066	-0.090961	0.461127	0.954127
49.0	48.0	0.486442	-0.939175	1.057674	0.836180
282.0	46.0	0.453041	-0.332505	0.561966	0.884051
325.0	49.0	0.431627	-0.190051	0.471616	0.943907
159.0	49.0	0.940263	-0.776984	1.219754	0.855718
193.0	53.0	0.235227	-0.561323	0.608617	0.831594
507.0	55.0	0.378761	0.325205	0.499218	0.819083
513.0	61.0	0.381315	0.324212	0.500515	0.819034
191.0	62.0	0.272950	-0.566709	0.629016	0.816645
371.0	66.0	0.360603	-0.059163	0.365425	0.751092
739.0	66.0	0.325331	0.965144	1.018501	0.984548
383.0	67.0	0.376600	-0.059224	0.381229	0.747738
611.0	74.0	0.321152	0.605766	0.685632	0.938892
54.0	73.0	0.155921	-0.943542	0.956338	0.886687
144.0	76.0	0.371005	-0.693060	0.786115	0.927720
582.0	79.0	0.305487	0.521714	0.604573	0.953438
254.0	79.0	0.406300	-0.464976	0.617481	0.562451
117.0	80.0	0.340891	-0.471854	0.582111	0.881976
178.0	81.0	0.139684	-0.598472	0.614557	0.775445
194.0	81.0	-0.627098	-0.789818	1.008495	0.677220
227.0	83.0	0.448471	-0.343176	0.564709	0.896331
351.0	83.0	0.332084	-0.118676	0.352653	0.970142
74.0	85.0	0.360078	-0.893254	0.963099	0.736889
382.0	86.0	0.318957	-0.030390	0.320401	0.840629
118.0	94.0	0.301976	-0.771991	0.828951	0.922890
614.0	96.0	0.276409	0.601315	0.661802	0.966304
266.0	98.0	0.286510	-0.354706	0.455965	0.546228
221.0	103.0	0.287224	-0.471474	0.552073	0.861407
132.0	109.0	0.302595	-0.802892	0.858020	0.962142
563.0	107.0	0.237782	0.468744	0.525606	0.952284
756.0	105.0	0.220435	0.981009	1.005470	0.974492
693.0	121.0	0.180039	0.826172	0.845562	0.867609
655.0	125.0	0.166824	0.740756	0.759309	0.809913
236.0	130.0	0.161429	-0.465514	0.492710	0.923958
529.0	131.0	0.173135	0.363484	0.402612	0.975004
221.0	133.0	0.132042	-0.464356	0.482765	0.932031
748.0	132.0	0.213681	0.916388	0.940971	0.819385
261.0	134.0	0.202669	-0.443960	0.488032	0.939308
723.0	134.0	0.148877	0.902085	0.914288	0.830822
343.0	136.0	0.155396	-0.380795	0.411282	0.638015
610.0	141.0	0.135723	0.545736	0.562360	0.951357
436.0	141.0	0.236741	0.141005	0.275552	0.808810
449.0	145.0	0.107231	0.127949	0.166941	0.709058
37.0	147.0	0.235867	-1.001241	1.028648	0.958101
757.0	148.0	0.146757	0.617892	0.635081	0.776106
265.0	149.0	0.202478	-0.406694	0.454310	0.954608
322.0	151.0	0.145563	-0.209715	0.255282	0.785065
574.0	151.0	-0.006743	0.482277	0.482324	0.931749
348.0	158.0	0.000000	0.000000	0.000000	-1.000000
722.0	156.0	0.048181	0.897994	0.899286	0.958438
408.0	157.0	0.116235	0.131376	0.175414	0.978563
549.0	157.0	0.077367	0.484432	0.490571	0.908824
479.0	159.0	0.107388	0.233803	0.257286	0.787387
153.0	165.0	0.063467	-0.692867	0.695768	0.969660
135.0	169.0	0.120535	-0.735924	0.745729	0.903518
176.0	168.0	0.148815	-0.584993	0.603624	0.747906
126.0	169.0	0.120625	-0.735915	0.745736	0.903520
560.0	170.0	-0.105038	0.439814	0.452183	0.884056
186.0	172.0	0.106565	-0.591580	0.601101	0.757912
204.0	172.0	-0.114160	-0.537887	0.549868	0.801044
84.0	175.0	0.108606	-0.868720	0.875482	0.995306
160.0	177.0	0.042701	-0.706844	0.708133	0.966039
522.0	180.0	0.080849	0.340711	0.350172	0.856001
362.0	179.0	0.197202	-0.070848	0.209543	0.940080
423.0	179.0	0.045429	0.065542	0.079747	0.989249
473.0	180.0	-0.031021	0.239421	0.241422	0.768633
632.0	182.0	0.533694	1.338531	1.441005	0.776647
50.0	185.0	0.084633	-0.977182	0.980841	0.713665
689.0	184.0	-0.108610	0.813598	0.820815	0.842943
504.0	186.0	0.569653	0.321092	0.653915	0.829756
734.0	185.0	0.804336	0.951211	1.245696	0.755563
453.0	191.0	0.024350	0.123174	0.125557	0.950663
749.0	191.0	0.142423	0.984305	0.994556	0.875024
522.0	191.0	0.070713	0.335562	0.342932	0.834668
758.0	193.0	-0.028194	0.988931	0.989333	0.925373
316.0	195.0	0.056647	-0.186230	0.194655	0.904192
343.0	193.0	0.033219	-0.262715	0.264807	0.792407
140.0	194.0	0.053891	-0.769262	0.771147	0.756019
632.0	194.0	0.523029	1.342691	1.440964	0.775068
694.0	195.0	-0.023458	0.682075	0.682478	0.849221
472.0	194.0	0.129310	0.160749	0.206304	0.862919
173.0	198.0	0.032108	-0.628599	0.629418	0.831125
518.0	199.0	0.032930	-0.274538	0.276506	0.775649
276.0	198.0	0.015414	-0.353941	0.354276	0.767789
558.0	202.0	-0.030668	0.438517	0.439588	0.914524
388.0	203.0	-0.008624	0.021751	0.023398	0.771504
649.0	204.0	0.172147	0.691181	0.712296	0.934547
56.0	204.0	0.048527	-0.950722	0.951960	0.852530
168.0	204.0	0.032108	-0.628599	0.629418	0.831124
420.0	209.0	-1.357290	0.029171	1.357603	0.572231
428.0	211.0	-0.130517	0.071124	0.148639	0.780471
310.0	213.0	-0.029225	-0.288818	0.290292	0.951699
354.0	216.0	-0.037973	-0.131110	0.136499	0.838196
403.0	219.0	-0.094427	-0.148123	0.175661	0.922908
735.0	219.0	-0.098352	0.932173	0.937347	0.997828
461.0	227.0	0.019699	0.171307	0.172436	0.913118
496.0	227.0	-0.070763	0.267637	0.276834	0.916508
67.0	228.0	-0.058033	-0.936105	0.937902	0.980676
532.0	233.0	-0.110958	0.365379	0.381855	0.978778
64.0	236.0	0.000946	-0.908539	0.908540	0.993829
299.0	235.0	-0.095389	-0.288363	0.303731	0.915574
256.0	239.0	-0.206328	-0.417312	0.465533	0.660883
762.0	236.0	-0.156780	0.994426	1.006709	0.988557
679.0	239.0	0.021787	0.785652	0.785954	0.826409
668.0	238.0	-0.160885	0.740541	0.757816	0.756681
693.0	240.0	-0.145716	0.792779	0.806060	0.947189
596.0	241.0	-0.144289	0.542597	0.561454	0.828414
269.0	242.0	-0.095504	-0.404901	0.416012	0.704919
78.0	245.0	-0.066344	-0.880412	0.882908	0.993694
192.0	243.0	-0.096781	-0.583949	0.591914	0.726652
659.0	248.0	-0.172129	0.707843	0.728471	0.645355
696.0	248.0	-0.229425	0.803395	0.835512	0.928284
152.0	248.0	0.345894	-0.665632	0.750139	0.728450
235.0	249.0	-0.121254	-0.465144	0.480689	0.818923
440.0	249.0	-0.155443	0.155110	0.219594	0.931869
115.0	252.0	-0.109272	-0.797260	0.804713	0.992331
53.0	255.0	-0.232206	-1.075091	1.099882	0.749647
532.0	255.0	-0.167530	0.773653	0.791584	0.764664
166.0	258.0	-0.114167	-0.632137	0.642364	0.724965
194.0	260.0	-0.143443	-0.503926	0.523944	0.773512
44.0	260.0	-0.223939	-0.987171	1.012253	0.749430
480.0	262.0	-0.184852	0.227857	0.293409	0.747411
309.0	266.0	-0.076248	-0.268834	0.279438	0.865161
734.0	268.0	-0.235650	0.891104	0.921736	0.989893
48.0	269.0	-0.222496	-0.987217	1.011979	0.749806
174.0	269.0	-0.044254	-0.645948	0.647463	0.764590
299.0	271.0	-0.175546	-0.086607	0.195748	0.830056
525.0	271.0	-0.299740	0.436105	0.529180	0.905794
618.0	271.0	-0.310784	0.599867	0.675594	0.887674
670.0	271.0	0.296476	0.825772	0.877381	0.831669
592.0	274.0	-0.200112	0.698897	0.726982	0.906409
642.0	273.0	-0.234883	0.605860	0.649797	0.716983
69.0	274.0	-0.177307	-0.935278	0.951936	0.860812
404.0	274.0	-0.210114	0.003666	0.210146	0.900130
508.0	276.0	-0.230689	0.290079	0.370625	0.967147
706.0	277.0	-0.161560	0.839408	0.854814	0.974792
154.0	280.0	-0.179257	-0.741703	0.763058	0.817504
583.0	278.0	-0.229682	0.519628	0.568126	0.878434
262.0	281.0	-0.215662	-0.324026	0.389234	0.599245
684.0	284.0	-0.236923	0.833344	0.866369	0.881495
333.0	283.0	-0.239454	-0.174477	0.296278	0.814605
256.0	287.0	-0.248566	-0.400114	0.471037	0.795442
725.0	285.0	-0.235361	0.227391	0.327263	0.797939
67.0	287.0	-0.178130	-0.927257	0.944211	0.983427
672.0	287.0	-0.276493	0.828807	0.873710	0.900979
605.0	289.0	-0.270317	0.378364	0.465006	0.761994
434.0	289.0	-0.250670	0.090824	0.266616	0.987877
327.0	291.0	-0.236389	-0.213629	0.318617	0.788435
345.0	291.0	-0.240015	-0.168540	0.293280	0.798095
662.0	291.0	-0.276665	1.067447	1.102718	0.803822
736.0	294.0	-0.299599	0.901740	0.950208	0.920971
244.0	298.0	-0.277720	-0.416162	0.500319	0.950646
708.0	296.0	-0.315342	0.783752	0.844812	0.966373
595.0	301.0	-0.290691	0.538773	0.612191	0.699253
170.0	304.0	-0.245126	-0.693081	0.735152	0.820625
635.0	305.0	-0.323470	0.671129	0.745015	0.801450
75.0	304.0	-0.235757	-1.386013	1.405921	0.902092
655.0	306.0	-0.313103	0.826995	0.884282	0.876721
36.0	305.0	-0.238650	-1.059705	1.086245	0.868677
533.0	305.0	-0.395235	0.333596	0.517201	0.894373
348.0	308.0	-0.441295	-1.213827	1.291556	0.686395
482.0	312.0	-0.348668	0.221404	0.413025	0.945002
603.0	312.0	-0.330964	0.550295	0.642154	0.742721
327.0	314.0	-0.308910	-0.219204	0.378782	0.979375
282.0	315.0	-0.317059	-0.169939	0.359730	0.954610
32.0	318.0	-0.415432	-1.040131	1.120026	0.913346
607.0	317.0	-0.332319	0.799269	0.865601	0.812332
73.0	321.0	-0.294320	-0.769867	0.824208	0.961349
486.0	322.0	-0.348678	0.221797	0.413243	0.945001
37.0	324.0	-0.289895	-1.034095	1.073961	0.981416
181.0	323.0	-0.312297	-0.567241	0.647527	0.945013
149.0	326.0	-0.221234	-0.928430	0.954425	0.917251
755.0	329.0	-0.407305	0.969222	1.051327	0.918201
271.0	330.0	-0.366281	-0.315667	0.483536	0.895843
424.0	329.0	-0.370132	-0.090340	0.380998	0.893388
150.0	336.0	-0.221266	-0.915692	0.942046	0.918332
628.0	337.0	-0.379595	0.624215	0.730573	0.878588
646.0	339.0	-0.430037	0.665052	0.791976	0.823032
275.0	342.0	-0.379913	-0.433853	0.576682	0.833807
128.0	346.0	-0.376162	-0.763137	0.850809	0.966737
352.0	352.0	-0.395460	-0.164888	0.428458	0.818080
751.0	351.0	-0.902953	0.923358	1.291477	0.711373
403.0	353.0	-0.433404	-0.002784	0.433413	0.942713
736.0	357.0	-0.787108	0.938461	1.224846	0.927409
346.0	357.0	-0.431520	-0.140424	0.453793	0.888986
409.0	358.0	-0.431084	-0.002211	0.431089	0.943606
429.0	359.0	-0.449382	0.296026	0.538122	0.895041
521.0	367.0	-0.467005	0.255888	0.532515	0.882287
229.0	367.0	0.068089	-0.566800	0.570875	0.732584
48.0	369.0	-0.421912	-1.003976	1.089026	0.928246
