266.0	32.0	0.482496	-0.343711	0.592402	0.894765
505.0	33.0	0.483819	0.236272	0.538428	0.825145
277.0	36.0	0.486239	-0.343251	0.595189	0.817719
406.0	38.0	0.450368	0.039219	0.452072	0.966214
565.0	38.0	0.383724	0.503733	0.633238	0.826076
247.0	46.0	0.500828	-0.272602	0.570211	0.684055
220.0	49.0	0.444885	-0.481193	0.655339	0.847311
96.0	50.0	0.454587	-0.826482	0.943251	0.886136
319.0	53.0	0.401896	-0.043585	0.404252	0.951682
45.0	59.0	0.438426	-0.966904	1.061660	0.972177
206.0	59.0	0.753919	-0.505591	0.907754	0.791723
508.0	63.0	0.359273	0.135687	0.384042	0.888503
592.0	64.0	0.350334	0.605081	0.699183	0.923876
664.0	65.0	0.312600	0.741774	0.804951	0.904580
459.0	66.0	0.335829	0.107294	0.352552	0.715567
88.0	74.0	0.482383	-0.991421	1.102546	0.913181
285.0	74.0	0.362538	-0.467944	0.591950	0.858888
362.0	75.0	0.351424	-0.083639	0.361240	0.845668
662.0	76.0	0.323058	0.757904	0.823884	0.851121
657.0	74.0	0.311940	0.744299	0.807024	0.851647
517.0	77.0	0.356789	0.322032	0.480628	0.856299
126.0	78.0	0.364500	-0.717419	0.804705	0.647502
470.0	78.0	0.383868	0.175751	0.422188	0.802129
403.0	82.0	0.326601	0.027316	0.327741	0.984402
665.0	84.0	0.276665	0.749864	0.799274	0.929718
543.0	88.0	0.307079	0.420471	0.520666	0.856698
73.0	88.0	1.536995	-0.882363	1.772263	0.713749
561.0	91.0	0.275267	0.476243	0.550072	0.903519
105.0	92.0	0.327716	-0.799176	0.863759	0.885587
677.0	91.0	0.277367	0.707873	0.760274	0.892029
112.0	91.0	0.275550	-0.798998	0.845178	0.875836
206.0	93.0	0.322037	-0.522714	0.613952	0.801451
453.0	91.0	0.289721	0.156537	0.329305	0.692931
362.0	94.0	0.268166	-0.101608	0.286770	0.981978
757.0	94.0	0.242429	1.008111	1.036851	0.991492
657.0	95.0	0.255694	0.733094	0.776406	0.868905
347.0	97.0	0.248609	-0.133474	0.282174	0.985235
256.0	97.0	0.415325	-0.416288	0.588040	0.811988
102.0	100.0	0.305262	-0.808528	0.864236	0.907330
382.0	101.0	0.271136	-0.169486	0.319750	0.931458
485.0	101.0	-7.899334	5.072014	9.387481	0.713000
50.0	102.0	0.319865	-0.959522	1.011433	0.876828
571.0	103.0	0.237134	0.448576	0.507398	0.907459
182.0	105.0	0.323602	-0.646734	0.723175	0.702632
233.0	105.0	0.267779	-0.445029	0.519381	0.790978
721.0	111.0	0.200652	0.886318	0.908747	0.907429
378.0	115.0	0.259342	-0.028196	0.260870	0.930206
210.0	116.0	0.235324	-0.393640	0.458617	0.915966
407.0	119.0	0.177112	0.029606	0.179569	0.965432
420.0	118.0	0.229281	0.164866	0.282401	0.931971
501.0	120.0	0.210731	0.295382	0.362847	0.744428
747.0	127.0	0.097806	0.993837	0.998638	0.991898
136.0	130.0	0.229805	-0.723957	0.759555	0.963603
666.0	132.0	0.155750	0.746603	0.762676	0.983254
763.0	133.0	-0.308062	1.000017	1.046392	0.808154
260.0	135.0	0.194064	0.136941	0.237516	0.784216
266.0	138.0	0.126382	-0.312556	0.337140	0.717536
413.0	143.0	0.162618	0.048883	0.169806	0.648333
554.0	143.0	0.180913	0.435125	0.471236	0.851249
588.0	140.0	0.160316	0.468591	0.495256	0.954037
84.0	144.0	0.199009	-0.819625	0.843439	0.973828
375.0	146.0	0.155858	-0.060559	0.167209	0.992288
271.0	150.0	0.168701	-0.320355	0.362060	0.676161
353.0	150.0	0.146345	-0.040275	0.151786	0.966455
548.0	150.0	0.135679	0.438944	0.459435	0.822829
66.0	158.0	0.152981	-0.911286	0.924037	0.972431
527.0	157.0	0.093186	0.359510	0.371391	0.926930
77.0	162.0	0.156782	-0.886497	0.900254	0.940009
100.0	161.0	0.104420	-1.051335	1.056508	0.817109
729.0	171.0	0.015484	0.908310	0.908442	0.934433
619.0	172.0	0.045347	0.611722	0.613400	0.970358
211.0	174.0	0.098475	-0.527493	0.536606	0.872288
340.0	176.0	0.070407	-0.131021	0.148740	0.918120
553.0	174.0	0.047474	0.452635	0.455117	0.948083
723.0	181.0	0.015477	0.905789	0.905921	0.938905
556.0	182.0	0.047759	0.432400	0.435029	0.893342
754.0	183.0	0.037353	0.990997	0.991700	0.932439
267.0	186.0	0.048589	-0.494734	0.497114	0.847764
407.0	186.0	0.038627	0.017701	0.042489	0.998207
517.0	191.0	-0.025871	0.324924	0.325952	0.971401
654.0	194.0	-0.019790	0.708821	0.709098	0.987717
266.0	197.0	0.042898	-0.464812	0.466788	0.773038
110.0	200.0	0.044660	-0.936168	0.937232	0.929724
244.0	204.0	0.010415	-0.434285	0.434410	0.873366
254.0	202.0	-0.049182	-0.732136	0.733786	0.886086
399.0	204.0	-0.051967	-0.016963	0.054665	0.948022
205.0	205.0	0.005681	-0.585581	0.585609	0.886841
408.0	206.0	-0.052551	-0.033214	0.062168	0.945551
563.0	207.0	-0.080785	0.370224	0.378935	0.906362
270.0	207.0	3.841500	8.849566	9.647380	0.929350
347.0	210.0	0.032181	-0.139638	0.143299	0.833673
475.0	213.0	0.002790	0.206939	0.206957	0.798318
674.0	211.0	-0.068316	0.769501	0.772527	0.949135
119.0	213.0	0.032560	-0.789984	0.790654	0.927446
728.0	213.0	-0.054176	0.927607	0.929187	0.977804
547.0	215.0	-0.038050	0.416899	0.418632	0.893920
702.0	215.0	-0.086222	0.840155	0.844567	0.892733
98.0	215.0	0.051368	-1.066871	1.068107	0.831994
647.0	220.0	0.090409	0.655425	0.661631	0.788330
558.0	220.0	-0.050293	0.440973	0.443832	0.898224
243.0	226.0	-0.091535	-0.460352	0.469364	0.958265
32.0	232.0	-0.039859	-1.019925	1.020704	0.994614
536.0	234.0	0.165147	0.495798	0.522579	0.936963
721.0	237.0	-0.164262	0.871359	0.886706	0.988888
40.0	240.0	-0.017800	-1.008239	1.008396	0.996928
761.0	239.0	-0.164063	0.999428	1.012805	0.991143
196.0	246.0	-0.239814	-0.570712	0.619050	0.714893
457.0	246.0	-0.136190	0.143109	0.197554	0.810244
213.0	250.0	-0.172068	-0.527378	0.554739	0.743409
54.0	251.0	-0.048829	-0.984824	0.986034	0.999008
229.0	253.0	-0.103830	-0.502153	0.512775	0.944833
273.0	253.0	0.249196	-0.364030	0.441154	0.868175
428.0	252.0	-0.150428	0.067749	0.164980	0.909318
136.0	257.0	-0.155506	-0.745511	0.761557	0.936805
622.0	257.0	-0.203763	0.619570	0.652216	0.822660
257.0	258.0	1.470188	-0.401994	1.524157	0.648973
396.0	263.0	-0.178423	0.012484	0.178859	0.768730
107.0	265.0	-0.157020	-1.107893	1.118964	0.897649
629.0	266.0	-0.223011	0.621220	0.660037	0.820084
551.0	267.0	-0.207700	0.414420	0.463555	0.876500
558.0	268.0	-0.207720	0.413718	0.462936	0.876503
52.0	270.0	-0.146411	-0.969184	0.980181	0.996778
596.0	267.0	-0.211092	0.552837	0.591767	0.957792
659.0	271.0	-0.286373	0.717880	0.772891	0.568803
474.0	275.0	-0.118197	0.187332	0.221504	0.970805
249.0	276.0	-0.237460	0.162072	0.287497	0.907265
398.0	280.0	-0.207376	0.080550	0.222470	0.868307
346.0	280.0	-0.218290	-0.158391	0.269700	0.963149
490.0	282.0	-0.114354	0.252235	0.276947	0.901739
162.0	282.0	-0.208369	-0.450529	0.496381	0.933371
252.0	291.0	-0.213210	-0.358027	0.416704	0.912318
500.0	292.0	-0.254375	0.254365	0.359734	0.912761
67.0	293.0	-0.214520	-0.937116	0.961356	0.990196
280.0	293.0	-0.263511	-0.354871	0.442008	0.936866
431.0	294.0	-0.333984	0.072392	0.341740	0.968637
741.0	296.0	-0.326985	0.935380	0.990886	0.825725
151.0	297.0	-0.228970	-0.582533	0.625917	0.906425
455.0	301.0	-0.291219	0.140904	0.323516	0.908496
240.0	304.0	-0.214936	-0.414306	0.466741	0.894512
264.0	303.0	-0.250155	-0.389726	0.463103	0.895367
189.0	306.0	-0.270291	-0.643651	0.698100	0.963406
579.0	306.0	-0.317180	0.485869	0.580235	0.947874
330.0	307.0	-0.288080	-0.174165	0.336636	0.952046
252.0	314.0	-0.206221	-0.401190	0.451088	0.902746
240.0	317.0	-0.196386	-0.396898	0.442826	0.871169
71.0	320.0	-0.288701	-0.926782	0.970708	0.891349
724.0	317.0	-0.375019	0.886778	0.962816	0.966122
682.0	320.0	-0.404655	1.047279	1.122737	0.892106
186.0	322.0	-0.300690	-0.692148	0.754641	0.944291
416.0	322.0	-0.339150	0.022360	0.339887	0.982086
436.0	324.0	-0.345719	0.081109	0.355106	0.961922
212.0	326.0	-0.327866	-0.504889	0.602004	0.771008
555.0	326.0	-0.382702	0.419890	0.568127	0.916225
609.0	327.0	-0.494608	0.564721	0.750698	0.898370
116.0	328.0	-0.377485	-0.820169	0.902869	0.904037
747.0	329.0	-0.408540	0.943364	1.028027	0.779475
471.0	329.0	-0.378497	0.182072	0.420012	0.964891
694.0	334.0	-0.407380	0.837008	0.930881	0.896916
357.0	336.0	-0.375842	-0.136602	0.399897	0.976817
736.0	335.0	-0.404541	0.956062	1.038127	0.779414
469.0	337.0	-0.405662	0.181122	0.444260	0.918970
393.0	338.0	-0.923594	-0.020752	0.923828	0.835699
536.0	338.0	-0.404062	0.363131	0.543259	0.902440
100.0	340.0	-0.364697	-0.837120	0.913112	0.926434
230.0	340.0	-0.364045	-0.492403	0.612364	0.943167
651.0	341.0	-0.387610	0.651846	0.758383	0.859838
376.0	343.0	-0.424964	0.029339	0.425975	0.865732
629.0	341.0	-0.460410	0.609998	0.764248	0.710645
475.0	348.0	-0.417846	0.188725	0.458489	0.915900
321.0	352.0	-0.414309	-0.283927	0.502261	0.812480
685.0	356.0	-0.288764	0.755935	0.809210	0.950473
597.0	357.0	-0.475801	0.528801	0.711349	0.656119
755.0	361.0	-0.496952	0.906217	1.033533	0.897384
606.0	368.0	-0.343379	0.549226	0.647734	0.882595
668.0	369.0	-0.559612	0.744044	0.931003	0.705248
