395.0	31.0	0.467191	0.011414	0.467330	0.934033
733.0	31.0	0.382610	0.970314	1.043024	0.956862
138.0	32.0	1.049106	-0.685665	1.253299	0.827244
755.0	31.0	0.388164	1.047331	1.116948	0.707020
412.0	34.0	-0.383242	0.035809	0.384912	0.777998
702.0	34.0	0.420341	0.948802	1.037743	0.769875
350.0	35.0	0.469338	0.359551	0.591232	0.744843
671.0	35.0	0.418851	0.796347	0.899780	0.942235
152.0	39.0	0.495803	-0.683757	0.844598	0.777245
261.0	39.0	0.448239	-0.375604	0.584805	0.811325
513.0	38.0	0.798532	0.309616	0.856456	0.732849
574.0	40.0	0.422609	0.812854	0.916150	0.850634
96.0	45.0	0.468879	-0.792638	0.920936	0.815243
477.0	46.0	0.404068	0.325402	0.518804	0.859685
351.0	50.0	0.435851	-0.064009	0.440526	0.958480
702.0	50.0	0.379727	0.761827	0.851219	0.962443
710.0	54.0	0.355005	1.032151	1.091496	0.969694
472.0	57.0	0.388637	0.228554	0.450861	0.887224
459.0	58.0	0.195259	0.194113	0.275329	0.860838
220.0	58.0	0.307066	-0.490110	0.578357	0.665779
484.0	61.0	0.387820	0.098003	0.400011	0.848013
182.0	59.0	0.413018	-0.583152	0.714598	0.616454
188.0	60.0	0.414645	-0.580267	0.713190	0.616191
650.0	63.0	0.427296	0.624344	0.756563	0.751236
748.0	63.0	0.331995	0.994291	1.048254	0.915020
758.0	64.0	0.317283	1.001632	1.050683	0.871246
285.0	66.0	0.386457	-0.314939	0.498534	0.930147
708.0	68.0	0.345561	0.893922	0.958389	0.920116
516.0	70.0	0.319914	0.416791	0.525414	0.899319
96.0	71.0	0.392751	-0.825705	0.914354	0.877135
175.0	71.0	-5.671254	-1.545062	5.877954	0.761220
79.0	73.0	0.402352	-1.040089	1.115200	0.750186
117.0	74.0	0.387251	-0.989330	1.062420	0.803985
235.0	74.0	0.391170	-0.354381	0.527826	0.883440
544.0	75.0	0.306267	0.320116	0.443028	0.876741
224.0	75.0	0.367862	-0.369138	0.521139	0.895627
332.0	75.0	0.353774	-0.171426	0.393120	0.977088
479.0	74.0	0.373994	0.249236	0.449433	0.772546
519.0	80.0	0.256913	0.340355	0.426434	0.921826
504.0	84.0	0.370000	0.360804	0.516797	0.902193
736.0	85.0	0.271718	0.950744	0.988810	0.940491
117.0	88.0	0.395976	-0.860186	0.946951	0.662277
254.0	93.0	0.333925	-0.379017	0.505134	0.787907
613.0	99.0	0.238734	0.603374	0.648887	0.844438
442.0	103.0	0.093188	0.110714	0.144712	0.895417
239.0	106.0	0.648919	-0.420571	0.773289	0.676975
617.0	106.0	0.238855	0.598015	0.643952	0.833654
610.0	109.0	0.224322	0.601963	0.642401	0.864238
732.0	109.0	0.201489	0.926876	0.948523	0.875958
212.0	112.0	0.270589	-0.512302	0.579371	0.938747
426.0	112.0	0.207756	0.084672	0.224348	0.886789
165.0	114.0	0.271195	-0.638939	0.694110	0.740211
308.0	114.0	0.238894	-0.274560	0.363942	0.935495
586.0	115.0	0.203733	0.556443	0.592567	0.743300
597.0	122.0	0.255918	0.574855	0.629248	0.826799
314.0	126.0	0.238637	-0.236389	0.335898	0.957399
714.0	126.0	0.162035	0.901476	0.915923	0.946537
125.0	132.0	0.190698	-0.773300	0.796466	0.897197
234.0	131.0	0.217213	-0.454937	0.504132	0.899067
195.0	134.0	0.210257	-0.556615	0.595003	0.937302
94.0	136.0	0.219319	-0.841306	0.869423	0.980662
458.0	138.0	0.159389	0.164678	0.229180	0.938126
382.0	139.0	0.127016	-0.037563	0.132454	0.855630
238.0	138.0	0.217732	-0.454848	0.504275	0.899002
661.0	143.0	0.248591	0.733489	0.774470	0.896437
483.0	144.0	0.144307	0.240525	0.280494	0.984370
445.0	147.0	0.256420	0.147922	0.296027	0.948664
725.0	147.0	0.059617	0.927170	0.929084	0.984059
539.0	154.0	0.103241	0.404606	0.417570	0.844330
737.0	157.0	0.075984	0.943263	0.946319	0.982958
749.0	156.0	0.073428	0.961428	0.964228	0.982944
546.0	159.0	0.104458	0.365754	0.380378	0.837758
262.0	163.0	-0.164434	-0.384111	0.417827	0.774274
111.0	168.0	0.124254	-0.798785	0.808391	0.845396
190.0	168.0	0.359713	-0.579621	0.682168	0.901435
83.0	168.0	0.145514	-0.949438	0.960525	0.928578
703.0	170.0	0.040891	0.848645	0.849630	0.996409
356.0	172.0	0.085350	-0.113744	0.142205	0.729692
30.0	171.0	0.129336	-1.022190	1.030340	0.996655
282.0	173.0	-0.062208	0.009578	0.062940	0.689132
385.0	175.0	0.106897	0.095916	0.143621	0.947064
525.0	176.0	0.068720	0.352945	0.359573	0.821474
643.0	175.0	0.033702	0.679670	0.680505	0.982393
589.0	177.0	-0.102106	0.529236	0.538996	0.934371
328.0	179.0	-0.038703	-0.207837	0.211410	0.675273
604.0	178.0	-0.216270	0.529748	0.572194	0.839117
365.0	181.0	0.082697	-0.117304	0.143524	0.885032
328.0	186.0	-0.038856	-0.207433	0.211041	0.675399
220.0	188.0	0.055701	-0.500221	0.503312	0.754931
131.0	187.0	0.067735	-0.737361	0.740466	0.986826
94.0	194.0	0.060910	-0.849097	0.851278	0.887816
274.0	196.0	0.008302	-0.327305	0.327410	0.743653
34.0	197.0	0.092062	-1.027172	1.031290	0.937626
283.0	198.0	0.120117	-0.326837	0.348211	0.757172
402.0	202.0	-0.020714	0.026415	0.033568	0.981538
325.0	206.0	-0.024157	-0.183101	0.184688	0.928555
334.0	205.0	-0.049752	-0.108180	0.119072	0.831819
142.0	213.0	-0.021195	-0.718770	0.719082	0.816579
61.0	212.0	0.012238	-0.938814	0.938894	0.995796
313.0	212.0	0.011998	-0.346098	0.346306	0.874200
144.0	211.0	-0.022550	-0.718382	0.718736	0.816490
120.0	215.0	-0.081385	-0.983400	0.986762	0.915156
701.0	215.0	-0.090241	0.833943	0.838812	0.994782
649.0	219.0	-0.126289	0.712562	0.723667	0.980801
244.0	220.0	-0.031309	-0.388910	0.390168	0.967052
170.0	222.0	-0.033142	-0.643708	0.644561	0.981483
528.0	222.0	-0.083612	0.330970	0.341368	0.919260
281.0	225.0	-0.056328	-0.340265	0.344896	0.966248
299.0	225.0	0.537578	-0.325128	0.628250	0.733612
221.0	227.0	-0.041116	-0.502360	0.504039	0.825415
323.0	230.0	-0.019861	-0.600853	0.601181	0.819734
587.0	232.0	-0.117616	0.519256	0.532410	0.963422
135.0	232.0	-0.099386	-1.081683	1.086239	0.966573
257.0	240.0	-0.117349	-0.401181	0.417991	0.971471
422.0	241.0	-0.100541	0.051795	0.113098	0.879776
539.0	247.0	-0.147578	0.391835	0.418705	0.859421
565.0	247.0	-0.146939	0.463413	0.486150	0.954592
77.0	250.0	0.018171	-0.910836	0.911017	0.933385
275.0	251.0	-0.171521	-0.287331	0.334632	0.924522
734.0	252.0	-0.196438	0.912691	0.933592	0.901002
383.0	254.0	-0.158890	-0.052188	0.167241	0.969112
180.0	256.0	-0.130897	-0.619904	0.633573	0.721282
323.0	262.0	-0.147683	-0.229524	0.272931	0.962947
653.0	265.0	-0.231006	0.694820	0.732215	0.647377
511.0	265.0	-0.199454	0.301082	0.361154	0.957956
232.0	267.0	-0.169598	-0.468802	0.498536	0.926207
349.0	272.0	0.065081	-0.111634	0.129220	0.874748
610.0	273.0	-0.238492	0.589028	0.635479	0.959508
677.0	274.0	-0.210784	0.757398	0.786182	0.946779
259.0	275.0	-0.198173	-0.408883	0.454377	0.800295
739.0	275.0	-0.270920	0.886382	0.926860	0.857624
734.0	280.0	-0.269975	0.865614	0.906738	0.707549
175.0	280.0	-0.197970	-0.630269	0.660630	0.897504
404.0	280.0	-0.228698	0.002096	0.228708	0.841837
561.0	284.0	-0.257711	0.586493	0.640617	0.898901
634.0	284.0	-0.270726	0.664508	0.717540	0.696280
239.0	285.0	-0.231263	-0.487848	0.539887	0.925397
266.0	286.0	-0.214887	-0.399720	0.453820	0.779732
211.0	288.0	-0.219935	-0.537757	0.580994	0.962606
694.0	290.0	-0.262233	0.806750	0.848299	0.980292
753.0	292.0	-0.320768	1.020307	1.069542	0.872061
375.0	294.0	0.511964	-0.077367	0.517777	0.721232
730.0	292.0	-0.270979	0.963487	1.000868	0.692173
481.0	295.0	-1.489595	0.174994	1.499839	0.751067
554.0	300.0	-0.271695	0.233416	0.358192	0.953228
72.0	303.0	-0.246476	-0.941676	0.973398	0.930310
390.0	304.0	-0.256413	-0.026822	0.257813	0.853743
464.0	307.0	-0.308416	0.157699	0.346394	0.873855
765.0	306.0	-0.320955	0.998388	1.048709	0.950320
452.0	309.0	-0.271364	0.143080	0.306774	0.896382
598.0	312.0	-0.391566	0.508723	0.641968	0.814535
611.0	314.0	-0.335450	0.496587	0.599271	0.792323
131.0	315.0	-0.278305	-0.763310	0.812463	0.974158
316.0	315.0	-0.344567	-0.247669	0.424342	0.957199
379.0	316.0	-0.470386	-0.074034	0.476177	0.913579
669.0	316.0	-0.399164	0.716478	0.820166	0.899048
443.0	317.0	-0.253935	0.125570	0.283286	0.901634
658.0	320.0	-0.368321	0.715588	0.804814	0.967391
711.0	320.0	-0.411768	0.907426	0.996481	0.858029
723.0	321.0	-0.396752	0.859997	0.947105	0.870597
106.0	324.0	-0.306964	-0.870282	0.922831	0.775820
598.0	324.0	-0.367708	0.543740	0.656401	0.746002
393.0	328.0	-0.347028	-0.056145	0.351540	0.759665
588.0	332.0	-0.369590	0.519078	0.637211	0.918355
718.0	333.0	-0.332764	0.881620	0.942329	0.893053
567.0	335.0	-0.396511	0.445979	0.596756	0.876833
210.0	335.0	-0.372536	-0.353259	0.513396	0.773362
733.0	336.0	-0.468982	0.915403	1.028546	0.949892
34.0	340.0	-0.338136	-1.041883	1.095379	0.977168
220.0	341.0	-0.368607	-0.466263	0.594367	0.768386
117.0	341.0	-0.242748	-1.587703	1.606153	0.863121
186.0	342.0	-0.335736	-0.597237	0.685136	0.960688
638.0	344.0	-0.481176	0.641441	0.801858	0.667368
416.0	346.0	-0.404713	0.026541	0.405582	0.974650
695.0	347.0	-0.489789	0.775419	0.917152	0.894055
338.0	348.0	-0.408534	-0.211903	0.460220	0.947718
200.0	350.0	-0.377185	-0.522779	0.644644	0.838789
382.0	350.0	-0.417644	-0.064630	0.422615	0.953761
289.0	356.0	-0.423984	-0.331803	0.538383	0.813292
326.0	356.0	-0.428186	-0.230903	0.486476	0.935672
298.0	359.0	8.801409	1.653414	8.955366	0.860027
661.0	360.0	-0.485252	0.702148	0.853511	0.700470
611.0	363.0	-0.506076	0.405078	0.648229	0.797940
97.0	361.0	-0.047493	-0.840829	0.842170	0.743959
39.0	365.0	-0.411230	-1.027280	1.106532	0.969589
347.0	368.0	-0.459978	-0.170850	0.490682	0.965482
