689.0	31.0	0.323935	0.872794	0.930969	0.801925
42.0	33.0	0.511708	-0.972293	1.098726	0.965649
153.0	34.0	0.503131	-0.619453	0.798037	0.829716
412.0	38.0	0.550347	0.035814	0.551511	0.808124
261.0	39.0	0.465786	-0.329141	0.570343	0.938244
87.0	49.0	0.464808	-0.846011	0.965288	0.841803
322.0	49.0	0.446102	-0.198853	0.488415	0.955010
40.0	51.0	0.463009	-0.925913	1.035226	0.892195
190.0	54.0	0.430421	-0.560280	0.706524	0.834433
628.0	56.0	0.363159	0.623700	0.721725	0.848984
221.0	58.0	0.468644	-0.390905	0.610273	0.799190
654.0	62.0	0.239657	0.785723	0.821460	0.858651
418.0	64.0	0.372268	0.069151	0.378636	0.944499
380.0	65.0	0.379363	-0.038466	0.381308	0.972007
758.0	64.0	0.309266	1.041924	1.086854	0.823193
769.0	68.0	0.325621	0.986063	1.038436	0.688479
175.0	70.0	0.462553	-0.654964	0.801831	0.848736
234.0	71.0	0.468583	-0.340462	0.579210	0.676708
96.0	71.0	0.397837	-0.696524	0.802135	0.931888
79.0	72.0	0.391904	-0.894160	0.976274	0.835666
70.0	75.0	0.401214	-0.894648	0.980494	0.833261
692.0	76.0	0.272006	0.835160	0.878339	0.880999
224.0	75.0	-9.657434	3.872565	10.404941	0.914158
604.0	77.0	0.317928	0.580614	0.661960	0.933188
709.0	81.0	0.318964	0.874145	0.930520	0.849139
436.0	83.0	0.343387	0.121429	0.364225	0.962542
108.0	87.0	0.361383	-0.567104	0.672461	0.763467
336.0	91.0	1.074396	-0.056943	1.075904	0.867843
756.0	90.0	0.219452	1.535781	1.551381	0.913121
272.0	95.0	0.344393	-0.369829	0.505351	0.872620
732.0	96.0	0.243868	0.941193	0.972274	0.874298
352.0	101.0	0.468663	-0.122275	0.484351	0.924363
769.0	107.0	0.214450	1.103381	1.124028	0.951299
299.0	106.0	0.275087	-0.266244	0.382830	0.782824
651.0	106.0	0.223902	0.712277	0.746640	0.980897
38.0	110.0	0.310372	-1.053872	1.098625	0.983328
74.0	114.0	0.282534	-0.897664	0.941078	0.924361
139.0	113.0	0.258602	-0.723283	0.768123	0.977328
66.0	117.0	0.282534	-0.897664	0.941077	0.924349
619.0	119.0	0.195034	0.620639	0.650562	0.851266
461.0	119.0	0.205380	0.152886	0.256037	0.965952
204.0	124.0	0.229392	-0.653662	0.692744	0.755252
394.0	126.0	0.205461	-0.120337	0.238107	0.830304
692.0	126.0	0.163084	0.822211	0.838228	0.991619
31.0	126.0	0.265562	-1.200009	1.229042	0.973030
286.0	128.0	0.198695	0.249671	0.319085	0.931438
123.0	130.0	0.243654	-0.642449	0.687101	0.874768
501.0	136.0	0.223979	0.292701	0.368565	0.979757
455.0	136.0	0.134912	0.275191	0.306482	0.605206
735.0	142.0	0.175652	1.056002	1.070511	0.850150
767.0	142.0	0.112236	0.962904	0.969423	0.920447
202.0	142.0	0.189470	-0.556715	0.588073	0.755937
281.0	143.0	0.176998	-0.265088	0.318748	0.880880
646.0	144.0	-0.005458	0.690959	0.690980	0.966554
483.0	144.0	0.144939	0.221444	0.264660	0.985580
394.0	147.0	0.148217	-0.006530	0.148361	0.797611
556.0	147.0	0.074006	0.509903	0.515245	0.789140
453.0	148.0	0.133119	0.157080	0.205900	0.615158
520.0	149.0	0.121031	0.352652	0.372843	0.933814
278.0	150.0	0.196437	-0.362847	0.412608	0.837779
588.0	155.0	0.100098	0.535381	0.544659	0.963701
748.0	155.0	0.191282	1.135824	1.151818	0.921718
262.0	157.0	0.105084	-0.334955	0.351052	0.706481
522.0	156.0	0.116917	0.341769	0.361214	0.936364
363.0	159.0	0.119263	-0.112332	0.163836	0.932963
416.0	158.0	0.112148	0.050681	0.123068	0.894113
370.0	159.0	0.131167	-0.115520	0.174785	0.933204
80.0	161.0	0.152501	-0.883566	0.896630	0.973725
121.0	160.0	0.145850	-0.789704	0.803060	0.909182
262.0	163.0	0.103487	-0.335138	0.350752	0.713402
175.0	171.0	0.035941	-0.620246	0.621286	0.969347
305.0	172.0	0.090092	-0.258633	0.273875	0.889205
654.0	171.0	0.007971	0.717377	0.717422	0.630029
533.0	176.0	0.029939	0.382889	0.384058	0.900771
281.0	175.0	0.453078	-0.758606	0.883608	0.855846
115.0	176.0	0.103428	-0.937672	0.943359	0.876250
604.0	178.0	0.159656	0.566496	0.588564	0.891829
365.0	181.0	0.064291	-0.098158	0.117339	0.862761
90.0	183.0	-0.173354	-0.904845	0.921302	0.765839
111.0	185.0	0.250970	-0.750877	0.791708	0.830502
338.0	189.0	0.030066	-0.215436	0.217524	0.771954
159.0	194.0	0.029452	-0.658005	0.658664	0.930678
95.0	194.0	3.221077	9.744611	10.263176	0.842935
274.0	197.0	0.021133	-0.357821	0.358445	0.711932
278.0	200.0	0.021047	-0.357822	0.358441	0.711937
165.0	203.0	0.029452	-0.658005	0.658664	0.930684
402.0	202.0	-0.005395	0.016352	0.017219	0.910242
414.0	202.0	-0.004265	0.016233	0.016784	0.910545
58.0	203.0	0.053551	-0.948714	0.950224	0.709723
334.0	205.0	0.021711	-0.630495	0.630869	0.795120
434.0	210.0	-0.030641	0.093674	0.098558	0.998576
759.0	212.0	-0.144104	0.997490	1.007845	0.990573
458.0	214.0	-0.074319	0.162692	0.178863	0.967390
622.0	218.0	-0.082328	0.654578	0.659735	0.884655
280.0	220.0	-0.027681	-0.294280	0.295579	0.870545
244.0	220.0	-0.031180	-0.402984	0.404189	0.960462
323.0	230.0	-0.087114	-0.236392	0.251932	0.881134
703.0	233.0	-0.131860	0.946355	0.955497	0.981490
464.0	232.0	-0.115558	0.184363	0.217585	0.881759
234.0	237.0	0.041947	-0.403930	0.406102	0.641809
464.0	238.0	-0.115132	0.162273	0.198967	0.882879
351.0	239.0	-0.103503	-0.135810	0.170754	0.995689
309.0	240.0	-0.330546	-0.236259	0.406299	0.891389
564.0	239.0	-0.143805	0.452499	0.474800	0.931594
731.0	241.0	-0.159973	0.911135	0.925072	0.962210
92.0	246.0	-0.115556	-0.883935	0.891456	0.881727
381.0	246.0	0.568232	-0.026640	0.568856	0.762773
434.0	246.0	-0.127239	0.083395	0.152133	0.789723
565.0	247.0	-0.178801	0.436336	0.471549	0.872598
404.0	248.0	-0.175117	-0.002476	0.175134	0.947521
539.0	247.0	-0.149437	0.404263	0.430998	0.874796
65.0	249.0	-0.192598	-0.929452	0.949198	0.872221
80.0	249.0	-0.179306	-0.912991	0.930431	0.849047
706.0	249.0	-0.157692	0.580296	0.601340	0.947904
490.0	254.0	-0.163624	0.246064	0.295500	0.947053
395.0	255.0	-0.147663	-0.005020	0.147748	0.845787
180.0	256.0	-0.127291	-0.622295	0.635180	0.957352
277.0	259.0	-0.147001	-0.343091	0.373257	0.732188
517.0	261.0	-0.186105	0.318585	0.368960	0.720446
280.0	264.0	-0.147896	-0.345524	0.375846	0.717591
584.0	264.0	-0.207383	0.499629	0.540959	0.741347
631.0	269.0	-0.240962	0.333037	0.411067	0.908989
73.0	274.0	-0.234453	-0.919955	0.949361	0.969666
611.0	273.0	-0.232986	0.574796	0.620220	0.965525
668.0	274.0	-0.017923	0.719884	0.720107	0.817318
739.0	275.0	-0.281171	1.231417	1.263109	0.734939
758.0	274.0	-0.486544	1.132339	1.232444	0.869198
355.0	277.0	-0.211568	-0.135112	0.251031	0.924758
175.0	280.0	-4.710490	-8.246488	9.497014	0.761826
404.0	280.0	-9.633846	-2.549725	9.965546	0.904891
445.0	281.0	-0.235595	0.111055	0.260458	0.802412
413.0	283.0	-0.232165	0.024685	0.233473	0.799261
711.0	285.0	-0.205811	0.852592	0.877081	0.892210
306.0	286.0	-0.232545	-0.353704	0.423301	0.844914
635.0	284.0	-0.231744	0.435847	0.493628	0.704499
180.0	287.0	-0.213388	-0.623637	0.659134	0.760302
741.0	288.0	-0.301904	0.911921	0.960597	0.807619
676.0	291.0	-0.269177	0.054968	0.274732	0.889728
694.0	290.0	-0.005199	0.821354	0.821370	0.748614
731.0	293.0	-0.300070	0.938451	0.985257	0.870893
374.0	293.0	-0.299322	-0.076826	0.309024	0.962811
494.0	295.0	-0.242762	0.239332	0.340900	0.904846
480.0	295.0	0.301823	0.224093	0.375919	0.887328
308.0	301.0	-0.234933	-0.520880	0.571410	0.823670
252.0	304.0	-0.271502	-0.421132	0.501064	0.956956
340.0	306.0	-0.287186	-0.181660	0.339818	0.983247
41.0	313.0	-0.269785	-0.988711	1.024858	0.897244
600.0	313.0	-7.463492	-7.419675	10.524035	0.762446
696.0	315.0	-0.664496	0.809165	1.047045	0.898968
760.0	315.0	-0.373913	0.987734	1.056139	0.943891
611.0	314.0	-0.389211	0.529645	0.657274	0.634247
446.0	318.0	-0.433779	0.114491	0.448634	0.890534
606.0	321.0	-0.399435	0.529776	0.663484	0.635782
711.0	320.0	-0.543954	0.730453	0.910740	0.638523
79.0	323.0	-0.318468	-0.937454	0.990071	0.878704
598.0	324.0	-0.455123	0.523347	0.693562	0.683722
540.0	328.0	-0.375997	0.372715	0.529425	0.957823
68.0	331.0	-0.319144	-0.935814	0.988737	0.864938
588.0	332.0	-0.384356	0.514159	0.641942	0.920278
168.0	334.0	-0.341599	-0.664455	0.747121	0.966405
668.0	333.0	-0.411363	0.983067	1.065664	0.585252
503.0	336.0	-0.396480	0.271963	0.480792	0.966369
117.0	340.0	-0.358810	-0.724104	0.808129	0.925933
437.0	342.0	-0.397832	0.085094	0.406830	0.975198
585.0	358.0	-0.467553	0.499064	0.683865	0.934166
97.0	361.0	-0.409105	-0.790977	0.890512	0.947698
480.0	362.0	-0.441144	-0.282464	0.523827	0.650216
166.0	368.0	-0.406867	-0.784452	0.883688	0.895624
389.0	367.0	-0.467438	0.125987	0.484119	0.884394
