211.0	32.0	0.489799	-0.487603	0.691129	0.896717
285.0	32.0	0.097464	-0.108471	0.145826	0.822737
531.0	32.0	0.435417	0.284661	0.520212	0.921519
721.0	36.0	0.398462	0.904109	0.988021	0.962576
338.0	39.0	0.455217	-0.132427	0.474088	0.965903
465.0	41.0	0.437318	0.399960	0.592634	0.682774
79.0	40.0	0.497052	-0.865099	0.997726	0.885438
601.0	41.0	0.406167	0.580215	0.708252	0.898629
503.0	44.0	0.378384	0.296098	0.480466	0.826447
178.0	44.0	-9.726487	-1.991606	9.928295	0.868476
291.0	45.0	0.450162	-0.281583	0.530975	0.742628
188.0	46.0	0.474070	-0.605604	0.769090	0.825784
499.0	49.0	0.379852	0.276530	0.469848	0.826214
558.0	50.0	0.394199	0.341748	0.521713	0.741897
600.0	50.0	0.388790	0.604132	0.718424	0.916227
492.0	52.0	0.118829	0.282778	0.306731	0.819646
691.0	51.0	0.258441	0.839856	0.878721	0.907877
741.0	51.0	0.314088	0.980762	1.029828	0.966951
240.0	53.0	0.408129	-0.455820	0.611834	0.941152
437.0	55.0	0.398529	0.126768	0.418205	0.909101
547.0	55.0	0.395171	0.456981	0.604145	0.631481
625.0	56.0	0.359575	0.645868	0.739215	0.949127
99.0	56.0	0.449453	-0.813112	0.929063	0.951643
475.0	58.0	0.212128	0.226038	0.309986	0.894773
60.0	61.0	0.406888	-0.927570	1.012889	0.860565
515.0	61.0	0.680906	0.415809	0.797829	0.841224
704.0	61.0	0.369883	0.842902	0.920487	0.890212
595.0	63.0	0.340856	0.585010	0.677067	0.921431
219.0	63.0	0.377072	-0.519620	0.642020	0.732880
37.0	67.0	0.090922	-1.118779	1.122467	0.902215
206.0	73.0	0.084338	-0.577653	0.583777	0.786482
608.0	78.0	0.302299	0.580446	0.654448	0.895304
675.0	75.0	0.306867	0.786658	0.844392	0.979881
41.0	76.0	0.391717	-1.134252	1.199987	0.930063
94.0	80.0	0.026207	-0.852755	0.853158	0.803951
253.0	80.0	0.424795	-0.370874	0.563914	0.876670
237.0	81.0	0.319046	0.352368	0.475346	0.796331
128.0	84.0	0.390436	-0.819451	0.907712	0.934072
289.0	82.0	0.325640	-0.247740	0.409165	0.965898
555.0	84.0	0.273423	0.450268	0.526784	0.749352
620.0	87.0	0.308969	0.596966	0.672183	0.880110
728.0	87.0	0.256884	0.939213	0.973710	0.988965
450.0	92.0	0.295481	0.156889	0.334549	0.823379
736.0	95.0	0.256737	0.939496	0.973944	0.988547
552.0	96.0	0.295016	0.440328	0.530022	0.731272
229.0	96.0	0.326632	-0.360292	0.486312	0.751093
258.0	97.0	0.298004	-0.229837	0.376339	0.961215
287.0	96.0	0.330577	-0.267261	0.425100	0.956630
310.0	98.0	0.291011	-0.071152	0.299583	0.820022
480.0	105.0	0.257296	0.242265	0.353403	0.894188
336.0	107.0	0.237669	-0.163534	0.288496	0.944453
529.0	107.0	0.258160	0.366712	0.448469	0.842844
35.0	107.0	-0.922828	-1.061382	1.406465	0.750032
403.0	108.0	0.149642	0.020490	0.151038	0.875656
348.0	109.0	0.251664	-0.147969	0.291941	0.928646
685.0	110.0	0.213275	0.845600	0.872081	0.755550
134.0	111.0	0.282832	-0.722773	0.776141	0.868656
159.0	114.0	0.275274	-0.645669	0.701900	0.944757
237.0	113.0	0.277983	-0.445594	0.525194	0.905606
690.0	115.0	0.203216	0.808137	0.833296	0.759272
49.0	118.0	-0.064153	-0.970740	0.972857	0.744508
723.0	117.0	0.173981	0.792466	0.811339	0.806169
326.0	120.0	0.249403	-0.177438	0.306082	0.889807
438.0	121.0	0.223347	0.113092	0.250347	0.846078
518.0	119.0	0.239221	0.362601	0.434404	0.831185
728.0	122.0	0.097410	0.919188	0.924335	0.788095
314.0	124.0	0.363796	-0.195741	0.413113	0.777249
184.0	127.0	0.161025	-0.513074	0.537749	0.741650
161.0	129.0	0.258597	-0.669583	0.717784	0.953772
352.0	133.0	0.206112	-0.163371	0.263007	0.872997
727.0	130.0	0.157901	0.921170	0.934605	0.789358
291.0	135.0	0.134601	-0.311920	0.339722	0.818790
537.0	134.0	0.174192	0.394448	0.431198	0.944425
276.0	137.0	0.341249	-0.335252	0.478377	0.688263
342.0	138.0	0.209214	-0.148535	0.256580	0.951385
624.0	139.0	0.157109	0.613802	0.633590	0.956968
662.0	139.0	0.136267	0.739978	0.752420	0.986529
262.0	140.0	0.793260	-0.340071	0.863081	0.729497
610.0	143.0	0.497545	0.254889	0.559034	0.785226
339.0	147.0	0.233460	-0.312533	0.390104	0.860663
480.0	151.0	0.112109	0.232586	0.258195	0.989544
325.0	152.0	0.236206	-0.166306	0.288878	0.833799
414.0	153.0	0.069618	0.033250	0.077151	0.930340
398.0	155.0	0.128701	0.012239	0.129281	0.989464
337.0	157.0	0.129240	-0.166265	0.210587	0.847485
617.0	158.0	0.124015	0.504082	0.519114	0.740075
187.0	159.0	3.218117	-8.803892	9.373622	0.959478
479.0	164.0	0.108839	0.230313	0.254735	0.988023
523.0	164.0	0.078788	0.352409	0.361109	0.909903
642.0	166.0	0.064202	0.680579	0.683601	0.984464
184.0	167.0	0.120885	-0.594503	0.606669	0.744791
430.0	166.0	-0.358230	0.062936	0.363716	0.735031
685.0	171.0	-0.011181	1.104691	1.104747	0.748334
247.0	171.0	0.048678	-0.419147	0.421964	0.892029
531.0	173.0	0.080949	0.352221	0.361403	0.921627
286.0	175.0	0.082360	-0.314772	0.325368	0.984753
61.0	176.0	0.113130	-0.972375	0.978934	0.853685
31.0	179.0	0.109358	-1.022753	1.028583	0.986140
570.0	180.0	0.082860	0.480815	0.487902	0.836984
104.0	183.0	-0.022880	-0.815195	0.815516	0.868572
159.0	184.0	0.084298	-0.665321	0.670640	0.981129
370.0	186.0	-0.053997	-0.109505	0.122094	0.792787
357.0	187.0	-0.033334	-0.034663	0.048091	0.941827
768.0	186.0	0.409776	1.030612	1.109089	0.853469
60.0	187.0	0.113104	-0.958291	0.964943	0.853800
227.0	187.0	0.054828	-0.494227	0.497259	0.924348
177.0	190.0	-0.206207	-0.650705	0.682597	0.948801
391.0	190.0	0.008178	0.529827	0.529890	0.751437
557.0	189.0	0.177754	0.475635	0.507765	0.684389
346.0	202.0	0.012907	-0.138192	0.138793	0.957174
656.0	203.0	-0.204565	0.712665	0.741443	0.908518
724.0	201.0	-0.041302	0.852950	0.853949	0.770834
623.0	203.0	-0.033818	0.475464	0.476665	0.927911
386.0	205.0	-0.040885	0.021606	0.046243	0.773051
91.0	206.0	0.023449	-0.857295	0.857615	0.996944
562.0	206.0	-0.041606	0.545474	0.547058	0.954891
404.0	207.0	-0.024531	0.083186	0.086727	0.832878
283.0	208.0	-0.018696	-0.336838	0.337357	0.951175
214.0	212.0	-0.010833	-0.517048	0.517162	0.791768
275.0	215.0	-0.018137	-0.335446	0.335936	0.954502
117.0	217.0	-0.008390	-0.789187	0.789231	0.993486
492.0	217.0	0.076215	0.262222	0.273073	0.950651
507.0	218.0	-0.038275	0.273152	0.275821	0.956490
250.0	221.0	-0.041866	-0.416669	0.418767	0.973720
497.0	223.0	-0.062870	0.272338	0.279501	0.956779
657.0	224.0	-0.479754	0.704173	0.852070	0.799534
46.0	227.0	-0.017688	-0.988084	0.988242	0.998641
177.0	228.0	-0.025058	-0.614162	0.614673	0.806764
679.0	230.0	-0.123688	0.773108	0.782940	0.739247
655.0	231.0	-0.183087	0.702559	0.726023	0.929501
714.0	237.0	-0.150315	1.209955	1.219256	0.942049
275.0	237.0	-0.080186	-0.354946	0.363891	0.805114
315.0	240.0	-0.387613	-0.610353	0.723031	0.878767
126.0	243.0	-0.103038	-0.665185	0.673118	0.870827
766.0	243.0	-0.171729	1.007291	1.021825	0.992321
619.0	242.0	-0.348811	0.604942	0.698300	0.930886
345.0	245.0	-0.140254	-0.159189	0.212161	0.992660
745.0	245.0	-0.199743	0.937984	0.959016	0.954800
544.0	247.0	1.236476	4.852151	5.007219	0.766718
514.0	248.0	-0.132979	0.316855	0.343628	0.981167
422.0	248.0	-0.159073	0.100683	0.188259	0.736298
130.0	251.0	-0.146378	-0.770388	0.784171	0.925190
725.0	252.0	-0.175903	0.935591	0.951984	0.893114
451.0	254.0	-0.189989	-0.036435	0.193451	0.945807
430.0	255.0	-0.161840	0.082543	0.181674	0.836838
442.0	257.0	-0.177480	-0.010897	0.177814	0.953007
742.0	258.0	-0.185789	0.951374	0.969345	0.922032
482.0	259.0	-0.126592	0.221755	0.255344	0.938724
122.0	261.0	-0.179840	-0.772838	0.793486	0.869876
607.0	262.0	-0.247267	0.602532	0.651296	0.869879
137.0	270.0	-0.328628	-0.782638	0.848834	0.864830
511.0	270.0	-0.268505	0.193000	0.330672	0.967711
72.0	271.0	-0.282601	-0.915505	0.958129	0.965041
131.0	273.0	-0.234191	-0.784988	0.819177	0.879673
387.0	272.0	-0.202727	-0.371595	0.423298	0.796300
87.0	273.0	-0.325824	-0.900798	0.957914	0.943640
527.0	274.0	-0.697278	0.307425	0.762041	0.818769
358.0	277.0	-0.207061	-0.126127	0.242450	0.910189
123.0	280.0	-0.119294	-0.799851	0.808699	0.901168
45.0	281.0	-0.182561	-1.005300	1.021742	0.819136
428.0	283.0	-0.236979	0.095210	0.255390	0.957213
466.0	284.0	-0.245520	0.159259	0.292649	0.986253
483.0	286.0	-0.117546	0.112806	0.162918	0.960305
508.0	285.0	-0.218326	0.021364	0.219369	0.826613
162.0	289.0	-0.217979	-0.678523	0.712677	0.755008
238.0	295.0	-0.182803	-0.460181	0.495160	0.867194
600.0	298.0	-0.320222	0.535314	0.623781	0.881319
260.0	298.0	-0.264682	-0.407257	0.485711	0.962186
331.0	299.0	-0.259946	-0.222112	0.341914	0.780989
360.0	300.0	-0.274779	-0.125340	0.302016	0.986779
396.0	301.0	-0.302022	0.006852	0.302100	0.914353
154.0	300.0	-0.217981	-0.730865	0.762680	0.729007
540.0	304.0	-0.310584	0.378738	0.489801	0.937706
452.0	305.0	-0.319969	0.115292	0.340107	0.984650
621.0	307.0	-0.325610	0.597724	0.680658	0.887494
602.0	309.0	-0.320199	0.537651	0.625776	0.882099
391.0	312.0	-0.299982	-0.043120	0.303065	0.977147
85.0	313.0	-0.243247	-0.960362	0.990689	0.756373
436.0	313.0	-0.312914	0.041666	0.315676	0.962702
511.0	316.0	-0.533766	0.274560	0.600241	0.900910
322.0	316.0	-0.318309	-0.167441	0.359663	0.972403
272.0	320.0	-0.333746	-0.360141	0.491007	0.895090
234.0	323.0	-0.407993	-0.478093	0.628515	0.861390
574.0	327.0	-0.374242	0.544194	0.660458	0.901753
112.0	329.0	-0.298865	-0.787232	0.842054	0.966254
496.0	328.0	-0.459215	0.238913	0.517646	0.842580
283.0	330.0	-0.331797	-0.347862	0.480726	0.953899
457.0	331.0	-0.374484	0.141526	0.400335	0.975634
310.0	333.0	-0.372586	-0.013892	0.372845	0.934055
417.0	336.0	-0.383017	0.030978	0.384268	0.931004
94.0	338.0	-0.380980	-0.865722	0.945843	0.711316
627.0	344.0	-0.431262	0.613605	0.749999	0.951457
191.0	344.0	-0.401879	-0.600502	0.722571	0.947401
498.0	346.0	-0.410734	0.185810	0.450808	0.811064
681.0	347.0	-0.448803	0.802146	0.919164	0.948447
754.0	349.0	-0.470138	0.904900	1.019742	0.957986
569.0	355.0	-0.455517	0.453630	0.642865	0.938372
308.0	356.0	-0.422166	-0.308835	0.523071	0.755472
105.0	357.0	-0.346749	-0.839833	0.908600	0.960319
79.0	359.0	-0.403863	-0.914349	0.999570	0.864471
398.0	359.0	-0.410508	-0.011701	0.410675	0.834585
285.0	362.0	-0.434394	-0.338946	0.550984	0.956667
537.0	362.0	-0.467434	0.300286	0.555578	0.749687
768.0	366.0	-0.518495	1.074867	1.193389	0.692549
384.0	368.0	-0.217290	-0.049698	0.222901	0.879431
404.0	368.0	-0.443379	0.003267	0.443391	0.845055
494.0	368.0	-0.481745	0.235843	0.536377	0.958477
