181.0	33.0	0.496060	-0.570991	0.756377	0.796094
586.0	36.0	0.287646	0.455022	0.538317	0.828057
81.0	36.0	0.386160	-0.812807	0.899874	0.915403
153.0	36.0	0.563270	-0.660413	0.867997	0.942683
203.0	37.0	0.380381	-0.528989	0.651551	0.624370
548.0	38.0	0.382665	0.533735	0.656739	0.725826
680.0	41.0	0.403689	0.811803	0.906636	0.961635
544.0	43.0	0.430375	0.431625	0.609527	0.834243
570.0	45.0	0.411830	-0.188042	0.452730	0.742474
756.0	48.0	0.364034	1.014219	1.077572	0.897080
215.0	49.0	0.545517	-0.523163	0.755836	0.622203
701.0	50.0	0.232840	1.054642	1.080039	0.678901
31.0	55.0	0.457826	-1.004502	1.103915	0.957016
400.0	56.0	0.397860	-0.095521	0.409166	0.805015
173.0	58.0	0.420575	-0.660637	0.783150	0.926581
733.0	60.0	0.341894	0.946632	1.006481	0.967941
51.0	61.0	0.433705	-0.946247	1.040905	0.946162
247.0	61.0	0.305152	-0.401520	0.504317	0.804508
332.0	67.0	0.407600	-0.231831	0.468917	0.761004
566.0	68.0	0.340931	0.379399	0.510076	0.804904
433.0	68.0	0.363088	0.129676	0.385551	0.973139
394.0	69.0	0.400312	0.019248	0.400775	0.706563
508.0	73.0	0.206868	0.321725	0.382493	0.910207
626.0	76.0	0.305732	0.647847	0.716364	0.750223
86.0	76.0	0.507328	-0.972956	1.097280	0.837961
220.0	80.0	0.355808	-0.484503	0.601118	0.948798
360.0	78.0	0.301305	0.201063	0.362230	0.767192
108.0	83.0	0.454200	-0.757304	0.883067	0.826752
561.0	82.0	0.338800	0.471539	0.580633	0.779054
533.0	84.0	0.312572	0.223893	0.384486	0.633086
162.0	88.0	0.289270	-0.597519	0.663857	0.877839
71.0	90.0	0.245349	-0.907017	0.939615	0.765860
173.0	91.0	0.335280	-0.569252	0.660651	0.944304
252.0	91.0	0.259019	-0.435102	0.506364	0.729834
182.0	99.0	0.139135	-0.599481	0.615415	0.874081
195.0	98.0	0.309972	-0.584363	0.661485	0.785120
553.0	98.0	0.286095	0.253453	0.382216	0.959623
295.0	101.0	0.665437	-0.282569	0.722946	0.848949
48.0	101.0	0.393825	-0.893131	0.976105	0.968947
108.0	101.0	0.371691	-0.810964	0.892085	0.890350
62.0	102.0	0.317941	-0.942378	0.994567	0.849799
146.0	102.0	0.330230	-0.691954	0.766715	0.730698
118.0	105.0	0.307864	-0.772810	0.831875	0.851755
279.0	103.0	1.370176	-0.207110	1.385741	0.725489
530.0	107.0	0.231369	0.375742	0.441264	0.892812
508.0	108.0	0.288933	0.314016	0.426718	0.953105
250.0	108.0	0.277507	-0.280823	0.394806	0.962603
91.0	112.0	0.489907	-0.864920	0.994030	0.920266
422.0	113.0	0.230667	0.058669	0.238011	0.973907
226.0	115.0	0.265649	-0.480449	0.549000	0.954230
366.0	115.0	0.314000	-0.068987	0.321489	0.937857
531.0	115.0	0.230271	0.451439	0.506776	0.810243
380.0	118.0	0.247903	-0.064629	0.256189	0.980264
672.0	115.0	0.218975	0.802209	0.831558	0.767613
646.0	122.0	0.176946	0.658509	0.681868	0.723978
633.0	126.0	0.045843	0.681788	0.683328	0.737519
57.0	125.0	0.262118	-0.933042	0.969161	0.987377
535.0	125.0	0.204980	0.375879	0.428138	0.773926
95.0	129.0	0.244322	-1.074624	1.102048	0.937066
181.0	131.0	0.221842	-0.600935	0.640575	0.964544
146.0	130.0	0.184734	-0.720709	0.744009	0.748251
568.0	133.0	0.234346	0.477882	0.532249	0.897473
546.0	137.0	0.202146	0.403899	0.451661	0.734274
360.0	140.0	0.171395	-0.102042	0.199471	0.968206
132.0	142.0	-0.169494	-0.717363	0.737114	0.881103
340.0	146.0	0.152721	-0.165786	0.225408	0.988986
726.0	147.0	0.101677	0.918718	0.924327	0.797270
747.0	148.0	0.035974	0.973765	0.974430	0.725954
630.0	148.0	0.363790	0.638156	0.734565	0.904329
204.0	149.0	0.173629	-0.538233	0.565546	0.877109
701.0	152.0	0.072564	0.852646	0.855729	0.974562
470.0	153.0	0.123350	0.132239	0.180838	0.985626
392.0	153.0	0.075151	0.018286	0.077344	0.830236
449.0	156.0	0.067069	0.093892	0.115386	0.856029
643.0	160.0	0.042916	0.676466	0.677826	0.919394
706.0	161.0	0.071509	0.854783	0.857769	0.831219
34.0	161.0	0.161104	-1.013935	1.026654	0.996034
652.0	162.0	-0.022903	0.678945	0.679332	0.927410
332.0	164.0	0.112300	-0.130989	0.172539	0.991006
556.0	165.0	0.055331	0.443024	0.446465	0.910590
437.0	164.0	0.061384	0.099720	0.117099	0.856034
672.0	169.0	0.026370	0.782817	0.783261	0.968820
589.0	171.0	0.065164	0.227008	0.236176	0.831889
164.0	174.0	0.112948	-0.681064	0.690366	0.971254
464.0	171.0	0.044352	0.563802	0.565544	0.727574
558.0	175.0	0.064564	0.445101	0.449759	0.909753
150.0	178.0	0.143059	-0.681075	0.695938	0.973721
486.0	175.0	0.091576	0.264746	0.280137	0.902489
73.0	178.0	0.088741	-0.898194	0.902567	0.769743
216.0	177.0	0.434910	-0.270678	0.512263	0.845967
44.0	180.0	0.075268	-0.971836	0.974746	0.965326
662.0	181.0	0.009670	0.736390	0.736454	0.977117
466.0	184.0	0.039102	0.246077	0.249165	0.834284
85.0	184.0	0.104243	-0.901090	0.907100	0.818738
422.0	187.0	0.029020	0.246928	0.248628	0.748311
628.0	187.0	-0.021009	1.618940	1.619076	0.789921
153.0	189.0	0.083082	-0.698710	0.703633	0.977228
415.0	188.0	0.028842	0.198158	0.200245	0.793658
276.0	188.0	0.033421	-0.342761	0.344386	0.884313
328.0	191.0	0.035484	-0.200453	0.203570	0.789740
662.0	191.0	-0.000235	0.682891	0.682891	0.965632
458.0	193.0	0.036757	0.196404	0.199814	0.957327
123.0	192.0	0.098005	-0.421200	0.432452	0.667529
130.0	195.0	0.098000	-0.417820	0.429159	0.667648
173.0	200.0	0.041350	-0.640184	0.641518	0.900136
372.0	197.0	0.003080	-0.076636	0.076698	0.902867
583.0	202.0	-0.033179	0.605046	0.605955	0.956416
632.0	203.0	-0.049132	0.851669	0.853085	0.887078
219.0	203.0	-0.429451	-0.523410	0.677043	0.776610
126.0	203.0	-3.206001	7.949800	8.571917	0.680260
84.0	205.0	0.015187	-0.941281	0.941404	0.886722
300.0	210.0	-0.017917	-0.306858	0.307381	0.872042
665.0	207.0	-0.016995	0.367569	0.367962	0.826407
627.0	213.0	-0.052097	0.642155	0.644265	0.939398
543.0	215.0	-0.060973	0.397801	0.402446	0.773350
80.0	214.0	0.021826	-0.881993	0.882263	0.858441
735.0	219.0	-0.119287	0.818753	0.827398	0.966296
335.0	221.0	-0.037464	-0.187047	0.190761	0.959557
449.0	228.0	-0.086962	0.133459	0.159291	0.912717
316.0	232.0	-0.081358	-0.235108	0.248787	0.991046
735.0	231.0	-0.172821	0.919280	0.935383	0.870937
614.0	234.0	-0.125374	0.594783	0.607853	0.973872
707.0	236.0	-0.142123	0.850371	0.862166	0.993152
129.0	237.0	-0.061342	-0.757690	0.760169	0.985645
294.0	238.0	-0.091477	-0.298083	0.311804	0.868227
340.0	239.0	-0.102586	-0.156323	0.186978	0.993792
80.0	243.0	-0.080331	-0.892125	0.895734	0.997072
670.0	240.0	-0.058330	1.000644	1.002343	0.916000
46.0	243.0	-0.120131	-0.990381	0.997640	0.803307
389.0	244.0	-0.128222	-0.031817	0.132110	0.997315
680.0	247.0	-0.058027	1.000644	1.002325	0.916004
52.0	248.0	-0.067963	-0.984655	0.986997	0.785505
516.0	247.0	-0.150423	0.300290	0.335859	0.980299
254.0	250.0	-0.125411	-0.712804	0.723752	0.853771
97.0	253.0	-0.110605	-0.849874	0.857041	0.993851
136.0	256.0	-0.131406	-0.745565	0.757057	0.949358
170.0	263.0	-0.379609	-0.710533	0.805581	0.498210
123.0	264.0	-0.105239	-0.751252	0.758588	0.984256
140.0	266.0	-0.164852	-0.740680	0.758804	0.933113
222.0	269.0	-0.133371	-0.485727	0.503705	0.938480
680.0	268.0	-0.229659	0.750892	0.785228	0.983945
52.0	282.0	-0.180838	-0.970233	0.986942	0.978005
686.0	285.0	-0.113533	-0.053279	0.125413	0.800176
526.0	291.0	-0.568304	-0.431383	0.713485	0.786505
733.0	290.0	-0.325895	0.925374	0.981084	0.961152
65.0	294.0	-0.201959	-1.118510	1.136597	0.910975
753.0	295.0	-0.311651	0.981044	1.029356	0.980205
263.0	297.0	-0.166983	-0.399992	0.433448	0.860759
539.0	298.0	-0.393834	-0.063665	0.398947	0.741047
708.0	301.0	-0.328786	0.843230	0.905061	0.933030
352.0	303.0	-0.283100	-0.144620	0.317901	0.945627
189.0	307.0	-0.119386	-0.574799	0.587066	0.804306
576.0	306.0	-0.019035	0.477485	0.477864	0.817365
390.0	307.0	-0.384165	-0.050905	0.387523	0.917992
61.0	308.0	-0.179827	-1.051979	1.067239	0.695337
423.0	311.0	-0.298321	0.052823	0.302961	0.985378
319.0	312.0	-0.302650	-0.258149	0.397792	0.864961
712.0	311.0	-0.346201	0.850834	0.918571	0.831036
381.0	317.0	-0.306640	-0.054006	0.311359	0.936133
212.0	319.0	-0.306627	-0.536792	0.618196	0.956148
44.0	320.0	-0.370027	-0.869973	0.945396	0.715968
703.0	319.0	-0.376733	0.843548	0.923851	0.783786
238.0	322.0	-0.326099	-0.462483	0.565890	0.937378
668.0	321.0	-0.517044	0.748998	0.910127	0.690385
556.0	324.0	-0.368264	0.439390	0.573308	0.885411
350.0	324.0	-0.430549	-0.112302	0.444954	0.888839
120.0	326.0	-3.016904	-9.040146	9.530265	0.768292
122.0	334.0	-0.345592	-0.798025	0.869642	0.851352
630.0	334.0	-0.520273	0.598866	0.793300	0.877831
41.0	336.0	-0.339087	-0.820810	0.888093	0.825744
175.0	338.0	-0.362560	-0.556077	0.663831	0.865689
117.0	342.0	-0.346263	-0.623854	0.713506	0.917252
645.0	340.0	-0.703319	0.617926	0.936210	0.748255
175.0	345.0	-0.355988	-0.524506	0.633904	0.760533
185.0	345.0	-0.355651	-0.524453	0.633671	0.760538
633.0	344.0	-0.446835	0.623792	0.767319	0.749647
769.0	346.0	-0.406035	1.005212	1.084120	0.923235
40.0	347.0	-0.345854	-1.014942	1.072251	0.947541
431.0	353.0	-0.425489	0.079928	0.432931	0.966399
173.0	355.0	-0.277485	-0.453056	0.531279	0.744793
562.0	357.0	-0.620798	0.426576	0.753231	0.910174
613.0	356.0	-0.288100	0.557760	0.627772	0.917961
755.0	356.0	-0.454427	0.979439	1.079724	0.928963
525.0	360.0	-0.500743	0.330174	0.599799	0.864694
344.0	362.0	-0.260898	-0.175307	0.314325	0.955018
658.0	363.0	-0.446792	0.635324	0.776698	0.850468
648.0	363.0	-0.496551	0.679838	0.841868	0.863178
732.0	362.0	-0.486968	0.894943	1.018853	0.959879
476.0	364.0	-0.470678	0.270802	0.543021	0.935177
754.0	365.0	-0.506660	0.939259	1.067198	0.897644
695.0	365.0	-0.502139	0.796387	0.941475	0.958109
