456.0	33.0	0.517232	0.202203	0.555351	0.790160
571.0	33.0	0.460781	0.489605	0.672333	0.710589
245.0	36.0	0.476199	-0.412063	0.629731	0.730930
528.0	36.0	0.683650	0.008801	0.683706	0.808628
591.0	35.0	0.434035	0.555693	0.705111	0.763194
149.0	36.0	0.493658	-0.671803	0.833677	0.895773
657.0	35.0	0.429325	0.721489	0.839563	0.960661
380.0	46.0	0.443753	-0.035128	0.445141	0.967615
564.0	45.0	0.391150	0.494938	0.630842	0.784277
716.0	51.0	0.368476	0.657989	0.754138	0.767028
319.0	50.0	0.419487	-0.048809	0.422317	0.851546
694.0	52.0	0.489093	0.839275	0.971387	0.936102
140.0	56.0	0.435846	-0.694302	0.819767	0.816849
45.0	55.0	0.445970	-0.974066	1.071305	0.939025
489.0	56.0	0.385476	0.380604	0.541711	0.866496
466.0	56.0	0.392735	0.218658	0.449502	0.969214
162.0	62.0	0.416775	-0.639529	0.763348	0.790066
578.0	63.0	0.352350	0.578724	0.677548	0.747849
79.0	65.0	0.418002	-0.873337	0.968216	0.972721
436.0	66.0	0.329304	0.118426	0.349951	0.691698
718.0	65.0	0.218147	0.766935	0.797357	0.739134
307.0	69.0	0.376099	-0.227836	0.439727	0.971218
542.0	71.0	0.338542	0.415194	0.535721	0.917276
120.0	74.0	0.388011	-0.763288	0.856249	0.877743
701.0	74.0	0.258580	0.851829	0.890211	0.845858
566.0	79.0	0.312128	0.456032	0.552620	0.955286
730.0	78.0	0.371499	0.761079	0.846908	0.815322
505.0	79.0	0.306550	0.304719	0.432234	0.967984
647.0	84.0	0.051768	0.689346	0.691287	0.636565
263.0	85.0	0.329681	-0.369346	0.495082	0.879149
165.0	88.0	0.339509	-0.637767	0.722505	0.810692
483.0	91.0	0.256564	0.237073	0.349326	0.787041
478.0	90.0	0.236695	0.237044	0.334984	0.768468
391.0	95.0	0.294041	-0.033232	0.295913	0.916865
514.0	96.0	0.283660	0.401839	0.491872	0.909847
567.0	96.0	0.268345	0.468080	0.539544	0.953698
145.0	97.0	0.350992	-0.692642	0.776497	0.881830
318.0	99.0	0.290645	-0.212908	0.360283	0.981183
765.0	99.0	0.228564	1.031370	1.056392	0.991657
486.0	103.0	0.275416	0.253070	0.374030	0.782815
35.0	104.0	0.312384	-0.995315	1.043186	0.979420
433.0	108.0	0.556645	0.103103	0.566113	0.886770
331.0	116.0	0.248587	-0.229045	0.338019	0.982722
576.0	116.0	0.213565	0.507607	0.550704	0.949181
501.0	122.0	0.154785	0.265219	0.307082	0.963084
481.0	124.0	0.200052	0.241893	0.313900	0.930617
106.0	127.0	0.273807	-0.837229	0.880865	0.721483
355.0	132.0	0.102396	-0.100607	0.143550	0.782342
106.0	134.0	0.275762	-0.818961	0.864143	0.711581
312.0	142.0	0.161979	-0.239977	0.289528	0.951514
755.0	142.0	0.119460	0.973661	0.980962	0.923715
57.0	145.0	0.217875	-0.947326	0.972057	0.964593
540.0	142.0	0.144614	0.404616	0.429682	0.960211
546.0	144.0	0.144662	0.303511	0.336223	0.942408
40.0	146.0	0.212522	-1.003555	1.025811	0.993056
467.0	146.0	0.140830	0.177541	0.226614	0.972985
628.0	144.0	0.105463	0.875216	0.881548	0.822040
75.0	147.0	-0.173091	-0.902423	0.918873	0.913507
310.0	150.0	0.162041	-0.241475	0.290805	0.950179
605.0	150.0	0.108573	0.581178	0.591233	0.922730
124.0	152.0	0.140354	-0.732797	0.746117	0.719049
632.0	152.0	0.090348	0.631787	0.638214	0.829658
273.0	153.0	0.057625	-0.200774	0.208880	0.701442
665.0	153.0	0.082424	0.781478	0.785813	0.754094
622.0	158.0	-0.071685	0.644469	0.648444	0.826431
655.0	158.0	0.082299	0.719311	0.724004	0.778958
201.0	160.0	0.076326	-0.548698	0.553981	0.964610
379.0	162.0	0.101137	-0.291934	0.308957	0.814045
487.0	165.0	0.199693	0.249698	0.319729	0.881239
408.0	167.0	0.087810	0.028231	0.092237	0.990214
352.0	168.0	0.168724	-0.122033	0.208230	0.985760
573.0	170.0	0.046083	0.694168	0.695696	0.882073
236.0	170.0	0.114405	-0.450472	0.464773	0.965537
730.0	171.0	0.026732	0.924188	0.924574	0.966534
302.0	173.0	0.118241	-0.239200	0.266829	0.763099
333.0	175.0	0.089020	-0.182298	0.202872	0.939905
552.0	174.0	0.061874	0.589832	0.593068	0.842963
165.0	178.0	0.082189	-0.657089	0.662209	0.932097
201.0	179.0	0.065996	-0.549354	0.553304	0.827628
314.0	180.0	0.073353	-0.237942	0.248992	0.745362
681.0	183.0	0.008100	0.783747	0.783789	0.992892
447.0	182.0	0.026576	0.115518	0.118535	0.834293
581.0	184.0	0.039310	0.472246	0.473879	0.954580
189.0	183.0	0.071183	-0.553919	0.558474	0.844786
210.0	184.0	9.001659	4.327365	9.987790	0.890294
157.0	187.0	0.092722	-0.658600	0.665095	0.931962
413.0	185.0	0.128249	-0.950975	0.959584	0.789484
524.0	186.0	0.081045	0.366193	0.375054	0.973371
606.0	188.0	0.055400	0.569738	0.572425	0.848056
631.0	193.0	-0.017900	0.657964	0.658207	0.954520
399.0	192.0	0.028688	0.127792	0.130973	0.912359
242.0	194.0	0.025688	-0.447804	0.448540	0.904171
607.0	194.0	0.072685	0.567214	0.571852	0.871166
157.0	195.0	0.086980	-0.843295	0.847769	0.973090
466.0	198.0	-0.006309	0.199056	0.199156	0.785321
305.0	201.0	0.175599	-0.264492	0.317476	0.779828
233.0	204.0	0.025853	-0.447753	0.448499	0.899763
181.0	207.0	0.010782	-0.556391	0.556496	0.860907
424.0	210.0	-0.033199	0.044849	0.055799	0.978919
62.0	211.0	-0.019859	-0.912767	0.912983	0.736044
404.0	211.0	-0.034184	0.014196	0.037014	0.962135
590.0	212.0	-0.058095	0.529394	0.532572	0.903248
114.0	213.0	0.001592	-0.798184	0.798185	0.993729
348.0	214.0	-0.014189	-0.185106	0.185649	0.769485
624.0	216.0	-0.076359	0.619865	0.624551	0.896197
567.0	218.0	-0.097700	0.459967	0.470228	0.758392
441.0	227.0	-0.073409	0.469329	0.475035	0.800842
563.0	226.0	-0.097602	0.457558	0.467852	0.760111
666.0	225.0	-0.124860	0.705927	0.716884	0.924415
306.0	228.0	0.184086	-0.257097	0.316206	0.932137
106.0	232.0	-0.044595	-0.840633	0.841815	0.677489
655.0	230.0	-0.128709	1.030715	1.038720	0.938800
290.0	233.0	0.006179	-0.312873	0.312934	0.965520
628.0	234.0	-0.027103	-0.448732	0.449550	0.690046
403.0	237.0	-0.118338	-0.072728	0.138900	0.975966
694.0	238.0	-0.197562	0.814450	0.838069	0.913493
609.0	239.0	-0.057595	0.561205	0.564153	0.628687
710.0	241.0	-0.632794	0.814591	1.031498	0.810991
650.0	245.0	-0.155547	0.863087	0.876992	0.903622
134.0	246.0	-0.081533	-0.755458	0.759845	0.983193
402.0	250.0	-0.118163	-0.053560	0.129735	0.966152
93.0	254.0	-0.126920	-0.852736	0.862130	0.722079
283.0	253.0	-0.136024	-0.337160	0.363565	0.922152
533.0	256.0	-0.223386	0.405987	0.463386	0.735122
623.0	261.0	-0.198212	0.613742	0.644955	0.736819
675.0	259.0	-0.212216	0.749117	0.778596	0.978985
736.0	262.0	0.159649	0.924457	0.938141	0.887255
469.0	264.0	-0.189508	0.186156	0.265645	0.989623
545.0	265.0	-0.171906	0.392244	0.428260	0.658060
710.0	268.0	-0.221233	0.862664	0.890581	0.743677
212.0	271.0	-0.174405	-0.529415	0.557402	0.942419
268.0	271.0	-0.182850	-0.371784	0.414316	0.811798
762.0	271.0	-0.234766	1.017109	1.043852	0.954049
572.0	274.0	-0.228981	0.467361	0.520441	0.926695
176.0	280.0	-0.211060	-0.655366	0.688513	0.880465
129.0	285.0	-0.202058	-0.761650	0.787996	0.707236
664.0	286.0	-0.302502	0.714620	0.776009	0.839640
166.0	289.0	-0.212933	-0.652046	0.685933	0.889460
252.0	291.0	-0.269997	-0.300136	0.403708	0.883003
43.0	295.0	-0.212314	-0.883646	0.908794	0.885033
695.0	303.0	-0.330274	0.807115	0.872076	0.977643
449.0	305.0	-0.305832	0.299523	0.428074	0.665415
658.0	305.0	-0.332597	0.648675	0.728972	0.764122
251.0	306.0	0.745297	-0.217339	0.776340	0.701405
538.0	310.0	-0.322993	0.372540	0.493062	0.959121
56.0	309.0	-0.590838	-0.744950	0.950810	0.593091
664.0	308.0	-0.332691	0.695845	0.771287	0.743389
76.0	310.0	-0.267183	-0.919674	0.957698	0.673985
225.0	317.0	-0.074897	-0.445608	0.451858	0.869700
393.0	316.0	-0.334981	-0.018882	0.335513	0.884846
115.0	316.0	-0.312385	-0.700526	0.767021	0.866989
266.0	318.0	-0.230597	-0.404491	0.465605	0.616328
125.0	320.0	-0.351637	-0.394774	0.528673	0.903309
41.0	322.0	-0.473625	-1.003963	1.110073	0.926812
199.0	320.0	-0.305576	-0.514557	0.598453	0.912464
336.0	323.0	-0.310013	-0.161980	0.349779	0.761037
401.0	322.0	-0.053552	0.017683	0.056396	0.742432
104.0	325.0	-0.311524	-0.831611	0.888045	0.910901
414.0	325.0	-0.342539	0.098473	0.356413	0.828624
595.0	326.0	-0.372538	0.526035	0.644590	0.684812
581.0	332.0	-0.102181	0.528678	0.538462	0.820801
79.0	336.0	-0.363760	-0.814325	0.891878	0.934163
172.0	337.0	-0.356663	-0.642175	0.734573	0.887012
635.0	338.0	-0.475845	0.609577	0.773313	0.906606
179.0	340.0	-0.355336	-0.642185	0.733938	0.887196
496.0	340.0	-0.401591	0.250972	0.473563	0.967332
619.0	344.0	-0.422357	0.589683	0.725335	0.825819
709.0	344.0	-0.460278	0.832476	0.951248	0.932656
38.0	348.0	-0.363719	-1.024868	1.087495	0.976506
83.0	350.0	-0.373096	-0.848461	0.926869	0.958969
353.0	350.0	-0.429077	-0.139156	0.451078	0.871026
660.0	352.0	-0.464232	0.696369	0.836924	0.791747
253.0	354.0	-0.414224	-0.456500	0.616420	0.767935
355.0	356.0	-0.426921	-0.145671	0.451089	0.871417
470.0	357.0	-0.448391	0.188736	0.486493	0.731884
712.0	356.0	-0.472801	0.843239	0.966743	0.928514
154.0	357.0	-0.473400	-0.706482	0.850426	0.891650
398.0	359.0	-0.347067	-0.019263	0.347601	0.934404
447.0	361.0	-0.437382	0.112847	0.451705	0.968275
575.0	362.0	-0.491813	0.485932	0.691383	0.926424
39.0	368.0	-0.416868	-1.023870	1.105481	0.973981
