519.0	32.0	0.489603	0.397580	0.630699	0.613897
456.0	33.0	0.371309	0.151220	0.400921	0.817070
202.0	35.0	0.486041	-0.528123	0.717740	0.918195
237.0	35.0	0.481942	-0.430196	0.646016	0.790268
441.0	37.0	0.297382	0.121547	0.321263	0.951802
430.0	40.0	0.434812	0.120210	0.451123	0.960093
483.0	40.0	0.419233	0.264813	0.495866	0.956137
143.0	42.0	0.471386	-0.801847	0.930141	0.863778
499.0	41.0	0.334947	0.416481	0.534459	0.863017
609.0	41.0	0.651257	0.582262	0.873593	0.882193
727.0	44.0	0.399191	0.826819	0.918141	0.877730
564.0	45.0	0.501086	0.504548	0.711094	0.815988
757.0	47.0	0.374153	1.012137	1.079079	0.979846
380.0	46.0	0.429467	-0.043536	0.431668	0.948076
300.0	48.0	0.441444	-0.257507	0.511060	0.958482
577.0	53.0	0.383410	0.514377	0.641550	0.770521
636.0	61.0	0.358465	0.708750	0.794244	0.964056
247.0	62.0	0.408983	-0.216660	0.462827	0.907632
332.0	61.0	0.395508	-0.175763	0.432804	0.767902
162.0	62.0	0.380179	-0.639447	0.743928	0.953692
220.0	65.0	0.383998	-0.378178	0.538955	0.854197
126.0	76.0	0.380835	-0.744140	0.835930	0.907442
260.0	77.0	0.376457	-0.408264	0.555337	0.799798
410.0	76.0	0.341541	0.046183	0.344650	0.971908
588.0	76.0	0.332686	0.517361	0.615096	0.635334
434.0	78.0	0.331246	0.111911	0.349640	0.729424
546.0	81.0	-3.477394	-9.444522	10.064356	0.686086
701.0	82.0	0.248706	0.865491	0.900516	0.893070
73.0	86.0	0.323109	-0.892348	0.949044	0.977449
647.0	84.0	0.268318	0.694000	0.744064	0.963979
714.0	85.0	0.283826	0.866293	0.911603	0.892058
264.0	85.0	0.359190	-0.371607	0.516826	0.730328
238.0	88.0	0.331531	-0.433187	0.545494	0.957377
492.0	88.0	0.240749	0.329670	0.408218	0.613115
473.0	93.0	0.199903	0.201080	0.283539	0.644741
468.0	97.0	0.226075	0.198120	0.300602	0.844035
614.0	101.0	0.233836	0.590390	0.635012	0.931381
35.0	103.0	0.249557	-0.995704	1.026501	0.948073
540.0	102.0	0.225373	0.408557	0.466596	0.959735
260.0	105.0	0.285792	-0.380790	0.476107	0.967173
486.0	103.0	-0.712321	0.225144	0.747055	0.614655
40.0	105.0	0.322117	-0.993800	1.044700	0.954098
135.0	105.0	0.293787	-0.767537	0.821842	0.676495
383.0	107.0	0.267519	-0.034486	0.269732	0.939358
692.0	114.0	0.196150	0.824057	0.847080	0.983708
206.0	114.0	0.265869	-0.526226	0.589577	0.854202
85.0	115.0	0.260423	-0.762773	0.806004	0.978606
576.0	116.0	0.211524	0.497864	0.540936	0.841204
461.0	120.0	0.231164	0.185635	0.296475	0.859855
282.0	120.0	0.235676	-0.471805	0.527393	0.941226
75.0	129.0	0.307864	-0.888112	0.939959	0.798598
460.0	129.0	-1.233947	9.092076	9.175427	0.866732
753.0	133.0	0.125848	1.013089	1.020876	0.929441
370.0	134.0	0.363522	-0.073803	0.370938	0.821697
514.0	134.0	0.166171	0.325879	0.365800	0.957811
61.0	138.0	-0.075904	-0.956452	0.959459	0.764848
91.0	140.0	0.389067	-0.852886	0.937436	0.812424
173.0	142.0	0.457703	-0.653060	0.797483	0.877811
573.0	142.0	0.112314	0.545752	0.557189	0.891669
582.0	141.0	0.138544	0.535996	0.553612	0.866619
237.0	142.0	0.183154	-0.443522	0.479851	0.878893
755.0	142.0	0.114937	0.993303	0.999931	0.979382
115.0	144.0	0.188676	-0.815285	0.836833	0.740356
540.0	142.0	0.136376	0.464195	0.483814	0.940036
546.0	144.0	0.122738	1.092809	1.099680	0.803653
733.0	145.0	0.104630	0.941572	0.947367	0.994777
675.0	147.0	0.108852	0.770601	0.778251	0.964768
75.0	147.0	0.320741	-0.934080	0.987613	0.754748
755.0	149.0	0.110963	0.964817	0.971177	0.975948
569.0	150.0	0.123844	0.489790	0.505204	0.900745
288.0	150.0	0.412243	-0.278850	0.497696	0.736950
122.0	157.0	0.186392	-0.782217	0.804118	0.869679
541.0	159.0	0.111177	0.541455	0.552751	0.842761
201.0	160.0	0.116180	-0.562443	0.574317	0.956584
417.0	162.0	0.107618	0.050421	0.118844	0.863296
476.0	162.0	0.024921	0.208964	0.210445	0.896347
374.0	163.0	0.140906	-0.085793	0.164969	0.834958
308.0	166.0	0.101477	-0.324026	0.339545	0.718525
352.0	168.0	0.092523	-0.119088	0.150806	0.995760
725.0	169.0	0.052901	0.917439	0.918963	0.955504
326.0	171.0	0.077008	-0.204489	0.218509	0.769982
471.0	171.0	0.084527	0.190168	0.208107	0.901963
302.0	173.0	0.064431	-0.245601	0.253912	0.700915
449.0	174.0	0.051557	0.150885	0.159451	0.890322
600.0	173.0	0.086848	0.469256	0.477225	0.909904
552.0	174.0	0.078262	0.235197	0.247876	0.849130
444.0	177.0	0.051556	0.150886	0.159451	0.890320
652.0	179.0	0.008869	0.704880	0.704936	0.983348
473.0	180.0	0.059308	0.145110	0.156762	0.936450
765.0	180.0	0.018445	1.019325	1.019492	0.978842
188.0	183.0	0.003449	-0.583794	0.583805	0.904249
385.0	183.0	0.025815	-0.040602	0.048113	0.955029
210.0	184.0	0.063506	-0.530883	0.534667	0.838216
412.0	185.0	0.042009	0.075693	0.086569	0.972348
524.0	187.0	0.022703	0.350864	0.351598	0.981229
606.0	189.0	0.019245	0.494298	0.494672	0.834705
48.0	194.0	0.064476	-0.979597	0.981717	0.932852
562.0	195.0	-0.021606	0.452637	0.453152	0.823136
608.0	194.0	0.019945	0.522915	0.523295	0.826539
77.0	203.0	0.150873	-0.897653	0.910244	0.849705
555.0	203.0	-0.012466	0.375415	0.375622	0.859089
677.0	205.0	-0.003525	0.877178	0.877185	0.919240
323.0	212.0	0.032859	-0.194970	0.197720	0.983096
173.0	214.0	-0.023187	-0.640687	0.641107	0.797904
395.0	216.0	-0.045192	-0.018319	0.048764	0.928074
728.0	217.0	-0.093726	0.911774	0.916578	0.996360
241.0	224.0	-0.045541	-0.444958	0.447282	0.971374
666.0	226.0	-0.107079	0.746708	0.754347	0.882922
698.0	226.0	-0.217109	0.854278	0.881435	0.688904
332.0	228.0	-0.073872	-0.062970	0.097068	0.980151
498.0	233.0	-0.107081	0.269803	0.290275	0.987911
628.0	234.0	-0.141223	0.615279	0.631278	0.872400
604.0	236.0	-0.207175	0.574406	0.610626	0.787610
751.0	237.0	-0.153805	0.966284	0.978448	0.987608
614.0	239.0	-0.278161	0.583130	0.646076	0.787504
403.0	237.0	-0.139414	0.048154	0.147495	0.929169
609.0	239.0	-0.193964	0.580201	0.611764	0.793766
527.0	241.0	-0.134140	0.204987	0.244976	0.960733
114.0	243.0	-0.083670	-0.799255	0.803623	0.865658
710.0	242.0	0.028050	0.653340	0.653942	0.856511
591.0	244.0	-0.151218	0.547808	0.568296	0.941684
134.0	246.0	-0.094551	-0.751877	0.757799	0.987955
339.0	246.0	-0.120860	-0.155871	0.197238	0.990160
402.0	250.0	-0.176459	-0.005610	0.176548	0.763217
283.0	253.0	-0.130479	-0.334546	0.359091	0.979982
272.0	256.0	-0.135902	-0.448473	0.468613	0.947769
50.0	256.0	-0.126277	-1.016324	1.024139	0.864555
393.0	258.0	-0.154965	-0.024420	0.156877	0.850687
762.0	261.0	-0.224148	0.999571	1.024395	0.943383
333.0	262.0	-0.091027	-0.132754	0.160964	0.983584
316.0	262.0	-0.172126	-0.241461	0.296531	0.987613
243.0	264.0	-0.164757	-0.444401	0.473959	0.910480
37.0	266.0	-0.201422	-1.005762	1.025733	0.800786
469.0	264.0	-0.200956	0.207644	0.288963	0.932366
603.0	265.0	-0.208249	0.561432	0.598810	0.911313
727.0	266.0	-0.373045	0.908484	0.982093	0.785187
709.0	268.0	-0.237421	0.849720	0.882266	0.972239
44.0	273.0	0.044569	-0.959026	0.960061	0.870057
268.0	271.0	-0.156137	-0.439629	0.466533	0.866854
292.0	272.0	-0.188412	-0.334664	0.384056	0.970425
434.0	273.0	-0.219639	0.093338	0.238649	0.837022
176.0	280.0	-0.199107	-0.635027	0.665509	0.769780
386.0	280.0	-0.224884	-0.055852	0.231716	0.990335
596.0	284.0	-0.266120	0.543677	0.605313	0.926811
93.0	285.0	-0.194895	-0.865712	0.887379	0.991055
729.0	285.0	-0.319154	0.825269	0.884832	0.944692
290.0	287.0	-0.309067	-0.373356	0.484683	0.947491
309.0	291.0	-0.339150	-0.278698	0.438971	0.859950
453.0	292.0	-0.281075	0.029510	0.282620	0.685624
531.0	291.0	-0.273268	0.342744	0.438348	0.964569
659.0	298.0	-0.319752	0.713344	0.781729	0.737757
741.0	298.0	-0.303940	0.889965	0.940434	0.917217
405.0	302.0	-0.289005	-0.047460	0.292876	0.942311
447.0	300.0	-0.295197	0.283097	0.409005	0.735339
38.0	303.0	-0.243090	-1.021765	1.050284	0.976409
251.0	306.0	-0.448250	-0.420242	0.614436	0.898787
449.0	305.0	-0.299404	0.134198	0.328103	0.759804
658.0	305.0	-0.325103	0.859696	0.919113	0.788085
56.0	308.0	-0.450615	-1.155363	1.240128	0.797383
664.0	308.0	-0.341451	0.723327	0.799870	0.808799
743.0	310.0	-0.364556	0.915273	0.985203	0.924390
76.0	310.0	-0.320260	-0.915159	0.969578	0.935294
153.0	315.0	-0.293759	-0.698784	0.758020	0.973263
326.0	313.0	-0.219111	-0.184046	0.286152	0.797729
448.0	314.0	-0.305277	0.182778	0.355811	0.674348
729.0	314.0	-0.494289	0.931697	1.054694	0.926444
313.0	315.0	-0.148672	-0.225147	0.269804	0.903358
759.0	315.0	-0.312098	0.972409	1.021266	0.981373
490.0	316.0	-0.336176	0.234661	0.409976	0.975197
115.0	316.0	-0.290586	-0.791604	0.843254	0.770122
582.0	318.0	-0.378510	0.454784	0.591691	0.872355
366.0	319.0	-0.327485	-0.108731	0.345064	0.978625
666.0	320.0	-0.361055	0.891179	0.961541	0.798244
274.0	321.0	-0.308176	-0.377665	0.487446	0.792683
126.0	320.0	-0.277322	-0.792330	0.839460	0.872957
270.0	329.0	-0.332804	-0.377757	0.503448	0.777020
462.0	330.0	-0.355564	0.098692	0.369007	0.976381
227.0	332.0	-0.348535	-0.410753	0.538698	0.882523
346.0	334.0	-0.365804	-0.195558	0.414795	0.814508
373.0	338.0	-0.383239	-0.078878	0.391272	0.973371
165.0	342.0	-0.559787	-0.361190	0.666198	0.750411
497.0	340.0	-0.408793	0.255928	0.482298	0.963752
132.0	347.0	-0.373241	-0.760725	0.847356	0.971873
701.0	348.0	-0.453001	0.814598	0.932083	0.874321
477.0	350.0	-0.463659	0.211471	0.509607	0.907365
51.0	351.0	-0.379050	-0.990331	1.060393	0.861794
353.0	350.0	-0.408687	-0.351326	0.538939	0.796910
150.0	356.0	-0.409425	-0.682330	0.795741	0.896337
398.0	358.0	-0.575976	0.017819	0.576252	0.951261
480.0	364.0	-0.471950	0.281913	0.549738	0.852614
575.0	362.0	-0.473348	0.461846	0.661332	0.937570
727.0	363.0	-0.466247	0.888943	1.003796	0.921074
401.0	367.0	-0.454320	-0.022458	0.454875	0.964393
