98.0	32.0	0.500288	-0.813444	0.954976	0.885939
437.0	33.0	0.508028	0.121102	0.522262	0.948259
504.0	34.0	0.445800	0.311052	0.543591	0.726411
532.0	33.0	0.429887	0.376496	0.571447	0.939479
623.0	38.0	0.336720	0.630084	0.714413	0.855349
329.0	42.0	0.492932	-0.186717	0.527110	0.773479
312.0	42.0	0.736362	-0.239311	0.774274	0.829514
283.0	43.0	0.423267	-0.140185	0.445877	0.813267
617.0	46.0	0.401405	0.630066	0.747067	0.835372
420.0	47.0	0.421722	0.064318	0.426598	0.960817
74.0	53.0	0.455065	-0.716763	0.849019	0.873569
411.0	53.0	0.416326	0.062623	0.421009	0.962767
641.0	54.0	0.233922	0.695992	0.734251	0.843028
524.0	55.0	-1.034854	0.346217	1.091233	0.778053
597.0	57.0	0.376392	0.570722	0.683662	0.953100
297.0	58.0	0.536741	-0.297248	0.613553	0.789643
375.0	59.0	0.370907	-0.099067	0.383909	0.862342
481.0	60.0	0.376954	0.244697	0.449412	0.970973
123.0	60.0	0.428276	-0.761984	0.874094	0.961795
506.0	62.0	0.369489	0.286667	0.467654	0.953221
368.0	64.0	0.382574	-0.097497	0.394802	0.880727
724.0	69.0	0.319975	0.912465	0.966942	0.977198
387.0	70.0	0.394632	-0.047781	0.397514	0.865075
176.0	71.0	0.380449	-0.606665	0.716089	0.956052
139.0	77.0	0.417474	-0.602797	0.733246	0.948312
361.0	75.0	0.540634	-0.196378	0.575195	0.872734
742.0	76.0	0.039877	0.968641	0.969461	0.853762
476.0	81.0	0.321085	0.227599	0.393569	0.950806
414.0	81.0	0.332620	0.065550	0.339018	0.783468
431.0	85.0	0.502382	0.104691	0.513175	0.930859
761.0	84.0	0.246878	1.015280	1.044864	0.764017
582.0	88.0	0.274151	0.509428	0.578512	0.851072
396.0	88.0	0.317721	-0.017864	0.318223	0.833652
131.0	91.0	0.328482	-0.710523	0.782780	0.939133
762.0	92.0	0.245127	1.015334	1.044505	0.764067
59.0	93.0	0.938687	-0.928087	1.320030	0.776489
714.0	93.0	0.245898	0.854209	0.888897	0.753746
701.0	96.0	0.060728	0.853981	0.856137	0.801411
542.0	97.0	0.255560	0.419088	0.490862	0.839784
574.0	98.0	0.273185	0.510749	0.579219	0.941771
31.0	100.0	0.279941	-1.134204	1.168240	0.949563
338.0	100.0	0.280641	-0.160891	0.323489	0.983726
382.0	101.0	0.424271	-0.062941	0.428914	0.954255
282.0	104.0	0.280280	-0.319089	0.424706	0.794101
667.0	105.0	0.147550	0.788178	0.801870	0.854523
549.0	106.0	0.257989	0.420714	0.493517	0.964050
181.0	109.0	0.277073	-0.594164	0.655591	0.963591
461.0	111.0	0.236532	0.182263	0.298609	0.986995
216.0	113.0	0.268770	-0.489580	0.558503	0.952859
436.0	115.0	0.230183	0.113600	0.256689	0.982488
680.0	113.0	0.196258	0.741892	0.767412	0.825821
716.0	114.0	0.377016	0.750694	0.840049	0.826237
669.0	118.0	0.237911	0.762706	0.798950	0.820423
338.0	119.0	0.272794	-0.220028	0.350470	0.894094
374.0	120.0	0.171653	0.127707	0.213948	0.912593
695.0	120.0	0.371880	0.812490	0.893552	0.892261
707.0	121.0	0.306039	0.801412	0.857858	0.903320
283.0	123.0	0.227070	-0.311869	0.385776	0.978212
137.0	122.0	0.246845	-0.707464	0.749292	0.971047
617.0	131.0	0.146910	0.604463	0.622060	0.733932
377.0	134.0	0.196491	-0.002578	0.196508	0.971145
723.0	136.0	0.104696	0.990733	0.996249	0.850541
179.0	137.0	0.212143	-0.598402	0.634893	0.969082
97.0	138.0	0.046669	-0.891493	0.892714	0.943800
121.0	139.0	0.188532	-0.763716	0.786643	0.984612
145.0	140.0	0.107095	-0.614899	0.624156	0.928357
79.0	140.0	0.124989	-0.924548	0.932958	0.964569
160.0	141.0	0.114703	-0.694186	0.703598	0.862975
628.0	142.0	0.154521	0.627508	0.646253	0.724956
674.0	145.0	0.128526	0.643729	0.656434	0.877464
322.0	145.0	0.165767	-0.207963	0.265946	0.839702
682.0	147.0	0.158186	0.736488	0.753285	0.855023
591.0	150.0	0.114838	0.535794	0.547962	0.951802
653.0	151.0	0.252101	0.693347	0.737757	0.882912
397.0	151.0	0.242633	-0.013275	0.242996	0.873147
650.0	149.0	0.259394	0.692793	0.739761	0.914812
205.0	154.0	-0.021072	-0.657130	0.657468	0.765774
241.0	157.0	0.139550	-0.433569	0.455474	0.970048
366.0	158.0	0.112158	-0.123440	0.166784	0.983910
456.0	161.0	0.098978	0.160351	0.188438	0.822735
666.0	161.0	0.213278	0.502772	0.546138	0.792115
33.0	165.0	0.262922	-1.008313	1.042029	0.946715
270.0	164.0	0.116175	-0.359937	0.378222	0.962400
48.0	167.0	0.059674	-0.987408	0.989209	0.961421
182.0	166.0	0.122503	-0.600495	0.612863	0.822079
65.0	173.0	-0.056142	-0.933598	0.935285	0.974731
300.0	173.0	0.074183	-0.186582	0.200788	0.988672
654.0	172.0	0.030757	0.721919	0.722573	0.957871
634.0	175.0	0.011888	0.641189	0.641299	0.927632
445.0	180.0	0.059141	0.132142	0.144773	0.995165
417.0	183.0	0.052967	0.035876	0.063973	0.915719
382.0	184.0	0.042660	-0.046764	0.063299	0.999048
180.0	185.0	0.060543	-0.592600	0.595685	0.891201
319.0	186.0	0.043478	-0.234805	0.238796	0.799516
626.0	187.0	0.011868	0.635865	0.635975	0.887844
285.0	188.0	0.068121	-0.288247	0.296187	0.839450
188.0	190.0	0.060293	-0.509727	0.513280	0.911323
297.0	195.0	0.067931	-0.293480	0.301239	0.732693
308.0	195.0	0.089667	-0.217751	0.235490	0.757952
502.0	198.0	0.002005	0.301948	0.301955	0.933906
219.0	202.0	0.170779	-0.504377	0.532505	0.846885
413.0	202.0	-0.098988	0.062519	0.117078	0.959504
69.0	204.0	0.054147	-1.183099	1.184338	0.896025
335.0	206.0	-0.010722	-0.181353	0.181670	0.995192
582.0	206.0	-0.042658	0.530278	0.531991	0.854574
593.0	206.0	-0.071258	0.963211	0.965843	0.784644
47.0	209.0	0.022043	-0.983594	0.983841	0.999862
204.0	209.0	1.484918	-0.523195	1.574394	0.725614
278.0	214.0	-0.026397	-0.357433	0.358407	0.971539
463.0	213.0	-0.045117	0.173121	0.178904	0.993499
125.0	216.0	-0.010605	-0.775073	0.775145	0.992323
265.0	218.0	-0.061420	-0.358647	0.363868	0.980750
632.0	217.0	-0.185932	0.826432	0.847090	0.815138
647.0	217.0	-0.055158	0.841894	0.843699	0.775794
743.0	218.0	-0.122667	1.145338	1.151888	0.805141
434.0	220.0	-0.075509	0.078822	0.109153	0.931108
600.0	220.0	-0.070242	0.731526	0.734890	0.802758
419.0	226.0	0.019647	0.091275	0.093366	0.933889
555.0	225.0	-0.055874	0.427559	0.431195	0.847330
407.0	227.0	-0.075888	0.121158	0.142962	0.885143
424.0	225.0	-0.040875	0.061517	0.073859	0.918086
640.0	230.0	-0.105323	0.669408	0.677643	0.799665
666.0	234.0	-0.127497	0.736431	0.747386	0.936832
418.0	241.0	-0.084721	-0.038037	0.092868	0.948068
373.0	244.0	-0.121858	-0.083578	0.147765	0.996826
708.0	246.0	-0.459427	0.835181	0.953205	0.713273
485.0	248.0	-0.141918	0.232996	0.272815	0.948328
730.0	249.0	-0.315746	0.913144	0.966193	0.709008
336.0	252.0	-0.186936	-0.195403	0.270421	0.929567
107.0	254.0	-0.110656	-0.936863	0.943375	0.726657
595.0	255.0	-0.174480	0.537964	0.565551	0.836892
37.0	254.0	-0.117125	-1.047048	1.053579	0.798663
324.0	256.0	-0.147270	-0.195137	0.244473	0.937689
100.0	256.0	-8.184489	1.335586	8.292747	0.930276
545.0	258.0	-0.182504	0.398465	0.438272	0.876336
411.0	266.0	-0.182469	0.023318	0.183953	0.850623
663.0	269.0	-0.261920	0.719194	0.765403	0.969074
216.0	276.0	-0.306530	-0.434075	0.531396	0.908366
124.0	279.0	0.000240	-0.775410	0.775410	0.744562
316.0	280.0	-0.217924	-0.466100	0.514529	0.910694
711.0	280.0	-0.261292	0.877261	0.915347	0.983270
742.0	281.0	-0.267920	0.938613	0.976102	0.985104
469.0	282.0	-0.247244	0.397051	0.467738	0.901217
41.0	284.0	-0.205663	-1.017698	1.038271	0.953045
516.0	286.0	-0.243029	0.286628	0.375791	0.885796
564.0	285.0	-0.257207	0.426604	0.498143	0.961392
347.0	288.0	-0.261257	-0.153477	0.303003	0.846903
619.0	295.0	-0.341890	0.594831	0.686085	0.911922
241.0	295.0	-0.248348	-0.419013	0.487082	0.708845
36.0	297.0	-0.207183	-1.018486	1.039345	0.952541
525.0	296.0	-0.241525	0.287045	0.375138	0.838026
467.0	298.0	-0.251728	0.541595	0.597237	0.859385
413.0	302.0	-0.301178	0.035064	0.303212	0.875257
149.0	306.0	-0.260634	-0.719611	0.765356	0.936118
419.0	308.0	-0.326998	0.034538	0.328817	0.827435
116.0	309.0	-0.263996	-0.803417	0.845678	0.928769
572.0	312.0	-0.331861	0.465422	0.571620	0.693806
213.0	315.0	-0.295786	-0.535393	0.611666	0.905622
41.0	316.0	-0.121325	-1.013510	1.020746	0.948654
364.0	317.0	-0.201219	-0.123026	0.235849	0.919386
654.0	317.0	-0.361805	0.692398	0.781229	0.964761
313.0	317.0	-0.283894	-0.244048	0.374373	0.801561
394.0	319.0	-0.332333	-0.000114	0.332333	0.771529
239.0	320.0	-0.289908	-0.614068	0.679063	0.799837
476.0	321.0	-0.354105	0.197922	0.405664	0.805539
606.0	323.0	-0.370845	0.554996	0.667493	0.950379
289.0	325.0	-0.446364	-0.323205	0.551092	0.899540
267.0	326.0	-0.332794	-0.412614	0.530096	0.719284
755.0	328.0	-0.402824	0.961738	1.042692	0.915499
523.0	328.0	-0.908080	0.109450	0.914652	0.734101
136.0	335.0	-0.405639	-0.749283	0.852037	0.839778
742.0	338.0	-0.337400	0.956405	1.014174	0.772868
592.0	340.0	-0.230157	0.317629	0.392250	0.892865
192.0	343.0	-0.327655	-0.605596	0.688552	0.939923
730.0	345.0	-0.457286	0.943740	1.048692	0.850076
31.0	350.0	-0.368595	-1.058664	1.120996	0.965807
526.0	351.0	-0.586918	0.335737	0.676160	0.816242
403.0	352.0	-0.430124	-0.003107	0.430135	0.968432
724.0	351.0	-0.464086	0.887475	1.001493	0.842105
100.0	354.0	-0.387748	-0.850643	0.934849	0.966302
539.0	354.0	-0.481400	0.336480	0.587337	0.782162
156.0	357.0	-0.414667	-0.688895	0.804068	0.918893
267.0	359.0	-0.446482	0.504635	0.673798	0.754874
489.0	361.0	-0.466086	0.227822	0.518786	0.958415
200.0	363.0	-0.429311	-0.577396	0.719510	0.948576
301.0	367.0	-0.445395	-0.594999	0.743237	0.858710
154.0	369.0	-0.384530	-0.697274	0.796275	0.877553
