276.0	30.0	0.482231	-0.310892	0.573760	0.942972
319.0	33.0	0.447674	-0.163754	0.476683	0.882563
172.0	34.0	0.572445	-0.573643	0.810407	0.840295
459.0	35.0	0.449705	0.187683	0.487299	0.958882
562.0	34.0	0.477459	0.484314	0.680093	0.917072
281.0	36.0	0.451841	-0.294121	0.539136	0.944350
296.0	37.0	0.493865	-0.289023	0.572221	0.928007
768.0	41.0	0.331971	1.092843	1.142152	0.826439
167.0	37.0	0.476938	-0.599190	0.765832	0.820342
205.0	39.0	0.469286	-0.527612	0.706119	0.935944
751.0	42.0	0.385301	0.938351	1.014376	0.904922
122.0	43.0	0.488461	-0.761415	0.904625	0.946119
330.0	44.0	0.456964	-0.127353	0.474378	0.912526
440.0	43.0	0.430474	0.130272	0.449754	0.926504
699.0	47.0	0.730981	0.847147	1.118924	0.889006
358.0	48.0	0.432736	-0.092053	0.442419	0.971030
144.0	48.0	0.351585	-0.337677	0.487481	0.810347
108.0	50.0	0.649250	-0.769914	1.007121	0.957074
683.0	50.0	0.400265	0.797327	0.892156	0.811767
670.0	52.0	0.134666	0.777383	0.788961	0.850173
277.0	54.0	0.424330	-0.275616	0.505984	0.959147
631.0	54.0	0.442973	0.642571	0.780463	0.823962
647.0	54.0	0.451099	0.698750	0.831710	0.946646
542.0	56.0	0.383595	0.173330	0.420937	0.867684
728.0	54.0	0.367812	0.930826	1.000861	0.797015
211.0	57.0	0.040729	-0.527452	0.529023	0.865635
193.0	60.0	0.563807	-0.558796	0.793808	0.875259
154.0	64.0	0.419160	-0.482009	0.638770	0.911302
454.0	64.0	0.344701	0.150162	0.375989	0.852700
581.0	65.0	0.349255	0.462056	0.579202	0.942844
178.0	66.0	0.485522	-0.597925	0.770225	0.861198
120.0	70.0	0.395619	-0.761273	0.857934	0.968822
460.0	73.0	0.999482	0.295639	1.042289	0.797988
475.0	74.0	0.399192	0.311948	0.506622	0.877498
175.0	75.0	0.628204	-0.663120	0.913437	0.795476
386.0	76.0	0.379749	-0.118752	0.397884	0.878055
244.0	77.0	0.315191	-0.419436	0.524664	0.832597
524.0	75.0	0.354463	0.353544	0.500637	0.725827
688.0	78.0	0.360273	0.807235	0.883983	0.901571
53.0	80.0	0.369016	-0.923126	0.994150	0.848698
734.0	79.0	0.285206	0.950021	0.991909	0.985398
446.0	80.0	0.483523	0.089798	0.491791	0.930533
440.0	80.0	0.412412	0.012183	0.412592	0.959828
371.0	83.0	1.162945	-0.059267	1.164455	0.891989
49.0	84.0	0.399483	-0.886802	0.972628	0.838493
137.0	86.0	1.151793	-0.447499	1.235670	0.660125
398.0	89.0	0.281070	-0.013732	0.281406	0.915652
757.0	88.0	0.147691	1.035942	1.046417	0.921996
180.0	91.0	0.365389	-0.905533	0.976473	0.855151
119.0	92.0	0.264625	-0.790666	0.833774	0.970385
573.0	90.0	-7.415144	-4.604328	8.728356	0.611136
293.0	95.0	0.308845	-0.455137	0.550032	0.722565
501.0	94.0	0.175316	0.303791	0.350748	0.790994
152.0	99.0	0.578476	-0.537422	0.789593	0.718664
713.0	100.0	0.219088	0.865598	0.892894	0.957051
366.0	104.0	0.271926	-0.079572	0.283329	0.988397
467.0	106.0	0.253738	0.147384	0.293437	0.849279
766.0	105.0	0.209628	1.076558	1.096777	0.877255
574.0	110.0	0.219243	0.435826	0.487865	0.869980
290.0	108.0	0.308367	-0.294003	0.426061	0.718829
320.0	109.0	0.209741	-0.018294	0.210538	0.780876
702.0	110.0	0.206662	0.865739	0.890064	0.951852
111.0	114.0	0.259096	-0.778944	0.820905	0.937979
767.0	114.0	0.140400	0.989542	0.999453	0.865407
416.0	120.0	0.221230	0.061267	0.229557	0.971511
577.0	123.0	0.218571	0.410578	0.465132	0.870890
122.0	125.0	0.240472	-0.787155	0.823067	0.848344
337.0	126.0	0.302996	-0.240560	0.386880	0.863619
306.0	125.0	0.141392	-0.111912	0.180322	0.958514
316.0	126.0	0.263050	-0.201076	0.331100	0.902957
165.0	126.0	0.239350	-0.636407	0.679929	0.967742
605.0	131.0	0.427082	0.754881	0.867320	0.923015
76.0	135.0	0.241621	-0.804184	0.839698	0.821980
325.0	134.0	0.176612	-0.267383	0.320445	0.903925
194.0	135.0	0.113110	-0.517952	0.530159	0.856802
494.0	134.0	0.818970	0.310285	0.875779	0.728104
648.0	135.0	0.116496	0.748671	0.757681	0.914152
266.0	137.0	0.189438	-0.374036	0.419273	0.706021
508.0	137.0	0.237234	0.311407	0.391477	0.773150
79.0	146.0	0.276095	-0.889343	0.931214	0.909148
654.0	148.0	0.116245	0.710949	0.720390	0.911236
718.0	150.0	0.084407	0.892048	0.896033	0.929312
553.0	153.0	0.108272	0.435377	0.448638	0.777473
599.0	154.0	0.099450	0.560964	0.569712	0.951254
161.0	157.0	0.152411	-0.660912	0.678258	0.779787
56.0	158.0	0.174038	-0.907467	0.924005	0.858455
198.0	162.0	0.132480	-0.635771	0.649427	0.753592
403.0	164.0	0.097933	0.011490	0.098605	0.998539
318.0	169.0	0.096327	-0.223028	0.242942	0.989893
643.0	167.0	0.037223	0.666920	0.667958	0.887748
495.0	169.0	0.050376	0.297895	0.302124	0.957093
664.0	170.0	0.133055	0.743687	0.755496	0.947900
717.0	170.0	0.044005	0.881405	0.882503	0.996254
677.0	172.0	0.045063	0.756307	0.757648	0.953479
561.0	173.0	0.040565	0.444349	0.446197	0.782199
633.0	175.0	0.045589	0.660904	0.662475	0.797027
348.0	175.0	0.079176	-0.054806	0.096294	0.921072
649.0	176.0	0.149304	0.687359	0.703387	0.848066
48.0	177.0	0.141548	-0.965947	0.976263	0.981811
235.0	180.0	0.083324	-0.456234	0.463780	0.854676
214.0	184.0	0.049901	-0.509633	0.512071	0.886817
559.0	185.0	0.040186	0.450676	0.452464	0.893012
108.0	189.0	-0.258779	-0.741083	0.784965	0.955887
446.0	188.0	0.012773	0.143382	0.143950	0.835297
215.0	193.0	0.050843	-0.509669	0.512199	0.886632
536.0	194.0	-0.034574	0.339254	0.341011	0.976242
445.0	194.0	0.012768	0.116338	0.117037	0.864692
377.0	196.0	0.035717	-0.079023	0.086720	0.829562
71.0	201.0	0.026521	-0.945369	0.945741	0.748386
91.0	203.0	0.029159	-0.903301	0.903772	0.966412
552.0	204.0	-0.107040	0.374911	0.389892	0.954435
563.0	205.0	-0.036806	0.362647	0.364510	0.929355
275.0	207.0	-0.000631	-0.349801	0.349802	0.981804
385.0	206.0	0.047410	-0.059660	0.076204	0.977931
706.0	208.0	-0.060923	0.840843	0.843048	0.994336
521.0	210.0	0.002805	0.297374	0.297387	0.894389
624.0	211.0	-0.059399	0.329369	0.334682	0.905505
254.0	213.0	-0.014996	-0.411039	0.411313	0.972246
528.0	214.0	-0.056637	0.285791	0.291349	0.889320
38.0	214.0	0.063810	-0.937112	0.939282	0.931283
733.0	222.0	-0.155627	0.924165	0.937177	0.943533
393.0	227.0	-0.084986	-0.024384	0.088415	0.996743
429.0	229.0	0.012634	0.178920	0.179366	0.848901
529.0	229.0	-0.070713	0.226320	0.237109	0.870307
375.0	231.0	-0.087731	-0.072165	0.113598	0.998202
665.0	234.0	-0.133647	0.550602	0.566590	0.809313
485.0	235.0	-0.107915	0.230793	0.254777	0.948071
288.0	237.0	-0.088950	-0.330658	0.342413	0.774069
295.0	238.0	-0.118389	-0.359133	0.378144	0.758153
218.0	248.0	-0.109911	-0.521742	0.533194	0.930930
150.0	247.0	-0.104471	-0.722599	0.730112	0.906988
709.0	248.0	-0.190166	0.823258	0.844936	0.945992
409.0	249.0	-0.146967	-0.056935	0.157610	0.990806
267.0	250.0	-0.122250	-0.385408	0.404332	0.973596
656.0	251.0	-0.297097	0.707062	0.766944	0.865598
670.0	251.0	-0.208468	0.715138	0.744904	0.830895
137.0	253.0	-0.312385	-0.574872	0.654265	0.915196
586.0	252.0	-0.178543	0.498323	0.529343	0.901411
664.0	254.0	-0.189175	0.709801	0.734578	0.840221
245.0	254.0	-0.141170	-0.448908	0.470582	0.806968
219.0	256.0	-0.109952	-0.512361	0.524026	0.924155
579.0	257.0	-0.178539	0.498322	0.529340	0.901408
77.0	258.0	0.037919	-0.849013	0.849859	0.874928
428.0	257.0	-0.181745	0.045146	0.187268	0.941725
42.0	263.0	-0.041888	-1.003152	1.004026	0.888376
473.0	264.0	0.040923	0.249496	0.252829	0.820726
612.0	264.0	-0.187528	0.575402	0.605189	0.855157
418.0	265.0	-0.166773	-0.264395	0.312598	0.890705
670.0	265.0	-0.199552	0.788045	0.812918	0.904420
60.0	265.0	-0.636279	-1.088670	1.260974	0.821731
142.0	267.0	-0.145006	-0.722948	0.737347	0.971877
239.0	266.0	-0.145100	-0.442425	0.465612	0.809177
301.0	265.0	-0.024385	-0.290316	0.291339	0.761352
326.0	270.0	-0.186903	-0.216439	0.285970	0.752306
598.0	271.0	0.177798	0.537706	0.566339	0.844372
752.0	269.0	-0.240714	0.946404	0.976536	0.844468
552.0	271.0	-0.137264	0.448955	0.469470	0.926165
137.0	273.0	-0.165449	-0.746154	0.764277	0.949378
578.0	276.0	-0.250545	0.475018	0.537043	0.862603
103.0	277.0	0.124553	-0.849001	0.858088	0.910517
73.0	278.0	-0.161712	-0.825239	0.840934	0.856694
384.0	280.0	-0.221531	-0.057927	0.228980	0.963700
184.0	284.0	-0.206982	-0.660833	0.692490	0.962027
569.0	285.0	-0.203567	0.473045	0.514987	0.946083
117.0	286.0	-0.206178	-0.822310	0.847763	0.882607
136.0	285.0	-0.170278	-0.762794	0.781568	0.974704
585.0	287.0	-0.428139	0.599484	0.736671	0.823625
487.0	289.0	-0.271009	0.233458	0.357699	0.910662
232.0	291.0	-0.288926	-0.496337	0.574307	0.823739
288.0	292.0	-0.237579	-0.320617	0.399048	0.968711
531.0	294.0	-0.283375	0.354696	0.453994	0.865460
754.0	296.0	-0.317127	0.977948	1.028082	0.856574
76.0	299.0	-0.229030	-0.914520	0.942763	0.990743
330.0	303.0	-0.278435	-0.211124	0.349427	0.978905
164.0	306.0	-0.263581	-0.671474	0.721355	0.974453
731.0	304.0	-0.338768	0.904898	0.966232	0.958887
361.0	309.0	-0.310471	-0.016517	0.310910	0.852216
381.0	308.0	-0.298351	-0.048487	0.302265	0.980641
575.0	310.0	-0.335593	0.371486	0.500624	0.864061
427.0	317.0	-0.089441	0.078210	0.118813	0.979956
223.0	319.0	-0.312381	-0.508041	0.596396	0.951121
642.0	319.0	-0.362789	0.659366	0.752582	0.769037
137.0	325.0	-0.316737	-0.753955	0.817784	0.886631
317.0	327.0	-0.347057	-0.237272	0.420413	0.947318
328.0	325.0	-0.323014	-0.237119	0.400704	0.949412
441.0	325.0	-0.302628	0.085163	0.314383	0.961726
760.0	327.0	-0.408878	0.770545	0.872307	0.827235
123.0	329.0	-0.424076	-0.792852	0.899141	0.852615
160.0	333.0	-0.230728	-0.681581	0.719575	0.964572
37.0	335.0	-0.320417	-1.029783	1.078480	0.872637
67.0	336.0	-0.332500	-0.936920	0.994171	0.966479
114.0	340.0	-0.347485	-0.823015	0.893364	0.900516
752.0	340.0	-0.428464	0.960216	1.051473	0.814505
41.0	344.0	-0.334725	-1.031678	1.084620	0.866880
219.0	344.0	-0.380323	-0.522010	0.645864	0.794132
143.0	344.0	-0.299278	-0.632672	0.699886	0.889081
263.0	345.0	-0.279707	-0.404159	0.491509	0.881357
397.0	347.0	-0.653045	-0.036839	0.654083	0.935400
428.0	348.0	-0.165492	-0.005012	0.165568	0.915186
469.0	349.0	-0.426389	0.174278	0.460630	0.968631
582.0	354.0	-0.455442	0.488835	0.668122	0.935553
78.0	357.0	-0.409851	-0.959294	1.043179	0.973321
746.0	357.0	-0.491654	0.842776	0.975703	0.785612
117.0	357.0	-0.345168	-1.635614	1.671638	0.648205
411.0	359.0	-0.438524	0.006217	0.438568	0.864369
289.0	361.0	-0.433959	-0.322369	0.540594	0.779867
510.0	361.0	-0.119449	-0.631438	0.642637	0.723950
421.0	366.0	-0.464215	0.045806	0.466469	0.792336
669.0	365.0	-2.093646	3.093966	3.735771	0.806455
130.0	367.0	-0.509049	-0.793080	0.942394	0.808470
70.0	369.0	-0.408406	-0.929413	1.015187	0.954658
45.0	368.0	-0.353567	-0.880178	0.948537	0.891127
