374.0	31.0	0.492152	-0.023911	0.492732	0.914997
31.0	31.0	0.500375	-0.733675	0.888062	0.779795
509.0	32.0	0.463827	0.308671	0.557147	0.890153
467.0	36.0	0.450469	0.214403	0.498890	0.963975
763.0	36.0	0.332297	1.050787	1.102078	0.670769
409.0	38.0	0.457450	-0.007344	0.457509	0.668490
112.0	44.0	0.472067	-0.770147	0.903312	0.895457
313.0	42.0	0.427259	-0.227314	0.483965	0.956580
264.0	46.0	0.429362	-0.369391	0.566393	0.895700
253.0	48.0	0.462581	-0.369224	0.591868	0.943554
743.0	48.0	0.342999	1.008870	1.065583	0.945206
419.0	47.0	0.766901	0.221606	0.798277	0.771426
755.0	51.0	0.362915	1.006444	1.069877	0.921130
433.0	55.0	0.415025	0.112607	0.430030	0.760207
520.0	58.0	0.379603	0.359263	0.522655	0.753982
191.0	60.0	0.415788	-0.563845	0.700572	0.931994
762.0	59.0	0.335712	1.039580	1.092442	0.877245
85.0	62.0	0.421843	-0.853473	0.952033	0.949237
158.0	65.0	0.411439	-0.650095	0.769354	0.958541
255.0	69.0	0.385303	-0.384028	0.544000	0.957680
303.0	72.0	0.368823	-0.250760	0.445994	0.971357
462.0	75.0	0.312755	0.163543	0.352933	0.898892
579.0	74.0	0.323299	0.410955	0.522882	0.786181
635.0	74.0	0.316304	0.670869	0.741696	0.969573
111.0	78.0	0.376332	-0.817941	0.900363	0.926719
733.0	79.0	0.170063	0.957083	0.972075	0.912195
746.0	79.0	0.293515	0.974770	1.018002	0.869343
338.0	82.0	0.333938	-0.155225	0.368252	0.921851
581.0	81.0	0.049070	0.616517	0.618467	0.842858
449.0	85.0	0.328973	0.170913	0.370722	0.957424
197.0	87.0	0.341685	-0.530043	0.630630	0.863640
551.0	87.0	0.293165	0.449910	0.536996	0.859149
129.0	87.0	7.008395	-3.819618	7.981671	0.585235
171.0	89.0	0.201024	-0.617409	0.649311	0.948216
475.0	90.0	0.313840	-0.068504	0.321229	0.851555
626.0	90.0	0.287315	0.657228	0.717285	0.948218
358.0	91.0	0.309988	-0.284207	0.420555	0.853368
675.0	89.0	-0.365621	0.741728	0.826946	0.717513
458.0	92.0	0.305688	0.161467	0.345712	0.947479
592.0	94.0	-0.029270	0.725940	0.726530	0.841074
657.0	94.0	0.220069	0.723463	0.756194	0.913711
409.0	102.0	0.339010	0.063571	0.344918	0.966984
339.0	102.0	0.175491	-0.150057	0.230898	0.691079
244.0	105.0	0.286495	-0.418295	0.507001	0.885300
354.0	106.0	0.282581	-0.349629	0.449547	0.675064
517.0	107.0	0.243042	0.336198	0.414847	0.974208
122.0	110.0	0.336929	-0.748386	0.820733	0.697306
696.0	110.0	0.197584	0.832415	0.855543	0.986028
55.0	112.0	0.264920	-0.930441	0.967421	0.724276
186.0	112.0	0.595921	0.247780	0.645381	0.824563
644.0	113.0	0.211817	0.686562	0.718494	0.890968
391.0	114.0	0.239409	-0.002032	0.239418	0.988132
362.0	124.0	0.123976	-0.000748	0.123978	0.970060
200.0	127.0	0.263656	-0.374526	0.458022	0.881436
67.0	129.0	0.253969	-1.063807	1.093703	0.908256
590.0	132.0	0.164105	0.537987	0.562459	0.961358
119.0	140.0	0.216489	-0.768853	0.798751	0.855149
175.0	143.0	0.170304	-0.637347	0.659708	0.902208
604.0	152.0	0.118173	0.579266	0.591197	0.915356
168.0	153.0	0.169029	-0.634120	0.656262	0.871628
256.0	153.0	0.143404	-0.388279	0.413914	0.908683
667.0	157.0	0.088679	0.731875	0.737227	0.796769
72.0	160.0	0.135023	-1.054855	1.063462	0.942678
166.0	161.0	0.160559	-0.591260	0.612672	0.872706
592.0	161.0	0.015732	0.577945	0.578160	0.946412
574.0	165.0	0.072035	0.375695	0.382539	0.950220
660.0	167.0	0.074353	0.708160	0.712052	0.786908
550.0	168.0	0.069222	0.480682	0.485641	0.880579
108.0	168.0	0.074005	0.385754	0.392788	0.654994
187.0	173.0	0.100761	-0.560722	0.569703	0.843585
733.0	172.0	-1.091366	0.904920	1.417731	0.800867
408.0	174.0	0.066293	0.027142	0.071634	0.848692
464.0	177.0	0.069885	0.179144	0.192292	0.980090
715.0	179.0	0.008744	0.657429	0.657487	0.938595
684.0	179.0	0.001010	0.886920	0.886920	0.771954
30.0	183.0	0.099483	-1.026608	1.031416	0.955161
120.0	183.0	0.076967	-0.704406	0.708599	0.733042
405.0	181.0	0.008406	0.049127	0.049841	0.844201
87.0	185.0	-0.027260	-0.873275	0.873701	0.964710
608.0	186.0	0.009127	0.672045	0.672107	0.966562
117.0	192.0	0.041550	-0.642927	0.644268	0.767820
682.0	192.0	-0.009690	0.792017	0.792076	0.768937
130.0	191.0	0.179012	-0.644035	0.668451	0.759542
449.0	194.0	-0.025087	0.159017	0.160983	0.971222
726.0	193.0	0.002721	0.852774	0.852779	0.694861
239.0	194.0	0.038786	-0.448286	0.449961	0.970051
73.0	204.0	0.036151	-0.908193	0.908912	0.847061
517.0	204.0	-0.028510	0.317037	0.318317	0.983222
549.0	204.0	-0.034116	0.416918	0.418312	0.951377
165.0	208.0	0.059119	-0.741288	0.743642	0.962078
101.0	209.0	-0.149859	-0.786254	0.800408	0.916188
112.0	210.0	0.011214	-0.730248	0.730334	0.883847
594.0	214.0	-0.050779	0.510932	0.513449	0.861529
185.0	215.0	-0.076269	-0.599430	0.604263	0.905625
350.0	215.0	-0.111223	-0.221247	0.247631	0.846749
700.0	215.0	-0.080399	0.840042	0.843881	0.995144
255.0	217.0	-0.051194	-0.367091	0.370644	0.826116
467.0	219.0	-0.064603	0.123060	0.138987	0.851222
616.0	219.0	-0.077041	0.602189	0.607097	0.970063
742.0	220.0	-0.108002	0.941113	0.947289	0.802388
424.0	221.0	-0.065249	0.069179	0.095096	0.858360
172.0	222.0	0.085710	-0.611697	0.617672	0.903018
200.0	223.0	-0.009355	-0.588832	0.588907	0.882826
278.0	224.0	-0.099715	-0.330581	0.345292	0.725275
643.0	225.0	-0.102226	0.673678	0.681390	0.799628
220.0	225.0	-0.051369	-0.506216	0.508815	0.951598
731.0	226.0	-0.107700	0.941162	0.947304	0.799357
283.0	230.0	-0.085220	-0.324284	0.335295	0.721735
246.0	230.0	-0.061433	-0.409221	0.413807	0.846237
472.0	232.0	-0.075177	0.193007	0.207131	0.925320
294.0	238.0	0.050331	-0.307536	0.311628	0.813320
242.0	240.0	-0.403036	-0.425035	0.585741	0.806266
411.0	242.0	-0.121795	0.028340	0.125048	0.997071
312.0	243.0	-0.017673	-0.254109	0.254723	0.981310
205.0	243.0	-0.125972	-0.531430	0.546156	0.856829
389.0	245.0	-0.172890	0.170760	0.243002	0.966579
510.0	249.0	-0.185889	0.399313	0.440461	0.910627
698.0	252.0	-0.187287	0.824798	0.845795	0.968321
199.0	253.0	-0.108998	-0.557016	0.567580	0.850412
216.0	253.0	-0.142332	-0.525822	0.544745	0.782746
608.0	255.0	-0.181906	0.569613	0.597954	0.774873
521.0	257.0	-0.159770	0.311463	0.350051	0.953219
360.0	258.0	-0.155263	-0.117004	0.194413	0.970783
584.0	259.0	-0.185123	0.613527	0.640848	0.759914
618.0	257.0	9.459018	2.092948	9.687799	0.966060
551.0	258.0	-0.176111	0.419292	0.454776	0.965603
180.0	267.0	-0.113555	-0.629671	0.639828	0.865210
679.0	268.0	-0.246922	1.266770	1.290611	0.709042
730.0	270.0	-0.241582	0.906564	0.938200	0.989228
81.0	274.0	-0.163815	-0.895051	0.909919	0.994490
474.0	278.0	0.072570	0.217988	0.229751	0.893909
224.0	279.0	-0.117821	-0.495692	0.509502	0.788610
755.0	281.0	-0.243274	0.956746	0.987191	0.969356
669.0	284.0	-0.273373	0.796999	0.842580	0.827220
337.0	286.0	-0.261957	-0.178050	0.316738	0.985061
488.0	288.0	-0.240409	0.208555	0.318264	0.909758
737.0	290.0	-0.283198	0.936980	0.978842	0.711862
350.0	297.0	-0.242124	-0.175557	0.299072	0.970908
125.0	299.0	-0.232878	-0.795576	0.828959	0.661469
476.0	300.0	-0.275310	0.224842	0.355457	0.919899
565.0	300.0	-0.335668	0.448852	0.560483	0.757912
230.0	305.0	-0.271606	-0.506219	0.574480	0.920014
313.0	307.0	-0.228181	-0.463565	0.516681	0.730430
747.0	307.0	-0.347587	1.003706	1.062188	0.856504
390.0	308.0	-0.302391	-0.241649	0.387084	0.947432
650.0	314.0	-0.362784	0.782631	0.862626	0.907204
298.0	313.0	0.610261	-0.260943	0.663709	0.682702
454.0	315.0	-0.314300	0.136379	0.342613	0.964720
768.0	315.0	-0.202856	1.050112	1.069526	0.892047
65.0	317.0	-0.302408	-0.891144	0.941057	0.640152
201.0	320.0	-0.305694	-0.569669	0.646507	0.941397
42.0	324.0	-0.295240	-0.988194	1.031356	0.851198
59.0	326.0	-0.326384	-0.764518	0.831273	0.607373
125.0	326.0	-0.228432	-0.790820	0.823151	0.901977
167.0	327.0	-0.323598	-0.642717	0.719584	0.960678
77.0	329.0	-0.312522	-0.924146	0.975560	0.704731
742.0	330.0	-0.410394	0.920689	1.008013	0.940668
68.0	339.0	-0.314596	-0.903364	0.956576	0.704242
550.0	340.0	-0.402303	0.391575	0.561408	0.816294
316.0	344.0	-0.389031	-0.244462	0.459463	0.902640
542.0	342.0	-8.503578	1.903723	8.714069	0.850204
401.0	344.0	-0.406431	-0.010365	0.406563	0.925649
266.0	346.0	-0.382309	-0.392054	0.547600	0.955760
455.0	349.0	-0.423464	0.132034	0.443571	0.934837
495.0	350.0	-0.430760	0.249594	0.497847	0.847303
185.0	352.0	-0.394712	-0.616080	0.731677	0.837589
715.0	351.0	-0.498215	0.771171	0.918108	0.807272
756.0	350.0	-0.450138	1.010760	1.106463	0.800002
142.0	352.0	-0.390573	-0.737160	0.834238	0.775517
500.0	355.0	-0.501312	0.248801	0.559657	0.809662
476.0	356.0	-0.442109	0.000149	0.442109	0.909723
744.0	357.0	-0.400574	0.888628	0.974741	0.792658
180.0	356.0	-0.395964	-0.615984	0.732273	0.839938
287.0	362.0	-0.441288	-0.335397	0.554280	0.839686
597.0	363.0	-0.480556	0.527938	0.713899	0.936026
768.0	365.0	-0.560657	1.046803	1.187490	0.848465
440.0	367.0	-0.353020	0.142825	0.380818	0.884668
33.0	367.0	-0.416779	-1.060657	1.139605	0.970995
