108.0	30.0	0.549516	-0.969967	1.114811	0.686228
180.0	30.0	0.491997	-0.587906	0.766612	0.940905
31.0	31.0	-7.201669	6.073813	9.421000	0.907139
374.0	31.0	0.477150	-0.175911	0.508543	0.792647
353.0	34.0	0.476362	-0.101759	0.487110	0.912886
751.0	33.0	0.386925	0.984961	1.058234	0.759235
763.0	36.0	0.414904	0.995538	1.078537	0.753438
637.0	45.0	0.393184	0.681124	0.786463	0.963374
714.0	48.0	0.385459	1.015204	1.085918	0.938824
71.0	51.0	0.104429	-0.813045	0.819724	0.888295
600.0	49.0	0.386498	0.804448	0.892478	0.916110
237.0	56.0	0.343878	-0.433059	0.552984	0.934802
759.0	62.0	0.419642	1.223572	1.293533	0.757120
758.0	60.0	0.445336	0.941303	1.041334	0.715598
335.0	62.0	0.365551	-0.139140	0.391136	0.869981
517.0	65.0	0.347364	0.300742	0.459465	0.782850
187.0	74.0	0.385882	-0.660244	0.764740	0.884648
332.0	72.0	0.366287	-0.170380	0.403975	0.826318
130.0	74.0	0.382945	-0.859506	0.940956	0.870863
750.0	76.0	0.454754	1.162462	1.248246	0.890000
278.0	78.0	0.354495	-0.325655	0.481371	0.966725
581.0	81.0	0.307106	0.401703	0.505648	0.769615
717.0	86.0	0.216808	0.898799	0.924578	0.986752
128.0	87.0	0.414203	-0.733182	0.842093	0.849908
575.0	87.0	0.244435	0.508473	0.564175	0.830406
551.0	87.0	0.295211	0.436306	0.526794	0.959252
102.0	91.0	0.345041	-0.813306	0.883470	0.890096
475.0	90.0	0.390034	0.378655	0.543605	0.650414
171.0	90.0	1.586279	-0.574664	1.687163	0.680176
217.0	93.0	0.293918	-0.479747	0.562624	0.838780
591.0	94.0	0.022977	0.513380	0.513894	0.820882
484.0	100.0	0.273514	0.247263	0.368713	0.781637
254.0	100.0	0.298886	-0.396223	0.496312	0.755814
582.0	99.0	0.296460	0.500178	0.581435	0.754757
735.0	98.0	0.295537	0.966230	1.010417	0.912878
223.0	104.0	0.292138	-0.479560	0.561536	0.837055
740.0	103.0	0.213551	0.961122	0.984560	0.920394
77.0	104.0	0.312604	-0.886437	0.939942	0.897454
276.0	102.0	0.330899	-0.350980	0.482370	0.959392
339.0	103.0	0.244035	-0.158811	0.291160	0.972212
410.0	103.0	-0.475767	-0.537240	0.717622	0.871686
244.0	105.0	0.298400	-0.396259	0.496048	0.754131
517.0	107.0	0.240095	0.351001	0.425262	0.972980
749.0	109.0	0.231857	0.963005	0.990523	0.915331
122.0	110.0	0.297078	-0.749408	0.806143	0.964711
186.0	112.0	0.265804	-0.620525	0.675058	0.911229
55.0	112.0	0.285046	-0.952597	0.994331	0.985128
392.0	114.0	0.231381	-0.011858	0.231685	0.990844
644.0	113.0	0.212748	0.683942	0.716267	0.886791
368.0	120.0	0.196765	0.003537	0.196797	0.841493
553.0	120.0	0.203627	0.435542	0.480792	0.966771
293.0	122.0	0.226023	-0.316730	0.389107	0.890895
450.0	122.0	0.213448	0.150654	0.261260	0.987946
737.0	126.0	0.173239	0.583549	0.608721	0.913009
523.0	129.0	0.072082	0.366376	0.373400	0.902330
323.0	127.0	0.190570	-0.164603	0.251815	0.982661
67.0	129.0	0.249350	-0.924384	0.957425	0.980794
377.0	133.0	0.316486	-0.069590	0.324046	0.849742
623.0	130.0	0.175901	0.600201	0.625446	0.964240
432.0	133.0	0.150591	0.090178	0.175527	0.912702
288.0	134.0	0.225533	-0.297882	0.373629	0.889764
590.0	132.0	0.146023	0.524031	0.543995	0.902768
492.0	137.0	0.161061	0.233076	0.283311	0.950406
194.0	137.0	0.192143	-0.558915	0.591020	0.636182
530.0	139.0	0.155885	0.359768	0.392088	0.901855
536.0	137.0	0.166010	0.352293	0.389448	0.886108
425.0	139.0	0.175443	0.090530	0.197423	0.910705
447.0	142.0	0.097175	0.122246	0.156164	0.886931
342.0	142.0	0.166768	-0.155232	0.227834	0.882580
248.0	144.0	0.169451	-0.416964	0.450080	0.684564
690.0	144.0	0.109904	0.814184	0.821568	0.941397
478.0	148.0	0.119464	0.262700	0.288588	0.974419
450.0	149.0	0.178145	0.135930	0.224082	0.856869
523.0	152.0	0.052604	0.408031	0.411408	0.907724
604.0	153.0	0.090613	0.594107	0.600978	0.644008
689.0	153.0	0.114314	0.816034	0.824002	0.942402
287.0	154.0	0.151952	-0.303944	0.339811	0.935513
166.0	159.0	0.069794	0.538577	0.543081	0.746636
614.0	160.0	0.078517	0.585124	0.590369	0.782716
62.0	160.0	0.160004	-0.927174	0.940879	0.725991
205.0	162.0	0.152557	-0.535517	0.556824	0.963717
592.0	162.0	0.847195	0.590844	1.032878	0.733913
741.0	169.0	0.026027	0.958626	0.958979	0.902758
607.0	169.0	0.177880	0.688214	0.710830	0.806229
521.0	172.0	0.063670	0.338803	0.344734	0.970044
733.0	172.0	0.056241	0.946478	0.948148	0.852217
468.0	177.0	-0.155484	0.197085	0.251033	0.742484
644.0	177.0	0.026272	0.637734	0.638275	0.913395
570.0	180.0	0.031343	0.539435	0.540345	0.890570
750.0	179.0	0.141744	0.939271	0.949906	0.956692
405.0	181.0	0.054923	0.029069	0.062141	0.935860
668.0	182.0	-0.241439	0.779307	0.815851	0.841964
307.0	187.0	-0.003277	-0.241417	0.241439	0.964555
320.0	190.0	0.041384	-0.164631	0.169753	0.932610
119.0	189.0	0.054643	-0.770189	0.772125	0.770291
130.0	191.0	0.109040	-0.759542	0.767329	0.738151
726.0	193.0	-0.026048	0.925169	0.925536	0.780999
116.0	194.0	0.298438	-0.814345	0.867308	0.749801
544.0	198.0	-0.015000	0.400870	0.401151	0.767661
692.0	198.0	-0.006082	0.786209	0.786232	0.679603
108.0	199.0	0.046469	-0.691744	0.693303	0.697522
627.0	200.0	-0.027363	0.631195	0.631788	0.897249
223.0	201.0	-0.057267	-0.446809	0.450464	0.849952
451.0	203.0	-0.012535	0.137084	0.137656	0.821854
344.0	203.0	-0.004180	-0.192356	0.192402	0.888530
309.0	205.0	0.012497	-0.188597	0.189011	0.985984
85.0	214.0	-0.020922	-0.876801	0.877051	0.873513
46.0	215.0	0.003467	-0.980939	0.980945	0.838938
717.0	214.0	0.161214	0.866029	0.880907	0.894602
57.0	215.0	-0.000584	-0.981007	0.981007	0.902098
700.0	215.0	-0.076708	0.780559	0.784319	0.975469
432.0	218.0	-0.061130	0.083451	0.103445	0.806137
557.0	221.0	-0.076827	0.641997	0.646578	0.933024
593.0	221.0	-0.084903	0.530709	0.537457	0.897488
172.0	221.0	-0.097831	-0.466888	0.477028	0.760984
200.0	223.0	-0.759791	-0.589850	0.961876	0.770380
424.0	221.0	-7.744641	3.378096	8.449320	0.902330
220.0	225.0	-0.042854	-0.509313	0.511113	0.927218
345.0	228.0	-0.071302	-0.156175	0.171682	0.883103
246.0	230.0	-0.095641	-0.437486	0.447818	0.948090
523.0	233.0	-0.112320	0.319552	0.338717	0.884258
184.0	234.0	-0.097376	-0.607556	0.615310	0.818019
317.0	237.0	-0.101934	-0.252416	0.272221	0.754514
582.0	240.0	-0.150436	0.487910	0.510575	0.961910
241.0	240.0	-0.082408	-0.437739	0.445428	0.968418
653.0	245.0	-0.253023	0.712327	0.755930	0.944743
290.0	246.0	-0.102267	-0.028497	0.106163	0.804646
157.0	252.0	-0.115008	-0.681236	0.690876	0.977819
349.0	259.0	-0.160834	-0.147668	0.218342	0.824610
551.0	258.0	-0.187543	0.415657	0.456008	0.956653
406.0	258.0	0.126742	0.176441	0.217244	0.738254
446.0	258.0	-0.151403	0.149394	0.212700	0.873071
521.0	258.0	-0.224646	0.408278	0.466001	0.822152
584.0	259.0	-0.130669	0.148363	0.197702	0.884973
698.0	261.0	-0.209764	0.820469	0.846859	0.757580
203.0	261.0	-3.963835	-9.163389	9.983972	0.715987
111.0	264.0	-0.138385	-0.809947	0.821684	0.966118
679.0	268.0	-0.225811	0.761364	0.794145	0.972000
293.0	270.0	-0.181932	-0.309984	0.359429	0.964729
765.0	269.0	-0.243134	0.977761	1.007537	0.793918
730.0	270.0	-0.258007	0.909724	0.945603	0.980474
509.0	274.0	-0.228333	0.648922	0.687921	0.905907
320.0	278.0	-0.241471	-0.177504	0.299694	0.978143
209.0	278.0	-0.319650	-1.253311	1.293431	0.800520
335.0	284.0	-0.230592	-0.185221	0.295769	0.959268
645.0	285.0	-0.250922	0.670755	0.716153	0.865069
671.0	290.0	-0.213945	0.747777	0.777781	0.946563
685.0	290.0	-0.238820	0.758681	0.795381	0.973329
737.0	290.0	-0.315288	0.905582	0.958898	0.845188
389.0	291.0	-0.252633	-0.102763	0.272734	0.965978
317.0	292.0	-0.232546	-0.269013	0.355592	0.972925
290.0	294.0	-0.250202	-0.318088	0.404699	0.976530
361.0	295.0	-0.266380	-0.117498	0.291143	0.934366
598.0	294.0	-0.291918	0.540688	0.614459	0.957279
114.0	296.0	-0.233739	-0.798287	0.831803	0.862685
737.0	299.0	-0.314728	0.922916	0.975104	0.784862
125.0	299.0	-0.230751	-0.798411	0.831088	0.863500
431.0	299.0	-0.293880	0.084137	0.305687	0.983003
229.0	305.0	-0.292820	-0.468749	0.552693	0.795163
160.0	311.0	-0.275865	-0.727142	0.777713	0.942559
298.0	313.0	-0.415088	-0.310459	0.518346	0.916245
76.0	315.0	-0.245222	-1.202677	1.227422	0.848625
593.0	315.0	-0.375564	0.521357	0.642543	0.944429
133.0	316.0	-0.314182	-0.660155	0.731105	0.915190
239.0	316.0	-0.295303	-0.468556	0.553849	0.795282
454.0	315.0	-0.328166	0.141689	0.357448	0.980319
649.0	317.0	-0.260923	0.560231	0.618012	0.855569
768.0	315.0	-0.442277	1.016994	1.109002	0.821403
201.0	320.0	-0.305297	-0.592348	0.666395	0.954728
633.0	323.0	-0.134541	0.642379	0.656318	0.878155
489.0	324.0	-0.355226	0.233697	0.425206	0.972264
256.0	325.0	-1.108085	-0.477356	1.206532	0.843295
49.0	330.0	-0.330775	-0.997086	1.050520	0.939838
510.0	336.0	-0.332552	0.206705	0.391558	0.931984
550.0	340.0	-0.416213	0.401614	0.578383	0.936510
751.0	343.0	-0.407102	0.891952	0.980464	0.817206
585.0	343.0	-0.449865	0.476912	0.655609	0.786907
597.0	342.0	-0.434772	0.507699	0.668420	0.863961
157.0	343.0	-0.005079	-0.292891	0.292935	0.620743
266.0	345.0	-0.361785	-0.398806	0.538456	0.936185
401.0	344.0	-0.405854	-0.021339	0.406414	0.972962
48.0	347.0	-0.343614	-1.492491	1.531535	0.902234
485.0	350.0	-0.595502	0.219025	0.634503	0.787590
577.0	349.0	-0.441061	0.475619	0.648651	0.852146
755.0	350.0	-0.474843	0.893500	1.011839	0.777601
101.0	352.0	0.312138	-0.846581	0.902291	0.862495
625.0	353.0	-0.474873	0.587196	0.755185	0.904936
764.0	355.0	-0.466421	0.979409	1.084800	0.712169
444.0	354.0	-0.447526	0.036291	0.448995	0.644029
499.0	355.0	-0.366791	0.261721	0.450592	0.842963
180.0	356.0	-0.400894	-0.641190	0.756202	0.805145
357.0	357.0	-0.433146	-0.147368	0.457529	0.970229
512.0	363.0	-0.437639	0.285550	0.522558	0.812150
615.0	362.0	-0.464869	0.587007	0.748786	0.904716
117.0	363.0	-0.257336	-0.808206	0.848185	0.951187
676.0	365.0	-0.438926	0.723797	0.846486	0.757842
33.0	367.0	-0.413262	-1.039989	1.119090	0.974625
