273.0	30.0	0.258878	-0.277779	0.379709	0.818892
704.0	30.0	0.445501	0.861768	0.970111	0.838104
751.0	31.0	0.421580	1.001778	1.086871	0.973978
402.0	35.0	0.479119	0.007987	0.479185	0.683076
439.0	37.0	0.434561	0.123557	0.451785	0.965122
184.0	40.0	0.463748	-0.697617	0.837695	0.817217
265.0	43.0	0.446143	-0.566085	0.720761	0.820402
207.0	44.0	0.456492	-0.328685	0.562511	0.915814
432.0	47.0	0.434452	0.123692	0.451717	0.965724
626.0	46.0	0.397484	0.647977	0.760176	0.959865
670.0	47.0	0.542264	0.662977	0.856498	0.836254
95.0	49.0	0.458162	-0.827082	0.945503	0.964786
408.0	52.0	0.577547	0.367645	0.684634	0.589268
759.0	52.0	0.356835	1.053015	1.111832	0.922115
282.0	53.0	-0.171134	-0.322329	0.364943	0.768270
177.0	53.0	0.464595	-0.576604	0.740487	0.801930
530.0	57.0	0.372816	0.386929	0.537313	0.955763
52.0	60.0	0.436433	-0.932274	1.029373	0.927462
648.0	62.0	0.349416	0.707045	0.788672	0.969447
225.0	64.0	0.403063	-0.466853	0.616775	0.911068
282.0	62.0	0.358040	-0.309284	0.473127	0.860982
194.0	70.0	0.418971	-0.524812	0.671539	0.941478
96.0	70.0	0.238018	-0.717468	0.755918	0.880676
105.0	70.0	0.236635	-0.717480	0.755496	0.880803
407.0	78.0	0.340581	0.034358	0.342310	0.982908
162.0	80.0	0.364196	-0.645438	0.741100	0.963210
75.0	82.0	0.393855	-0.448594	0.596958	0.752896
267.0	83.0	0.346741	-0.354276	0.495723	0.944840
426.0	84.0	0.322477	0.090918	0.335048	0.916244
720.0	85.0	0.274770	0.905479	0.946251	0.987547
665.0	86.0	0.278473	0.754907	0.804632	0.864629
273.0	88.0	0.343472	-0.346844	0.488134	0.897518
342.0	91.0	0.183972	-0.396882	0.437448	0.845672
136.0	94.0	0.333649	-0.715118	0.789123	0.966595
84.0	97.0	0.346387	-0.746161	0.822642	0.854193
289.0	102.0	0.235148	-0.284599	0.369177	0.889823
591.0	103.0	0.235056	0.538112	0.587210	0.751183
584.0	103.0	0.235084	0.538134	0.587242	0.751180
355.0	105.0	0.292537	-0.151284	0.329340	0.683802
409.0	114.0	0.230924	0.041659	0.234651	0.791243
682.0	113.0	0.188914	0.822859	0.844266	0.765973
549.0	115.0	0.228883	0.593947	0.636522	0.825104
693.0	116.0	0.190130	0.826769	0.848349	0.766511
128.0	117.0	0.227211	-0.897634	0.925943	0.924686
285.0	122.0	0.231432	-0.323582	0.397826	0.974810
244.0	123.0	0.217553	-0.421403	0.474247	0.965829
206.0	125.0	0.225118	-0.524079	0.570383	0.759629
153.0	128.0	0.232815	-0.669562	0.708884	0.902077
588.0	130.0	0.162247	0.528593	0.552933	0.892417
335.0	132.0	0.281113	-0.456119	0.535788	0.798624
495.0	135.0	0.170418	0.275283	0.323763	0.818904
416.0	136.0	0.153468	0.046860	0.160463	0.895452
596.0	136.0	0.169581	0.514664	0.541882	0.846314
278.0	140.0	0.188959	-0.329913	0.380195	0.913310
695.0	142.0	0.112064	0.822457	0.830057	0.863705
131.0	146.0	0.186220	-0.685999	0.710825	0.795764
524.0	146.0	0.137027	0.354726	0.380272	0.922577
239.0	148.0	0.167426	-0.442162	0.472799	0.833503
50.0	150.0	0.187264	-1.092491	1.108424	0.975961
687.0	150.0	0.114105	0.822610	0.830486	0.863704
571.0	152.0	0.102592	0.484891	0.495625	0.932928
479.0	152.0	0.304631	0.554491	0.632661	0.620118
413.0	154.0	0.122813	-0.210562	0.243761	0.909275
381.0	161.0	0.122545	-0.241609	0.270910	0.747069
706.0	161.0	0.079758	0.727595	0.731953	0.769495
259.0	167.0	-0.026869	-0.388320	0.389249	0.945007
221.0	170.0	0.098565	-0.493704	0.503447	0.903584
603.0	168.0	0.087481	0.538819	0.545874	0.573951
547.0	173.0	0.045009	0.396361	0.398908	0.925616
368.0	174.0	0.353413	-0.074468	0.361174	0.687808
217.0	177.0	0.081745	-0.549266	0.555315	0.873827
523.0	176.0	0.043347	0.377591	0.380071	0.663665
227.0	179.0	0.069328	-0.495301	0.500129	0.876615
157.0	180.0	0.038557	-0.670719	0.671826	0.913920
534.0	181.0	0.035416	0.392420	0.394015	0.753151
173.0	183.0	0.009267	-0.646602	0.646669	0.927429
316.0	183.0	0.067126	-0.230621	0.240191	0.987241
355.0	183.0	0.047621	-0.100340	0.111067	0.965807
606.0	185.0	0.012193	0.611423	0.611545	0.692232
719.0	184.0	-0.004353	0.879687	0.879698	0.994352
469.0	187.0	0.025824	0.195084	0.196785	0.994283
499.0	187.0	0.008456	0.251666	0.251808	0.773373
58.0	188.0	0.082412	-0.952794	0.956352	0.831731
235.0	189.0	0.064103	-0.464551	0.468953	0.883477
437.0	190.0	-0.014754	-0.029585	0.033060	0.867346
709.0	189.0	0.077380	0.873963	0.877382	0.949583
229.0	192.0	0.058389	-0.495265	0.498695	0.904183
488.0	194.0	0.008179	0.252275	0.252408	0.773355
263.0	198.0	0.025217	-0.390290	0.391104	0.898714
679.0	204.0	-0.048826	0.784238	0.785757	0.858402
180.0	205.0	0.014457	-0.608945	0.609117	0.955395
434.0	204.0	0.020942	0.079720	0.082425	0.808986
221.0	211.0	-0.005904	-0.492485	0.492520	0.955772
159.0	215.0	-0.023448	-0.670425	0.670835	0.965070
400.0	214.0	-0.053713	0.014009	0.055509	0.943913
530.0	215.0	-0.046105	0.405929	0.408539	0.917424
120.0	218.0	-0.005367	-0.780584	0.780603	0.977637
264.0	219.0	-0.034843	-0.379192	0.380789	0.979028
400.0	221.0	-0.053713	0.014009	0.055509	0.943913
324.0	226.0	-0.063939	-0.214933	0.224242	0.992105
200.0	226.0	-0.044129	-0.559858	0.561595	0.971946
303.0	224.0	-0.091539	-0.326789	0.339368	0.977338
91.0	230.0	0.475655	-0.798432	0.929377	0.916350
661.0	232.0	-0.182180	0.708027	0.731090	0.962941
520.0	240.0	-0.130156	0.285070	0.313378	0.952228
400.0	241.0	-0.119022	-0.004971	0.119126	0.995271
423.0	241.0	-0.118800	0.062194	0.134096	0.996339
266.0	241.0	-0.088273	-0.363023	0.373602	0.863657
30.0	246.0	-0.171312	-0.790675	0.809021	0.965044
50.0	246.0	-0.110544	-0.959145	0.965494	0.916254
372.0	246.0	-0.132629	-0.136534	0.190347	0.989953
62.0	249.0	-0.094475	-0.960041	0.964678	0.911136
55.0	251.0	-0.095582	-0.959918	0.964665	0.916701
216.0	253.0	-0.134217	-0.516921	0.534061	0.954031
235.0	255.0	-0.128443	-0.690199	0.702048	0.848321
748.0	260.0	-0.403024	0.973294	1.053437	0.814214
733.0	263.0	-0.279206	0.918342	0.959848	0.831586
664.0	265.0	-0.214368	0.948059	0.971993	0.660732
508.0	267.0	-0.230996	0.296067	0.375519	0.930388
70.0	268.0	-0.268521	-2.239081	2.255125	0.589817
265.0	276.0	-0.252073	-0.371408	0.448870	0.959773
278.0	275.0	-0.191501	-0.370098	0.416707	0.910035
86.0	278.0	-0.069692	-0.881120	0.883872	0.877777
597.0	279.0	-0.249316	0.538156	0.593103	0.845457
380.0	281.0	-0.230133	-0.075036	0.242057	0.985623
367.0	282.0	-0.265976	-0.088524	0.280321	0.985824
134.0	284.0	-0.243950	-0.748782	0.787519	0.961524
733.0	289.0	-0.285506	0.958525	1.000142	0.976373
384.0	291.0	-0.146466	-0.060470	0.158458	0.961082
147.0	292.0	-0.185598	-0.732765	0.755904	0.959092
761.0	292.0	-0.301376	0.991922	1.036695	0.981202
516.0	295.0	-0.277881	0.314663	0.419798	0.974306
643.0	294.0	-0.301866	0.628072	0.696848	0.819929
630.0	298.0	-0.515482	0.623267	0.808816	0.836073
445.0	299.0	-0.278002	0.123496	0.304198	0.731305
455.0	308.0	-0.278162	0.121153	0.303401	0.847315
708.0	310.0	-0.353361	0.840261	0.911539	0.967009
747.0	311.0	-0.358359	0.969260	1.033386	0.938624
626.0	315.0	-0.336271	0.458506	0.568600	0.833391
650.0	317.0	-0.371007	0.738989	0.826892	0.921110
270.0	320.0	-0.323192	-0.336833	0.466808	0.670458
521.0	321.0	-0.353762	0.324405	0.479986	0.781238
281.0	322.0	-0.328733	-0.331551	0.466896	0.791039
290.0	324.0	-0.343526	-0.331605	0.477464	0.851307
462.0	326.0	-0.248366	0.114467	0.273474	0.884750
571.0	329.0	-0.383210	0.462912	0.600948	0.948908
743.0	328.0	-0.381976	0.363224	0.527103	0.842334
206.0	330.0	-0.326992	-0.581496	0.667129	0.945840
228.0	330.0	-0.375415	-0.560792	0.674851	0.896710
311.0	332.0	-0.364502	-0.281936	0.460814	0.904307
57.0	337.0	-0.330845	-0.988042	1.041963	0.850825
53.0	334.0	-0.284651	-1.003951	1.043525	0.851271
134.0	336.0	-0.350155	-0.747781	0.825702	0.807481
635.0	337.0	-0.413432	0.634119	0.756989	0.853282
299.0	337.0	-0.425147	-0.316829	0.530217	0.886552
352.0	336.0	-0.375496	-0.151360	0.404854	0.942554
144.0	337.0	-0.350347	-0.740242	0.818963	0.762462
377.0	344.0	-0.681674	-0.079913	0.686342	0.778370
421.0	344.0	-0.405355	0.041790	0.407503	0.967147
391.0	344.0	-0.416787	-0.068778	0.422424	0.597642
579.0	348.0	-0.435542	0.460777	0.634045	0.939737
724.0	348.0	-0.122710	0.988588	0.996175	0.913519
91.0	350.0	-0.294986	-0.920654	0.966758	0.903987
221.0	350.0	-0.398255	-0.522851	0.657252	0.865477
246.0	352.0	-0.408233	-0.456504	0.612413	0.892430
663.0	352.0	-0.439511	0.713880	0.838328	0.955228
620.0	355.0	-0.462379	0.592951	0.751921	0.828060
678.0	359.0	-0.517230	0.734662	0.898474	0.830947
382.0	361.0	-0.437220	-0.062718	0.441695	0.758323
730.0	365.0	-0.503842	1.065045	1.178209	0.867841
42.0	365.0	-0.403799	-0.961538	1.042885	0.966671
421.0	367.0	-0.475060	0.033181	0.476217	0.965812
642.0	369.0	-0.503465	0.648875	0.821289	0.947640
