75.0	35.0	0.501264	-0.875958	1.009242	0.962327
273.0	35.0	0.477349	-0.332337	0.581644	0.944319
662.0	35.0	0.416264	0.751938	0.859469	0.965801
755.0	38.0	0.404321	0.946280	1.029039	0.966754
429.0	40.0	0.456725	0.116865	0.471439	0.948058
605.0	41.0	0.422215	0.609535	0.741484	0.930718
442.0	47.0	0.433699	0.119543	0.449872	0.942489
543.0	43.0	0.416583	0.413909	0.587249	0.949196
213.0	47.0	0.511152	-0.471098	0.695133	0.714700
504.0	48.0	0.404447	0.306881	0.507694	0.775264
622.0	48.0	-0.666657	0.596950	0.894864	0.755400
223.0	52.0	0.375523	-0.467969	0.600010	0.810109
238.0	52.0	0.360089	-0.456450	0.581387	0.886068
362.0	52.0	0.369025	-0.147680	0.397479	0.954007
594.0	53.0	0.393683	0.587802	0.707458	0.917426
665.0	57.0	0.251328	0.805393	0.843697	0.923477
467.0	60.0	0.378449	0.204089	0.429972	0.973276
561.0	62.0	0.362202	0.468315	0.592038	0.949353
218.0	64.0	0.420589	-0.423725	0.597024	0.899512
517.0	67.0	0.345777	0.349890	0.491919	0.938577
432.0	69.0	0.353703	0.164000	0.389874	0.713619
144.0	70.0	0.379403	-0.681335	0.779849	0.829949
286.0	71.0	0.370206	-0.308002	0.481579	0.884168
613.0	70.0	0.201069	0.606264	0.638736	0.808471
645.0	70.0	0.328545	0.697625	0.771118	0.938534
680.0	71.0	0.373635	0.818591	0.899830	0.590936
667.0	74.0	0.305338	0.797539	0.853991	0.748526
714.0	74.0	0.374612	0.941744	1.013517	0.950601
155.0	75.0	0.389945	-0.681469	0.785148	0.829102
275.0	76.0	0.362037	-0.298429	0.469181	0.937167
687.0	78.0	0.367090	0.803677	0.883546	0.623850
377.0	81.0	0.332194	0.040573	0.334662	0.822926
345.0	86.0	0.323229	-0.141203	0.352725	0.971202
587.0	84.0	0.283980	0.545389	0.614894	0.945509
745.0	86.0	0.265991	0.975740	1.011345	0.981270
120.0	86.0	0.333304	-0.853650	0.916411	0.763721
183.0	89.0	0.401437	-0.593452	0.716475	0.723359
449.0	91.0	0.413424	0.190096	0.455034	0.795259
165.0	93.0	0.217122	-0.656516	0.691488	0.777511
418.0	94.0	0.296263	0.063805	0.303056	0.986739
504.0	92.0	0.272236	0.367453	0.457312	0.814148
110.0	96.0	0.332965	-0.783914	0.851696	0.726781
204.0	98.0	0.309109	-0.528553	0.612305	0.954548
383.0	99.0	0.284883	-0.024686	0.285950	0.986507
491.0	100.0	0.230955	0.272479	0.357190	0.848103
655.0	100.0	0.204891	0.724187	0.752614	0.915156
762.0	101.0	-0.289359	1.069070	1.107538	0.922469
242.0	107.0	0.145437	-0.471625	0.493541	0.893589
479.0	110.0	0.270806	0.378578	0.465464	0.810947
502.0	110.0	0.248556	0.329326	0.412596	0.961296
586.0	111.0	0.333806	0.490240	0.593095	0.946535
687.0	110.0	0.211745	0.876060	0.901286	0.950318
456.0	111.0	0.237782	0.170818	0.292779	0.843195
77.0	114.0	0.252762	-0.899938	0.934760	0.929446
520.0	116.0	-0.074172	0.365301	0.372755	0.866646
602.0	117.0	0.058696	0.499190	0.502629	0.894184
357.0	119.0	0.253935	-0.103100	0.274067	0.848014
365.0	119.0	0.240282	-0.088147	0.255941	0.827847
378.0	117.0	0.213640	-0.057701	0.221295	0.805118
707.0	119.0	0.157381	0.879553	0.893523	0.771029
409.0	121.0	0.286161	0.034938	0.288286	0.832312
397.0	122.0	0.083795	0.033873	0.090383	0.879984
559.0	124.0	0.185985	0.457209	0.493589	0.962075
373.0	128.0	0.150931	-0.114499	0.189447	0.780486
712.0	128.0	0.149463	1.092937	1.103109	0.797666
192.0	131.0	0.235542	-0.531809	0.581636	0.827345
85.0	135.0	0.172734	-0.678716	0.700352	0.856141
493.0	138.0	0.122670	0.262686	0.289917	0.929274
700.0	143.0	0.115790	0.777856	0.786427	0.955129
457.0	144.0	0.141815	0.164412	0.217124	0.774243
283.0	146.0	0.164712	-0.314304	0.354848	0.967571
321.0	146.0	0.159644	-0.259119	0.304350	0.777868
741.0	145.0	5.537024	-8.039873	9.762079	0.926701
88.0	147.0	0.191111	-0.847232	0.868519	0.940687
208.0	147.0	0.199630	-0.401129	0.448059	0.775202
35.0	147.0	0.204897	-0.960253	0.981870	0.990615
528.0	148.0	0.111782	0.649341	0.658893	0.775872
169.0	150.0	0.226964	-0.622411	0.662501	0.894671
182.0	150.0	0.168368	-0.619276	0.641756	0.944219
736.0	154.0	0.082903	0.942463	0.946102	0.822863
679.0	156.0	0.036854	0.789548	0.790408	0.971905
216.0	154.0	0.172548	-0.520481	0.548337	0.786859
154.0	155.0	-0.011932	-0.705313	0.705414	0.836485
380.0	157.0	0.156815	-0.140036	0.210241	0.604027
139.0	159.0	0.024920	-0.696717	0.697162	0.961247
408.0	161.0	0.106026	0.027145	0.109446	0.948748
533.0	161.0	0.110446	0.291051	0.311302	0.799839
322.0	162.0	0.158475	-0.757728	0.774122	0.805172
452.0	164.0	0.097825	0.293471	0.309346	0.947203
651.0	165.0	-0.005134	0.662118	0.662138	0.736449
438.0	170.0	0.144330	0.129829	0.194131	0.995377
577.0	171.0	0.033052	0.536197	0.537215	0.868876
142.0	172.0	0.124147	-0.627425	0.639589	0.956150
187.0	177.0	0.090218	-0.589279	0.596145	0.974551
368.0	177.0	0.070637	-0.087711	0.112618	0.701382
55.0	184.0	0.090307	-0.982925	0.987064	0.887000
582.0	184.0	0.039128	0.500218	0.501746	0.963160
660.0	188.0	-0.000723	0.730854	0.730854	0.983001
264.0	188.0	0.063321	-0.393490	0.398552	0.972921
309.0	192.0	0.172582	-0.304904	0.350358	0.941996
678.0	194.0	0.069974	0.753205	0.756449	0.929206
33.0	198.0	-0.266683	-0.917191	0.955175	0.817798
488.0	197.0	-0.150624	0.292814	0.329284	0.944655
523.0	197.0	-0.638750	0.316614	0.712913	0.812880
506.0	202.0	-0.071146	0.290535	0.299119	0.919176
305.0	203.0	0.172466	-0.301065	0.346965	0.941742
348.0	206.0	-0.076171	-0.148865	0.167221	0.795995
336.0	209.0	-0.021902	-0.148748	0.150352	0.871146
747.0	215.0	-0.104620	0.951089	0.956826	0.898727
371.0	223.0	0.074085	-0.078581	0.107998	0.828449
227.0	227.0	-0.051267	-0.482209	0.484926	0.966243
399.0	229.0	-0.084410	0.091282	0.124328	0.852880
624.0	230.0	-0.134332	0.649345	0.663094	0.976737
694.0	231.0	-0.112559	0.811000	0.818774	0.991377
294.0	232.0	0.022029	-0.311745	0.312522	0.935078
739.0	237.0	-0.156383	0.919853	0.933051	0.957712
161.0	238.0	-0.031987	-0.488514	0.489560	0.782661
728.0	240.0	-0.138490	0.905050	0.915585	0.939368
714.0	242.0	0.030571	0.967493	0.967976	0.906079
624.0	243.0	-0.136450	0.619990	0.634827	0.969308
279.0	243.0	0.201965	-0.334095	0.390397	0.943819
390.0	245.0	-0.112117	-0.056701	0.125639	0.899920
559.0	247.0	-0.155344	0.429146	0.456397	0.968546
602.0	249.0	-0.159734	0.558480	0.580874	0.881672
71.0	250.0	-0.098663	-0.919815	0.925092	0.997140
243.0	251.0	-0.125572	-0.399295	0.418575	0.967561
703.0	256.0	-0.186502	0.862328	0.882265	0.780279
321.0	258.0	-0.156609	-0.217338	0.267885	0.871670
415.0	257.0	-0.178192	0.032688	0.181165	0.994285
591.0	260.0	-0.179283	0.534842	0.564091	0.884146
40.0	261.0	-0.120366	-1.006710	1.013880	0.997852
584.0	263.0	-0.203588	0.505240	0.544716	0.818481
93.0	264.0	-0.136648	-1.000583	1.009871	0.944569
743.0	268.0	-0.305564	0.853160	0.906230	0.837454
233.0	270.0	-0.173939	-0.468324	0.499582	0.963834
515.0	273.0	-0.199270	0.317545	0.374891	0.853676
646.0	273.0	-0.227402	0.654500	0.692879	0.968454
745.0	276.0	-0.305883	0.985079	1.031477	0.836854
169.0	280.0	-0.195908	-0.656173	0.684794	0.976108
319.0	281.0	9.685596	-4.534682	10.694583	0.711826
309.0	285.0	-0.231537	-0.270440	0.356015	0.626202
486.0	287.0	-0.259057	0.233862	0.349001	0.949889
677.0	290.0	-0.289584	0.758529	0.811927	0.898308
707.0	290.0	-0.291488	0.838152	0.887392	0.979535
44.0	291.0	-0.204189	-1.000027	1.020661	0.980749
311.0	293.0	-0.231365	-0.268992	0.354805	0.626627
603.0	294.0	-0.288217	0.588545	0.655327	0.912831
305.0	294.0	-0.298360	-0.263774	0.398240	0.614858
128.0	299.0	-0.224922	-0.799119	0.830169	0.948665
356.0	300.0	-0.338668	-0.139792	0.366385	0.685042
196.0	299.0	-0.283465	-0.609504	0.672196	0.939303
248.0	300.0	-0.251073	-0.435584	0.502764	0.960668
390.0	301.0	-0.279965	0.031001	0.281676	0.831966
496.0	309.0	-0.389217	0.133393	0.411441	0.848584
533.0	307.0	-0.313758	0.351155	0.470908	0.966984
721.0	307.0	-0.343876	0.808121	0.878242	0.948301
509.0	311.0	-0.308685	0.177594	0.356126	0.860608
750.0	316.0	-0.421882	0.934651	1.025455	0.905783
490.0	317.0	-0.393856	0.068300	0.399734	0.820889
160.0	316.0	-0.317606	-0.696292	0.765308	0.741106
309.0	321.0	-0.194517	-0.488725	0.526012	0.897901
100.0	324.0	-0.306424	-0.840957	0.895044	0.952438
686.0	324.0	-0.388628	0.726018	0.823489	0.955557
579.0	326.0	-0.476188	0.480203	0.676277	0.914943
756.0	328.0	-0.421662	0.915499	1.007937	0.902705
157.0	327.0	-0.333290	-0.687636	0.764151	0.808736
523.0	328.0	-0.351281	0.240937	0.425968	0.901693
617.0	332.0	-0.389956	0.585104	0.703145	0.804246
51.0	336.0	-0.339415	-0.987523	1.044224	0.845852
336.0	335.0	-0.372013	-0.197525	0.421200	0.974308
60.0	335.0	-0.331754	-0.987604	1.041836	0.852652
451.0	338.0	-0.384792	0.157718	0.415861	0.694410
168.0	338.0	-0.335454	-0.682826	0.760776	0.964839
728.0	338.0	-0.471625	0.905464	1.020929	0.957091
732.0	343.0	-0.474136	0.908376	1.024672	0.842560
314.0	345.0	-0.399573	-0.273109	0.483991	0.962501
744.0	344.0	-0.380101	0.652488	0.755127	0.824400
611.0	348.0	-0.069210	0.489927	0.494792	0.797574
226.0	351.0	-0.367302	-0.639872	0.737799	0.923499
626.0	350.0	-0.414670	0.563739	0.699823	0.818496
304.0	353.0	-0.399740	-0.269368	0.482028	0.963853
616.0	356.0	-0.454156	0.647412	0.790823	0.784005
755.0	356.0	-0.473993	0.959129	1.069859	0.750998
32.0	356.0	-0.376058	-0.981515	1.051090	0.840403
209.0	356.0	-0.361305	-0.552470	0.660125	0.810493
214.0	358.0	-0.422674	-0.524687	0.673758	0.870044
703.0	358.0	-0.493729	0.816382	0.954069	0.957622
194.0	359.0	-0.479287	-0.600216	0.768098	0.834421
259.0	359.0	0.033923	-0.308825	0.310682	0.880458
178.0	361.0	-0.434964	-0.568091	0.715487	0.763204
98.0	364.0	-0.302999	-0.865604	0.917103	0.967457
421.0	364.0	-0.423930	0.010214	0.424053	0.838609
237.0	365.0	-0.400923	-0.537454	0.670520	0.837973
619.0	366.0	-0.459123	0.308096	0.552917	0.797421
478.0	369.0	-0.480070	0.194346	0.517917	0.961826
701.0	368.0	-0.514653	0.800930	0.952027	0.926014
