120.0	30.0	0.566242	-0.762267	0.949568	0.739953
516.0	32.0	0.484182	0.115449	0.497756	0.798753
104.0	34.0	0.476675	-0.772083	0.907376	0.816748
722.0	42.0	0.374057	0.863587	0.941117	0.873787
147.0	42.0	0.509789	-0.997492	1.120212	0.846775
659.0	42.0	0.444227	0.764477	0.884173	0.754352
713.0	44.0	0.397485	0.860911	0.948242	0.850006
357.0	46.0	0.434897	-0.095881	0.445341	0.731386
522.0	46.0	0.429617	0.337136	0.546106	0.854158
727.0	51.0	0.378118	0.842986	0.923904	0.836992
166.0	58.0	0.433616	-0.627100	0.762415	0.953309
79.0	64.0	0.244414	-0.918940	0.950889	0.801759
509.0	65.0	0.369095	0.262972	0.453195	0.951406
717.0	64.0	0.383335	0.912647	0.989884	0.846541
524.0	67.0	0.364050	0.336711	0.495890	0.955070
352.0	67.0	0.368421	-0.117781	0.386790	0.895475
93.0	69.0	0.397172	-0.867150	0.953779	0.751766
435.0	71.0	0.357847	0.096570	0.370648	0.976239
120.0	72.0	0.585508	-0.546175	0.800704	0.819088
218.0	73.0	0.366398	-0.470620	0.596432	0.749738
249.0	72.0	0.531284	-0.454498	0.699165	0.722475
572.0	72.0	0.366021	0.467041	0.593379	0.939849
265.0	83.0	0.443037	-0.380626	0.584087	0.801782
212.0	87.0	0.328938	-0.474272	0.577177	0.878600
365.0	89.0	0.311420	-0.079106	0.321310	0.788581
548.0	87.0	0.287001	0.451860	0.535301	0.907360
478.0	93.0	0.284782	0.276199	0.396720	0.729594
520.0	92.0	0.353769	0.344333	0.493678	0.865266
714.0	94.0	0.250954	0.889974	0.924680	0.989169
219.0	97.0	0.315717	-0.485482	0.579111	0.744376
631.0	99.0	0.247916	0.658359	0.703491	0.972321
240.0	100.0	0.277446	-0.206244	0.345706	0.703639
506.0	100.0	0.639890	0.340462	0.724826	0.877828
118.0	101.0	0.307367	-0.777349	0.835910	0.932648
109.0	103.0	0.309834	-0.777432	0.836897	0.944614
264.0	107.0	0.259426	-0.336842	0.425164	0.858254
739.0	106.0	0.216919	0.959561	0.983774	0.992475
481.0	109.0	0.245251	0.119602	0.272860	0.833493
383.0	109.0	0.255408	-0.062379	0.262915	0.888059
258.0	120.0	0.258235	-0.379777	0.459256	0.909337
553.0	121.0	0.198125	0.436573	0.479426	0.967089
227.0	121.0	0.240879	-0.470745	0.528795	0.960173
148.0	122.0	0.245640	-0.690419	0.732814	0.977425
415.0	123.0	0.211817	0.053290	0.218417	0.993108
354.0	124.0	0.259240	-0.328616	0.418562	0.861842
714.0	126.0	0.142861	0.882520	0.894008	0.947119
277.0	130.0	0.213058	-0.352621	0.411990	0.946956
468.0	130.0	0.314992	0.286507	0.425801	0.863641
64.0	138.0	0.231334	-0.924492	0.952995	0.987676
509.0	137.0	0.071895	0.312165	0.320337	0.857135
715.0	138.0	0.127918	0.869888	0.879243	0.948292
525.0	137.0	-0.676709	0.319768	0.748457	0.696221
754.0	138.0	0.120692	0.994165	1.001465	0.822874
659.0	139.0	0.274595	0.726570	0.776728	0.948927
43.0	142.0	0.194763	-0.506753	0.542892	0.855996
467.0	144.0	0.161368	0.045834	0.167751	0.851234
701.0	150.0	0.233006	0.856000	0.887146	0.817408
695.0	150.0	0.118859	0.844959	0.853278	0.765304
51.0	156.0	-0.002240	-0.958989	0.958992	0.903013
433.0	157.0	0.358315	0.618711	0.714978	0.749075
544.0	164.0	0.083007	0.405982	0.414381	0.975139
69.0	168.0	-0.517562	-1.205149	1.311585	0.796006
442.0	171.0	-0.170535	0.166402	0.238268	0.769479
711.0	170.0	0.041530	0.871684	0.872672	0.997119
164.0	171.0	0.106489	-0.669667	0.678081	0.894011
292.0	172.0	0.087094	-0.292328	0.305026	0.913691
174.0	176.0	0.092657	-0.624982	0.631813	0.874437
589.0	176.0	0.034772	0.533450	0.534582	0.884333
206.0	177.0	0.080582	-0.548083	0.553975	0.965555
108.0	182.0	0.096377	-0.865047	0.870399	0.914388
373.0	182.0	0.044346	-0.078426	0.090095	0.990299
467.0	182.0	0.079296	0.219474	0.233360	0.636225
132.0	184.0	-0.039983	-0.755133	0.756190	0.981477
599.0	184.0	0.034854	0.533451	0.534588	0.884333
635.0	185.0	0.007042	0.878497	0.878525	0.941162
184.0	186.0	0.028785	-0.617135	0.617806	0.786599
148.0	186.0	-0.416266	-0.501199	0.651519	0.809039
194.0	186.0	0.051633	-0.584339	0.586616	0.789495
53.0	189.0	0.077490	-0.960003	0.963126	0.998503
418.0	189.0	0.002944	0.021710	0.021909	0.825418
721.0	192.0	-0.026653	0.895171	0.895568	0.996846
669.0	195.0	-0.289993	0.751298	0.805323	0.853083
419.0	195.0	0.015928	0.021850	0.027039	0.824921
167.0	198.0	0.022440	-0.674992	0.675365	0.953964
438.0	198.0	0.011062	0.102896	0.103489	0.898089
265.0	199.0	0.021868	-0.074984	0.078108	0.905411
89.0	201.0	0.034920	-0.862817	0.863524	0.996989
138.0	201.0	0.046354	-0.897632	0.898828	0.889053
499.0	204.0	-0.026462	0.269824	0.271118	0.963473
637.0	208.0	-0.057245	0.658053	0.660538	0.982599
767.0	208.0	-0.073448	1.021592	1.024228	0.956535
157.0	210.0	-0.021491	-0.655123	0.655475	0.942249
222.0	213.0	-0.030017	-0.486931	0.487855	0.898821
122.0	218.0	-0.014784	-0.740370	0.740518	0.753174
332.0	217.0	-0.057623	-0.194024	0.202399	0.858330
95.0	219.0	0.040239	-0.969305	0.970140	0.981986
224.0	220.0	-0.030016	-0.491464	0.492379	0.898503
171.0	220.0	0.016857	-0.660685	0.660900	0.969834
289.0	221.0	-0.050882	-0.331761	0.335640	0.822302
123.0	223.0	-0.011509	-0.646121	0.646223	0.736635
584.0	224.0	-0.075882	0.508461	0.514092	0.960151
125.0	232.0	0.578629	3.518317	3.565580	0.743971
261.0	234.0	-0.180214	-0.390554	0.430127	0.834001
691.0	234.0	-0.141246	0.803275	0.815599	0.764469
727.0	237.0	-0.151440	1.187418	1.197036	0.931046
215.0	240.0	-0.087862	-0.520522	0.527885	0.964519
656.0	240.0	-0.141521	0.707413	0.721430	0.980609
383.0	243.0	-0.337267	-0.201091	0.392666	0.940090
403.0	242.0	-0.126732	-0.003176	0.126772	0.996593
269.0	244.0	-0.080558	-0.389824	0.398061	0.777376
580.0	245.0	-0.153347	0.495203	0.518403	0.961096
364.0	246.0	-0.152278	-0.104704	0.184801	0.915652
674.0	249.0	-0.195899	0.753366	0.778419	0.784006
109.0	252.0	-0.131727	-0.720260	0.732207	0.964907
366.0	252.0	-0.224002	-0.101530	0.245937	0.900810
722.0	252.0	-0.175766	1.030998	1.045873	0.889212
142.0	256.0	-0.119389	-0.732395	0.742062	0.971599
381.0	257.0	-0.193217	-0.063289	0.203318	0.915808
515.0	257.0	-0.184898	0.302893	0.354868	0.979899
626.0	260.0	-0.219922	0.555629	0.597569	0.771250
579.0	262.0	-0.193932	0.568467	0.600637	0.916975
196.0	265.0	-0.157260	-0.582845	0.603688	0.967554
628.0	266.0	-0.216799	0.625296	0.661813	0.763348
605.0	270.0	-0.299225	0.587953	0.659715	0.696902
133.0	273.0	-0.165627	-0.818162	0.834758	0.964801
230.0	274.0	-0.172206	-0.530864	0.558096	0.954979
581.0	276.0	-0.226067	0.486757	0.536693	0.925548
76.0	280.0	-0.289739	-0.921807	0.966270	0.932171
45.0	281.0	-0.173337	-1.106795	1.120286	0.831303
664.0	282.0	-0.256932	0.725437	0.769592	0.978618
399.0	286.0	-0.187773	-0.076356	0.202704	0.879616
569.0	286.0	-0.258730	0.480449	0.545685	0.943578
704.0	288.0	-0.303504	0.842388	0.895395	0.866612
168.0	288.0	-0.214677	-0.654006	0.688338	0.719051
367.0	291.0	-0.252579	-0.100065	0.271678	0.983722
621.0	289.0	-0.300876	0.626512	0.695013	0.751524
272.0	294.0	-0.258408	-0.360363	0.443437	0.923236
415.0	298.0	-0.310031	0.021709	0.310790	0.987937
712.0	300.0	-0.292553	0.880193	0.927538	0.862497
50.0	299.0	-0.231636	-1.276837	1.297678	0.833691
142.0	302.0	-0.331586	-0.734479	0.805859	0.936954
501.0	303.0	-0.300265	0.249977	0.390701	0.974973
675.0	302.0	-0.322384	0.754963	0.820915	0.976113
527.0	304.0	-0.127540	0.226296	0.259762	0.831810
276.0	305.0	-0.269082	-0.353465	0.444233	0.948548
539.0	305.0	-0.113334	0.226539	0.253307	0.831767
238.0	307.0	-0.284279	-0.468470	0.547977	0.800795
380.0	309.0	-0.309827	-0.115331	0.330597	0.796480
389.0	311.0	-0.306678	-0.056739	0.311882	0.776712
638.0	311.0	-0.344011	0.640754	0.727262	0.962632
115.0	313.0	-0.286448	-0.791456	0.841697	0.973405
598.0	317.0	-0.350806	0.555260	0.656794	0.852785
500.0	319.0	-0.333545	0.069002	0.340608	0.829550
207.0	321.0	-0.314595	-0.548468	0.632288	0.767377
259.0	321.0	-0.332027	-0.412096	0.529211	0.790636
758.0	321.0	-0.389520	0.975587	1.050474	0.950490
467.0	326.0	-0.359612	0.152748	0.390708	0.922451
290.0	328.0	-0.268615	-0.319163	0.417156	0.827199
253.0	330.0	-0.323120	-0.408265	0.520660	0.790519
139.0	333.0	-0.333978	-0.742735	0.814369	0.974602
415.0	331.0	-0.374780	-0.003080	0.374793	0.855521
492.0	334.0	-0.382212	0.205606	0.434005	0.869112
410.0	335.0	-0.381676	-0.048643	0.384764	0.826707
288.0	336.0	-0.342011	-0.320989	0.469047	0.807430
371.0	338.0	-0.375095	-0.097096	0.387459	0.830062
693.0	338.0	-0.435310	0.795049	0.906420	0.965008
52.0	338.0	-0.335721	-1.016315	1.070329	0.697071
472.0	343.0	-0.385390	-0.066774	0.391132	0.967038
591.0	341.0	-0.422614	0.658337	0.782311	0.749978
308.0	344.0	-0.359723	-0.276290	0.453582	0.939094
496.0	345.0	-0.412218	0.261574	0.488205	0.819035
714.0	343.0	-0.455150	0.879286	0.990104	0.965979
400.0	347.0	-0.398303	0.021542	0.398885	0.898718
185.0	347.0	-0.377420	-0.831425	0.913079	0.742873
269.0	348.0	-0.605169	-0.891177	1.077230	0.606097
632.0	350.0	-0.460664	0.598056	0.754906	0.854193
335.0	351.0	-0.305853	-0.208255	0.370022	0.886116
352.0	355.0	-0.368931	-0.149544	0.398087	0.919590
286.0	365.0	-0.539058	-0.206421	0.577229	0.864325
359.0	366.0	-0.444789	-0.133276	0.464327	0.917966
518.0	367.0	-0.480422	0.309861	0.571681	0.950096
76.0	368.0	-0.425591	-0.921655	1.015173	0.943482
