298.0	31.0	0.483843	-0.260276	0.549406	0.957040
669.0	32.0	0.429043	0.773033	0.884115	0.966401
596.0	33.0	0.434858	0.562881	0.711293	0.945938
745.0	32.0	0.412213	0.977802	1.061139	0.973941
641.0	37.0	0.418302	0.696029	0.812055	0.961879
475.0	36.0	0.453779	0.227147	0.507456	0.959235
703.0	41.0	0.400678	0.866714	0.954848	0.974413
111.0	57.0	0.437857	-0.777017	0.891893	0.959834
254.0	74.0	0.378461	-0.386972	0.541276	0.892625
500.0	89.0	0.322178	0.296127	0.437596	0.968939
542.0	99.0	0.257132	0.408738	0.482891	0.965466
719.0	116.0	0.184578	0.902997	0.921669	0.993573
168.0	143.0	0.186767	-0.730804	0.754291	0.894926
738.0	158.0	0.070788	0.945582	0.948228	0.998742
38.0	178.0	0.102894	-1.019956	1.025133	0.962520
92.0	185.0	0.072605	-0.845709	0.848820	0.991740
71.0	210.0	0.015967	-0.916802	0.916941	0.998942
490.0	225.0	-0.097440	0.246769	0.265310	0.977945
62.0	245.0	-0.077734	-0.949188	0.952366	0.998658
213.0	254.0	-0.127283	-0.523915	0.539155	0.965327
723.0	263.0	-0.220656	0.889968	0.916914	0.990824
360.0	277.0	-0.211496	-0.121311	0.243818	0.991312
221.0	280.0	-0.196698	-0.511086	0.547631	0.959774
425.0	282.0	-0.227815	0.054309	0.234199	0.990703
597.0	287.0	-0.265045	0.545700	0.606661	0.959232
166.0	316.0	-0.293265	-0.665479	0.727232	0.971704
603.0	315.0	-0.351813	0.553866	0.656155	0.856464
610.0	321.0	-0.351813	0.553866	0.656155	0.856467
485.0	322.0	-0.353837	0.235347	0.424958	0.972741
316.0	324.0	-0.333729	-0.249575	0.416729	0.975104
743.0	332.0	-0.417504	0.935056	1.024031	0.974414
239.0	354.0	-0.409571	-0.470365	0.623693	0.942364
520.0	358.0	-0.457389	0.316471	0.556200	0.956008
