400.0	30.0	0.508343	0.077222	0.514175	0.945479
564.0	30.0	0.481317	0.510007	0.701265	0.844416
224.0	30.0	0.211268	-0.498828	0.541723	0.607367
50.0	32.0	0.506284	-0.865688	1.002866	0.940009
575.0	35.0	0.453714	0.543565	0.708040	0.855005
430.0	36.0	0.461527	0.147916	0.484650	0.749829
308.0	40.0	0.457326	-0.233270	0.513383	0.936351
425.0	39.0	0.448306	0.135795	0.468421	0.757028
51.0	44.0	0.492447	-0.944935	1.065554	0.948229
146.0	44.0	0.481462	-0.819489	0.950456	0.749632
180.0	42.0	1.714205	-0.558121	1.802775	0.688979
383.0	44.0	0.463777	-0.039865	0.465487	0.931573
582.0	46.0	0.489009	0.501851	0.700703	0.865152
256.0	46.0	0.444833	-0.377849	0.583649	0.951697
124.0	47.0	0.480215	-0.772391	0.909503	0.889543
494.0	47.0	0.405255	0.282754	0.494147	0.747735
274.0	49.0	0.360978	-0.334662	0.492243	0.954857
75.0	50.0	0.459469	-0.880699	0.993349	0.967636
195.0	52.0	0.728782	-0.550797	0.913510	0.820570
232.0	54.0	0.411071	-0.269856	0.491733	0.808577
131.0	59.0	0.604777	-0.826292	1.023969	0.764992
512.0	61.0	0.424353	0.335503	0.540960	0.954084
398.0	60.0	0.485897	-0.035814	0.487215	0.935444
594.0	63.0	0.365177	0.038141	0.367164	0.687741
45.0	67.0	0.421026	-0.975000	1.062020	0.970906
237.0	68.0	0.443623	-0.121520	0.459965	0.838006
316.0	68.0	0.398273	-0.215522	0.452848	0.863603
384.0	68.0	0.503578	0.005755	0.503611	0.938421
412.0	69.0	0.376640	0.025233	0.377484	0.931353
256.0	69.0	0.306374	-0.365002	0.476541	0.940676
339.0	73.0	0.570437	-0.254473	0.624624	0.876331
402.0	72.0	0.373327	0.025336	0.374185	0.955315
443.0	77.0	0.337041	0.137122	0.363867	0.980915
145.0	79.0	0.477932	-0.463798	0.665978	0.803727
272.0	82.0	0.337572	-0.366707	0.498427	0.955697
48.0	86.0	0.366858	-0.960734	1.028394	0.973147
751.0	87.0	0.252024	0.986920	1.018591	0.962615
512.0	92.0	0.286553	0.360684	0.460658	0.802735
563.0	90.0	1.227261	4.074879	4.255680	0.633399
759.0	93.0	0.250137	0.992070	1.023119	0.964113
125.0	93.0	0.393826	-0.754273	0.850897	0.957389
590.0	94.0	0.245407	0.675352	0.718557	0.901015
690.0	96.0	0.248349	0.812591	0.849695	0.977893
480.0	97.0	0.251546	0.359875	0.439073	0.897023
747.0	99.0	0.229517	0.991591	1.017807	0.966969
581.0	107.0	0.326676	0.518420	0.612762	0.876475
478.0	110.0	0.287822	0.239773	0.374610	0.915184
558.0	112.0	0.224548	0.551761	0.595703	0.947057
41.0	115.0	0.302368	-0.980605	1.026164	0.822613
384.0	117.0	0.197129	0.802419	0.826279	0.748441
530.0	119.0	0.177831	0.494052	0.525082	0.889245
266.0	121.0	0.281394	-0.392804	0.483195	0.945535
59.0	128.0	0.255762	-0.935214	0.969556	0.958672
156.0	129.0	0.330471	-0.678728	0.754906	0.953690
386.0	134.0	0.271722	0.090394	0.286363	0.864092
103.0	132.0	0.229548	-0.812059	0.843879	0.987166
537.0	132.0	0.177005	0.394428	0.432325	0.901810
251.0	133.0	0.232810	-0.357282	0.426440	0.895975
82.0	135.0	0.223893	-0.872831	0.901089	0.990358
334.0	136.0	0.184439	-0.177156	0.255738	0.797526
448.0	139.0	0.137837	-0.083520	0.161166	0.927984
471.0	137.0	0.154965	0.225618	0.273710	0.970544
139.0	140.0	0.000721	-0.724933	0.724933	0.916140
491.0	144.0	0.145914	0.263753	0.301424	0.967890
127.0	147.0	0.169983	-0.724807	0.744473	0.963124
720.0	148.0	0.096919	0.802549	0.808380	0.903024
287.0	148.0	-6.366558	4.673806	7.897944	0.638880
224.0	152.0	0.079654	-0.488812	0.495259	0.791081
680.0	151.0	0.087692	0.837656	0.842234	0.701155
33.0	150.0	0.196818	-1.009326	1.028337	0.964423
57.0	151.0	0.167304	-0.936027	0.950862	0.993633
456.0	153.0	0.055398	0.034026	0.065013	0.968966
174.0	154.0	0.154737	-0.626552	0.645377	0.941329
321.0	157.0	0.153603	-0.216112	0.265138	0.851200
534.0	162.0	0.087145	0.379275	0.389158	0.978266
102.0	163.0	0.192055	-0.824480	0.846553	0.988588
714.0	163.0	0.088652	0.807574	0.812425	0.882456
380.0	163.0	0.073189	-0.045621	0.086243	0.983867
235.0	164.0	0.153153	-0.480207	0.504038	0.832945
582.0	165.0	0.079031	0.512749	0.518803	0.954164
585.0	169.0	0.078461	0.510179	0.516177	0.956811
417.0	174.0	0.088311	-0.040039	0.096964	0.746220
767.0	177.0	0.320610	1.174193	1.217178	0.912860
640.0	178.0	0.026848	0.671889	0.672425	0.983619
74.0	180.0	0.165573	-0.920942	0.935708	0.968964
730.0	180.0	-0.237714	0.509354	0.562094	0.862408
706.0	182.0	0.001376	0.839837	0.839838	0.737514
218.0	183.0	0.074990	-0.508406	0.513907	0.938502
565.0	184.0	0.054890	0.458155	0.461431	0.892995
333.0	184.0	0.032645	-0.204620	0.207208	0.773936
659.0	185.0	0.006610	0.778396	0.778424	0.983952
557.0	190.0	0.018510	0.458129	0.458502	0.883293
582.0	191.0	-0.433182	0.498877	0.660700	0.887594
698.0	192.0	-0.042805	0.904056	0.905069	0.831072
524.0	190.0	0.111894	0.339634	0.357592	0.769968
752.0	192.0	-0.136533	1.062629	1.071365	0.858075
281.0	196.0	0.024633	-0.330444	0.331361	0.984125
336.0	201.0	-0.022406	-0.204043	0.205269	0.675743
474.0	202.0	0.031158	0.193465	0.195958	0.982299
689.0	206.0	-0.072054	0.900054	0.902934	0.817829
331.0	208.0	-0.181791	-0.006567	0.181910	0.715245
458.0	207.0	-0.088554	0.164840	0.187120	0.961768
151.0	210.0	0.004956	-0.688781	0.688799	0.978695
344.0	209.0	-0.043071	-0.185408	0.190345	0.722107
325.0	210.0	-0.036955	-0.198404	0.201816	0.787344
426.0	211.0	-0.032805	0.069951	0.077261	0.997429
610.0	211.0	-0.325351	0.584455	0.668910	0.849315
464.0	219.0	-0.049893	0.220572	0.226145	0.961062
504.0	220.0	0.010810	0.304875	0.305067	0.858538
317.0	225.0	-0.033486	-0.096422	0.102071	0.887845
752.0	224.0	-0.008136	0.700394	0.700442	0.896331
38.0	230.0	-0.055363	-1.009301	1.010818	0.948165
685.0	234.0	-0.141801	0.789183	0.801821	0.865016
360.0	237.0	-0.093837	-0.114995	0.148423	0.996700
80.0	242.0	-0.032716	-1.042479	1.042992	0.913241
309.0	243.0	-0.087462	-0.323298	0.334919	0.972139
331.0	243.0	-0.101195	-0.238204	0.258808	0.915626
186.0	244.0	-0.134444	-0.720112	0.732555	0.779595
704.0	246.0	-0.285334	0.839480	0.886646	0.923133
279.0	246.0	-0.136384	-0.330346	0.357392	0.837755
284.0	252.0	-0.136303	-0.330228	0.357252	0.837773
756.0	250.0	6.699734	5.391201	8.599505	0.643208
531.0	254.0	-0.170396	0.318703	0.361395	0.873081
572.0	257.0	-0.140427	0.477569	0.497787	0.879606
733.0	256.0	-0.153878	0.920412	0.933187	0.656083
378.0	259.0	-0.124510	-0.164681	0.206452	0.758107
315.0	261.0	-0.260434	-0.088655	0.275110	0.886749
218.0	265.0	-0.256079	-0.501453	0.563056	0.651245
367.0	266.0	-0.164017	-0.066604	0.177025	0.716965
185.0	267.0	-0.164211	-0.598713	0.620824	0.756699
444.0	276.0	-0.220210	0.114709	0.248295	0.991056
600.0	275.0	-0.259275	0.508444	0.570736	0.719829
762.0	276.0	-0.248660	0.993767	1.024404	0.857438
244.0	279.0	-0.201459	-0.180643	0.270587	0.770543
701.0	280.0	-0.199407	0.827360	0.851051	0.895795
342.0	281.0	-0.219563	-0.149480	0.265617	0.709872
303.0	292.0	-0.243387	-0.257762	0.354511	0.826810
67.0	300.0	-0.263858	-0.935462	0.971962	0.827500
423.0	299.0	-0.407454	-0.185099	0.447527	0.830077
640.0	300.0	-0.356904	0.628187	0.722495	0.773333
250.0	302.0	-0.256543	-0.471749	0.536993	0.871432
465.0	306.0	-0.304421	0.169458	0.348408	0.982540
550.0	309.0	-0.328275	0.423726	0.536011	0.941088
601.0	308.0	-0.346771	0.476133	0.589027	0.886019
289.0	309.0	-0.296603	-0.182809	0.348414	0.964897
522.0	307.0	-0.319514	0.308820	0.444364	0.787886
162.0	311.0	-0.296621	-0.678176	0.740208	0.973004
515.0	310.0	-0.319494	0.308820	0.444349	0.787878
721.0	312.0	-0.358545	0.668350	0.758449	0.927379
360.0	315.0	-0.416575	-0.121677	0.433981	0.848493
51.0	318.0	-0.311260	-0.920047	0.971272	0.864374
618.0	317.0	-0.492518	0.579235	0.760321	0.903340
31.0	318.0	-0.400628	-1.041586	1.115977	0.886444
206.0	318.0	-0.287237	-0.567395	0.635958	0.960216
67.0	322.0	-0.467226	-0.951935	1.060415	0.872272
168.0	324.0	-0.298257	-0.663610	0.727554	0.970564
100.0	322.0	-0.362958	-0.842239	0.917118	0.791827
593.0	324.0	-0.350095	0.085769	0.360448	0.823024
286.0	327.0	-0.339247	-0.321858	0.467633	0.963549
581.0	327.0	-0.396683	0.490606	0.630913	0.892154
316.0	328.0	-0.348902	-0.251991	0.430385	0.819711
726.0	327.0	-0.363912	0.785334	0.865553	0.801744
416.0	330.0	-0.372010	0.019968	0.372546	0.887714
768.0	332.0	-0.421639	1.017656	1.101546	0.965626
460.0	335.0	-0.399903	0.112274	0.415364	0.776721
652.0	335.0	-0.389368	0.671511	0.776231	0.911846
647.0	342.0	-0.418517	0.671718	0.791430	0.896640
183.0	344.0	-0.372519	-0.621507	0.724597	0.914326
236.0	347.0	-0.395571	-0.573762	0.696907	0.735054
268.0	350.0	-0.245947	-0.385613	0.457370	0.832849
520.0	349.0	-0.260008	0.448590	0.518495	0.747209
139.0	353.0	-0.329313	-0.727229	0.798316	0.948875
474.0	361.0	-0.456108	0.235279	0.513216	0.895853
234.0	360.0	-0.397409	-0.475575	0.619762	0.723725
358.0	361.0	-0.403462	-0.150992	0.430790	0.897956
611.0	362.0	-1.149439	0.544462	1.271868	0.832433
216.0	364.0	-0.431822	-0.537116	0.689176	0.940677
296.0	364.0	-0.447520	-0.315397	0.547494	0.920457
400.0	366.0	-0.466100	-0.004014	0.466118	0.802881
449.0	368.0	-0.480573	0.114351	0.493990	0.947178
561.0	367.0	-0.499776	0.417610	0.651287	0.933037
