313.0	30.0	0.472910	-0.294892	0.557320	0.919165
368.0	31.0	0.488979	-0.135396	0.507378	0.674947
346.0	32.0	0.475075	-0.128473	0.492140	0.878831
312.0	39.0	0.451794	-0.242356	0.512693	0.826913
260.0	41.0	0.477492	-0.374825	0.607036	0.917680
714.0	40.0	0.398621	0.902762	0.986852	0.944642
767.0	45.0	0.380084	1.078812	1.143809	0.843235
300.0	50.0	0.396038	-0.247999	0.467279	0.858857
424.0	53.0	0.196365	0.087432	0.214950	0.855263
607.0	53.0	0.369052	0.597431	0.702227	0.954175
456.0	54.0	0.342249	-0.085769	0.352833	0.672121
331.0	57.0	0.406414	-0.169678	0.440413	0.967983
701.0	57.0	0.418904	0.953252	1.041235	0.947365
636.0	59.0	0.364387	0.678026	0.769739	0.846813
155.0	60.0	0.384413	-0.172464	0.421328	0.680927
103.0	62.0	0.502159	-0.806623	0.950160	0.933458
274.0	62.0	0.392068	-0.464940	0.608183	0.890407
84.0	65.0	0.422200	-0.836714	0.937200	0.928055
151.0	74.0	0.386958	-0.630331	0.739631	0.803447
219.0	73.0	0.368914	-0.496529	0.618577	0.942429
701.0	73.0	0.633208	0.322268	0.710499	0.797402
633.0	75.0	0.333159	0.622600	0.706134	0.929320
494.0	77.0	0.382472	0.303021	0.487962	0.838435
746.0	78.0	0.289766	0.978019	1.020043	0.963533
178.0	80.0	0.361516	-0.601381	0.701679	0.958800
44.0	87.0	0.327784	-0.982633	1.035861	0.983557
600.0	86.0	1.582108	-10.336479	10.456858	0.739379
232.0	91.0	0.323197	-0.431771	0.539336	0.955579
669.0	91.0	0.050459	0.765463	0.767124	0.854320
304.0	95.0	0.301168	-0.251542	0.392397	0.977915
709.0	96.0	0.244999	0.873465	0.907174	0.989015
599.0	97.0	0.276640	0.512694	0.582568	0.649095
760.0	99.0	0.220843	1.006671	1.030610	0.876482
123.0	105.0	0.305677	-0.753898	0.813511	0.971306
361.0	107.0	0.267748	-0.093128	0.283482	0.988418
413.0	107.0	0.270971	0.055389	0.276574	0.911910
751.0	107.0	0.205281	1.005535	1.026275	0.935214
585.0	107.0	0.683517	0.562650	0.885308	0.808402
162.0	112.0	0.232534	-0.691525	0.729575	0.879805
76.0	111.0	0.293447	-0.865471	0.913866	0.945545
142.0	113.0	0.260034	-0.699508	0.746276	0.973692
458.0	114.0	0.247692	0.176062	0.303890	0.852797
678.0	118.0	0.210458	0.734612	0.764164	0.814372
197.0	119.0	0.192707	-0.547782	0.580690	0.947402
545.0	122.0	0.197889	0.417029	0.461598	0.947270
171.0	124.0	0.232450	-0.650701	0.690974	0.824241
96.0	126.0	0.244253	-0.831520	0.866652	0.987300
216.0	128.0	0.222000	-0.502950	0.549766	0.926425
619.0	127.0	0.151951	0.631440	0.649466	0.722255
475.0	128.0	0.242198	0.134860	0.277213	0.811872
569.0	128.0	0.178967	0.479433	0.511747	0.962485
494.0	127.0	0.161725	0.278474	0.322029	0.783221
587.0	130.0	0.188187	0.529897	0.562321	0.842026
379.0	132.0	0.189907	-0.104437	0.216729	0.862734
294.0	137.0	0.180052	-0.281103	0.333822	0.949507
286.0	138.0	0.188730	-0.294809	0.350045	0.935904
686.0	139.0	0.130266	0.803319	0.813813	0.695180
617.0	141.0	0.061293	0.613711	0.616764	0.648229
665.0	141.0	0.130329	0.741635	0.752999	0.854080
307.0	143.0	0.188113	-0.270619	0.329578	0.981945
468.0	144.0	0.261931	-0.202199	0.330896	0.731272
733.0	148.0	0.101226	0.930130	0.935622	0.997375
640.0	153.0	0.148336	0.620736	0.638214	0.772765
151.0	157.0	0.137037	-0.685886	0.699442	0.970637
361.0	157.0	0.129589	-0.081710	0.153198	0.722850
188.0	157.0	0.161958	-0.580915	0.603069	0.915439
249.0	158.0	-0.248274	0.095287	0.265931	0.896216
519.0	160.0	0.093945	0.337386	0.350221	0.982356
314.0	161.0	0.117057	-0.212689	0.242774	0.989565
711.0	163.0	0.047334	0.838935	0.840270	0.967548
630.0	170.0	0.174995	0.537293	0.565072	0.844225
464.0	169.0	0.072939	0.172092	0.186911	0.929489
706.0	175.0	0.040442	0.862487	0.863434	0.968508
127.0	173.0	0.145767	-0.813943	0.826893	0.972134
233.0	173.0	0.056286	-0.389801	0.393844	0.901183
452.0	172.0	0.060975	0.172483	0.182943	0.928668
539.0	177.0	0.047038	0.391776	0.394590	0.977026
362.0	175.0	0.256542	-0.163591	0.304262	0.715083
375.0	181.0	-0.121732	-0.080428	0.145902	0.734579
205.0	182.0	0.076573	-0.421103	0.428009	0.705362
504.0	182.0	0.808899	0.305491	0.864663	0.823012
519.0	183.0	0.199657	0.324314	0.380844	0.865597
761.0	185.0	-0.001199	0.995633	0.995634	0.982799
224.0	188.0	0.073455	-0.573731	0.578414	0.855895
288.0	191.0	0.030325	-0.367190	0.368440	0.974240
390.0	193.0	-0.304528	-0.073817	0.313347	0.658213
473.0	195.0	-0.106570	0.053270	0.119142	0.663018
403.0	194.0	0.006383	-0.007525	0.009868	0.981437
125.0	197.0	-0.170556	-0.773688	0.792264	0.879112
30.0	198.0	0.060624	-1.025797	1.027587	0.792646
108.0	199.0	0.027433	-0.838520	0.838968	0.960105
200.0	198.0	0.026853	-0.484945	0.485688	0.765149
596.0	199.0	-0.034205	0.547628	0.548695	0.959648
463.0	201.0	0.021733	0.044097	0.049162	0.694891
696.0	203.0	-0.058976	0.816912	0.819038	0.876822
685.0	205.0	-0.067218	0.816900	0.819661	0.877015
230.0	205.0	0.002699	-0.916296	0.916300	0.809960
110.0	209.0	-0.009860	-0.808294	0.808354	0.887739
260.0	209.0	-0.389719	-0.387190	0.549361	0.804696
211.0	213.0	0.010081	-0.576861	0.576950	0.821693
561.0	213.0	-0.212669	0.460026	0.506806	0.852277
184.0	216.0	-0.013138	-0.601493	0.601636	0.869383
330.0	216.0	-0.036087	-0.204450	0.207610	0.993576
580.0	219.0	-0.110716	0.499172	0.511303	0.824579
590.0	220.0	-0.076497	0.483545	0.489558	0.818467
38.0	221.0	-0.027746	-1.006726	1.007108	0.956823
423.0	222.0	-0.078054	0.021836	0.081051	0.715645
571.0	224.0	-0.111220	0.454893	0.468292	0.771334
450.0	226.0	0.113885	0.137783	0.178757	0.728047
748.0	225.0	-0.112969	1.196051	1.201375	0.809776
150.0	227.0	-0.065012	-0.752587	0.755390	0.748204
541.0	227.0	-0.137878	0.386874	0.410709	0.946289
152.0	234.0	-0.063721	-0.697963	0.700865	0.744122
214.0	234.0	-0.127564	-0.483267	0.499819	0.838122
86.0	235.0	-0.099725	-0.875777	0.881436	0.972788
578.0	236.0	-0.152633	-0.123539	0.196364	0.814175
230.0	242.0	0.119818	-0.471537	0.486522	0.782182
114.0	244.0	-0.055316	-0.765116	0.767113	0.594102
477.0	250.0	-0.149148	0.208532	0.256380	0.990557
571.0	249.0	-0.156652	0.721931	0.738731	0.855104
529.0	251.0	-0.157877	0.496654	0.521143	0.836817
719.0	252.0	-0.198171	0.869101	0.891408	0.857729
182.0	253.0	-0.111095	-0.661842	0.671101	0.970317
244.0	254.0	-0.088154	-0.444762	0.453414	0.884400
61.0	255.0	-0.109562	-0.950729	0.957021	0.997609
523.0	258.0	-0.189035	0.321926	0.373323	0.855795
110.0	262.0	-0.189858	-0.554953	0.586532	0.813974
452.0	261.0	-0.197522	0.144228	0.244574	0.960088
515.0	264.0	-0.285493	0.321922	0.430279	0.869188
569.0	265.0	-0.201880	0.847842	0.871546	0.869164
281.0	266.0	-0.167343	-0.332860	0.372558	0.943807
328.0	269.0	-0.214640	-0.260059	0.337196	0.889986
130.0	268.0	-0.507962	-0.761683	0.915525	0.759178
201.0	269.0	-0.071963	-0.582867	0.587293	0.780148
457.0	272.0	-0.196725	0.147745	0.246026	0.964455
87.0	273.0	-0.167836	-0.809620	0.826834	0.969651
631.0	275.0	-0.333652	0.795212	0.862372	0.744044
645.0	278.0	-0.257500	0.649499	0.698681	0.759808
741.0	279.0	-0.282656	0.941104	0.982634	0.976065
611.0	279.0	-0.241797	0.538065	0.589898	0.780535
132.0	284.0	-0.158719	-0.538254	0.561167	0.905655
610.0	284.0	-0.256362	0.538754	0.596638	0.779396
43.0	285.0	-0.188845	-1.004875	1.022466	0.806135
571.0	285.0	-0.275411	0.640437	0.697145	0.958101
228.0	287.0	-0.236971	-0.482784	0.537807	0.929448
320.0	286.0	-0.247318	-0.246714	0.349334	0.813108
155.0	291.0	-0.216108	-0.693135	0.726043	0.968411
358.0	291.0	-0.172283	-0.161669	0.236259	0.814955
232.0	294.0	-0.236975	-0.483047	0.538044	0.929399
317.0	298.0	-0.263774	-0.257558	0.368664	0.762134
646.0	299.0	-0.308817	0.693717	0.759349	0.969870
344.0	301.0	-0.353603	-0.100314	0.367557	0.916940
405.0	299.0	-0.279071	0.000728	0.279072	0.987898
572.0	300.0	-0.231216	0.453548	0.509084	0.838174
269.0	301.0	-0.236364	-0.370873	0.439790	0.624636
553.0	305.0	-0.173678	0.405005	0.440673	0.769878
736.0	305.0	-0.352498	0.920596	0.985775	0.740417
465.0	305.0	-0.326166	0.161252	0.363850	0.782104
521.0	308.0	-0.293139	0.328731	0.440448	0.966297
453.0	307.0	-0.258609	0.161764	0.305034	0.728268
754.0	311.0	-0.318893	0.963805	1.015191	0.797105
64.0	314.0	-0.421610	-0.738870	0.850696	0.717102
675.0	313.0	-0.353991	0.749139	0.828565	0.943462
129.0	313.0	-0.276949	-0.757673	0.806703	0.900910
495.0	313.0	-0.439835	1.365807	1.434881	0.757577
357.0	317.0	-0.296558	-0.820752	0.872686	0.857606
578.0	317.0	-0.357001	0.458556	0.581139	0.939174
236.0	320.0	-0.320079	-0.472426	0.570646	0.854218
87.0	322.0	-0.319094	-0.504387	0.596848	0.717895
413.0	321.0	-0.322171	-0.015091	0.322524	0.768064
580.0	326.0	-0.381787	0.649682	0.753557	0.912641
301.0	326.0	-0.338093	-0.297111	0.450091	0.967598
492.0	328.0	-0.432223	0.344005	0.552409	0.840118
638.0	330.0	-0.389579	0.614859	0.727890	0.955575
347.0	331.0	-0.325835	-0.147952	0.357852	0.746045
398.0	332.0	-0.427840	0.016442	0.428156	0.834025
681.0	333.0	-0.404700	0.771273	0.871002	0.945161
121.0	333.0	-0.335448	-0.790311	0.858555	0.968128
253.0	336.0	-0.803232	-0.599724	1.002422	0.732458
592.0	341.0	-0.401977	0.542683	0.675345	0.897494
406.0	343.0	-0.384587	-0.008256	0.384675	0.922294
30.0	342.0	-0.375666	-1.021962	1.088821	0.642559
504.0	344.0	-0.472375	0.004602	0.472397	0.879499
738.0	344.0	-0.470103	0.920892	1.033944	0.961547
61.0	349.0	-0.382396	-0.970253	1.042889	0.914324
39.0	354.0	-0.375792	-1.027110	1.093698	0.642444
298.0	355.0	-0.415953	-0.308795	0.518046	0.961337
614.0	356.0	-0.467658	0.577026	0.742741	0.798300
58.0	357.0	-0.383519	-0.970254	1.043303	0.914237
447.0	359.0	-0.192732	0.105984	0.219950	0.931867
590.0	358.0	-0.450864	0.005762	0.450900	0.750461
683.0	359.0	-0.492470	0.739531	0.888501	0.890951
261.0	361.0	-0.650814	-0.427713	0.778780	0.825155
244.0	366.0	-0.441526	-0.457877	0.636079	0.663436
619.0	365.0	-0.467658	0.577026	0.742740	0.798309
690.0	366.0	-0.491429	0.741005	0.889152	0.949797
377.0	366.0	-0.362677	-0.085690	0.372663	0.741150
671.0	368.0	-0.446785	0.760956	0.882424	0.779235
