298.0	31.0	0.482957	-0.258763	0.547910	0.956652
596.0	33.0	0.435081	0.571526	0.718288	0.947290
670.0	33.0	0.422799	0.774622	0.882496	0.966723
474.0	36.0	0.446344	0.229172	0.501740	0.964085
641.0	37.0	0.415580	0.698993	0.813202	0.960554
703.0	41.0	0.400077	0.862655	0.950913	0.974329
330.0	43.0	0.447315	-0.172342	0.479367	0.967003
519.0	44.0	0.411312	0.365921	0.550523	0.955723
348.0	49.0	-0.199606	-0.145170	0.246813	0.888719
253.0	74.0	0.366746	-0.390659	0.535833	0.841279
451.0	87.0	0.303127	0.157431	0.341571	0.983081
501.0	89.0	0.293921	0.293529	0.415390	0.975206
574.0	116.0	0.208567	0.494701	0.536870	0.958824
166.0	156.0	0.154011	-0.641882	0.660100	0.745487
92.0	185.0	0.080838	-0.852753	0.856576	0.976759
490.0	225.0	-0.081479	0.251040	0.263931	0.989158
725.0	244.0	-0.167321	0.899727	0.915153	0.994120
543.0	250.0	-0.161214	0.390562	0.422526	0.973859
723.0	263.0	-0.225597	0.889713	0.917869	0.989637
275.0	295.0	-0.247957	-0.359182	0.436456	0.971894
378.0	300.0	-0.270107	-0.079381	0.281530	0.987873
47.0	312.0	-0.262812	-0.997120	1.031174	0.989702
603.0	315.0	-0.362518	0.561023	0.667957	0.887833
166.0	316.0	-0.296596	-0.663702	0.726959	0.970766
610.0	322.0	-0.362518	0.561023	0.667957	0.887822
485.0	322.0	-0.352448	0.223350	0.417258	0.975079
316.0	324.0	-0.354247	-0.253679	0.435711	0.970387
743.0	332.0	-0.417774	0.934629	1.023751	0.973791
