129.0	32.0	0.301522	-1.069195	1.110897	0.821778
556.0	31.0	0.484099	0.467036	0.672662	0.856805
450.0	33.0	0.456649	0.187053	0.493474	0.697145
34.0	36.0	0.505559	-1.009884	1.129361	0.923222
308.0	38.0	0.455346	-0.227639	0.509077	0.842585
137.0	38.0	0.304436	-1.068380	1.110908	0.821775
728.0	41.0	0.393038	0.935321	1.014547	0.976744
315.0	42.0	0.445090	-0.227526	0.499873	0.816327
652.0	47.0	0.396440	0.703763	0.807742	0.963813
65.0	48.0	0.477178	-0.938378	1.052735	0.873328
191.0	49.0	0.284525	-1.146592	1.181367	0.821957
303.0	48.0	0.473458	-0.262346	0.541284	0.836101
431.0	52.0	0.397719	0.124625	0.416788	0.975814
182.0	52.0	-8.949364	2.940046	9.419925	0.823080
701.0	54.0	0.360879	0.847342	0.920990	0.977049
444.0	56.0	0.403459	0.109692	0.418105	0.940215
630.0	59.0	0.343886	0.598455	0.690222	0.931192
613.0	64.0	0.568563	0.617295	0.839236	0.804320
360.0	70.0	0.335277	0.005867	0.335328	0.925027
683.0	71.0	0.321493	0.802698	0.864686	0.979316
203.0	80.0	0.333586	-0.532503	0.628362	0.848897
718.0	80.0	0.318904	0.902642	0.957321	0.973582
98.0	84.0	0.364262	-0.822368	0.899431	0.852678
434.0	84.0	-0.110903	0.040435	0.118044	0.797634
138.0	87.0	0.329823	-0.648562	0.727610	0.902420
416.0	91.0	0.018032	0.056037	0.058866	0.919362
743.0	92.0	0.145679	0.968508	0.979403	0.905968
230.0	92.0	0.323324	-0.451199	0.555085	0.954658
520.0	93.0	0.284349	0.408625	0.497824	0.870483
598.0	93.0	0.287032	0.567437	0.635903	0.807289
558.0	95.0	0.273582	0.440314	0.518385	0.956248
207.0	97.0	0.331565	-0.509221	0.607653	0.924799
126.0	100.0	0.246898	-0.936945	0.968929	0.879626
160.0	105.0	0.295561	-0.648630	0.712795	0.885967
764.0	106.0	0.212768	1.046463	1.067874	0.888809
244.0	109.0	0.275505	-0.289670	0.399764	0.892964
64.0	108.0	0.147319	-0.892497	0.904574	0.842200
555.0	110.0	0.246659	0.362260	0.438262	0.910987
251.0	113.0	0.263035	-0.428246	0.502575	0.888693
635.0	116.0	0.200518	0.663305	0.692951	0.977678
554.0	118.0	0.230709	0.481014	0.533480	0.768401
302.0	125.0	0.220948	-0.262098	0.342802	0.982650
564.0	127.0	0.227142	0.307942	0.382651	0.873009
129.0	129.0	0.234477	-0.494432	0.547213	0.794755
744.0	128.0	0.141281	0.989923	0.999954	0.991220
508.0	129.0	0.135708	0.374446	0.398280	0.864184
596.0	130.0	0.310383	0.582250	0.659813	0.837716
242.0	129.0	0.256154	-0.495195	0.557524	0.951401
355.0	132.0	0.318650	-0.145554	0.350320	0.676952
583.0	132.0	0.214191	0.743227	0.773476	0.925880
226.0	134.0	0.182595	-0.464671	0.499260	0.959468
650.0	137.0	0.128228	0.712949	0.724389	0.831583
689.0	137.0	0.133484	0.812750	0.823639	0.988689
417.0	142.0	0.164018	0.053610	0.172557	0.909254
707.0	144.0	0.145683	0.859021	0.871287	0.994786
661.0	143.0	0.135708	0.730431	0.742930	0.834683
339.0	150.0	0.145535	-0.151739	0.210250	0.817210
160.0	149.0	0.169697	-0.659070	0.680566	0.976915
283.0	157.0	9.929518	-3.234109	10.442930	0.738422
273.0	160.0	0.111121	-0.323192	0.341762	0.672932
722.0	164.0	0.051310	0.904727	0.906181	0.948630
442.0	163.0	0.066306	0.142769	0.157415	0.871859
716.0	167.0	0.051260	0.890222	0.891697	0.945275
488.0	167.0	0.085380	0.258979	0.272690	0.942932
375.0	169.0	0.424001	-0.050132	0.426954	0.948094
218.0	171.0	0.103312	-0.500218	0.510775	0.962630
557.0	173.0	0.117985	0.440983	0.456494	0.958995
451.0	174.0	0.062484	0.125344	0.140055	0.916966
390.0	175.0	0.169924	-0.046908	0.176280	0.955149
296.0	177.0	0.072000	-0.280258	0.289359	0.892706
241.0	178.0	0.100826	-0.446122	0.457373	0.967105
598.0	183.0	0.020564	0.532407	0.532804	0.927545
439.0	183.0	0.039997	0.125353	0.131579	0.990787
105.0	184.0	0.066587	-0.969485	0.971769	0.709190
587.0	185.0	0.019486	0.534570	0.534925	0.928353
293.0	187.0	0.118453	-0.281676	0.305569	0.858760
530.0	189.0	0.021229	0.366841	0.367454	0.900259
212.0	192.0	0.043646	-0.525924	0.527732	0.950732
729.0	192.0	-0.075441	0.907792	0.910921	0.843201
395.0	195.0	0.024921	-0.013131	0.028168	0.998636
111.0	198.0	0.079638	-0.861870	0.865542	0.650068
114.0	201.0	0.054262	-1.444380	1.445399	0.552942
718.0	206.0	-0.035658	0.905849	0.906551	0.896028
137.0	207.0	0.029306	-0.770439	0.770996	0.976473
255.0	209.0	-0.015348	-0.395268	0.395566	0.935922
236.0	209.0	2.962590	-8.027369	8.556610	0.888648
105.0	213.0	-0.035355	-0.661906	0.662850	0.663587
672.0	214.0	-0.084139	0.750900	0.755599	0.989848
110.0	216.0	-0.029075	-0.713883	0.714475	0.737237
233.0	216.0	-0.021989	-0.462975	0.463497	0.821020
264.0	217.0	-0.023285	-0.395648	0.396332	0.836397
705.0	217.0	0.058785	0.878942	0.880905	0.868875
76.0	222.0	-0.015396	-0.900050	0.900182	0.793003
325.0	223.0	-0.056225	-0.239228	0.245746	0.855526
564.0	228.0	-0.106385	0.450092	0.462494	0.789127
667.0	233.0	-0.133614	0.704428	0.716988	0.978797
283.0	233.0	-0.058140	-0.352206	0.356973	0.869494
553.0	234.0	-0.114340	0.410240	0.425876	0.872640
95.0	238.0	-0.080528	-0.896171	0.899781	0.988375
392.0	240.0	-0.069927	-0.025503	0.074432	0.936965
273.0	243.0	-0.076533	-0.275701	0.286126	0.720605
590.0	242.0	-0.141816	0.526021	0.544802	0.964727
374.0	247.0	-0.118434	-0.090397	0.148991	0.981034
176.0	251.0	4.004787	-8.814537	9.681652	0.860507
626.0	251.0	-0.126203	0.567675	0.581534	0.879083
148.0	255.0	0.060952	-0.619978	0.622967	0.805459
671.0	257.0	-0.200917	0.746869	0.773421	0.939754
172.0	259.0	-0.070679	-0.500630	0.505595	0.799133
510.0	265.0	-0.208913	0.292296	0.359279	0.792724
548.0	265.0	-0.198804	0.417174	0.462122	0.968428
749.0	268.0	-0.241738	1.038081	1.065856	0.781245
639.0	270.0	-0.157418	1.009195	1.021398	0.851651
513.0	273.0	-0.219157	0.289371	0.362995	0.931652
636.0	270.0	-0.245108	0.663971	0.707768	0.883654
334.0	273.0	-0.195878	-0.191379	0.273850	0.989208
359.0	274.0	-0.200809	-0.123504	0.235749	0.983011
758.0	275.0	-0.241696	0.968191	0.997903	0.788206
179.0	278.0	-0.197600	-0.644292	0.673913	0.921033
215.0	277.0	-0.200360	-0.530389	0.566972	0.870922
406.0	279.0	-0.224554	0.010184	0.224784	0.992662
168.0	284.0	-0.222263	-0.691306	0.726158	0.840464
652.0	285.0	-0.200992	0.790681	0.815827	0.910515
136.0	287.0	-0.188160	-0.780913	0.803262	0.984419
484.0	290.0	-0.263643	0.236747	0.354340	0.924238
268.0	291.0	-0.240147	-0.382734	0.451836	0.859702
157.0	294.0	-0.238052	-0.742857	0.780067	0.844265
580.0	295.0	-0.294886	0.490745	0.572528	0.843086
122.0	299.0	-0.109071	-0.771851	0.779520	0.936959
255.0	298.0	-0.204670	-0.382418	0.433743	0.859596
510.0	298.0	-0.299697	0.314742	0.434604	0.847074
78.0	298.0	-0.128184	-0.901792	0.910857	0.978957
266.0	301.0	-0.244384	-0.382314	0.453748	0.749714
519.0	304.0	-0.305549	0.316429	0.439872	0.847944
736.0	306.0	-0.350521	0.918380	0.982999	0.939994
330.0	308.0	-0.280192	-0.216400	0.354029	0.978924
635.0	308.0	-0.096476	1.000462	1.005103	0.906849
688.0	312.0	-0.368100	0.760485	0.844887	0.968778
184.0	314.0	-0.299273	-0.616361	0.685176	0.868788
275.0	312.0	-0.295156	-0.376180	0.478151	0.791335
735.0	315.0	-0.349806	0.836204	0.906422	0.916360
422.0	317.0	-0.331422	0.046373	0.334650	0.983748
268.0	321.0	-0.340002	-0.300533	0.453785	0.827089
355.0	320.0	-0.321574	-0.204487	0.381084	0.901077
457.0	321.0	-0.365691	0.136688	0.390402	0.976329
541.0	321.0	-0.444775	0.385724	0.588735	0.898701
649.0	323.0	-0.391314	0.687097	0.790714	0.711751
194.0	333.0	-0.364055	-0.510653	0.627138	0.935215
260.0	334.0	-0.343901	-0.394961	0.523701	0.928538
457.0	337.0	-0.384709	0.105956	0.399033	0.955183
530.0	334.0	-0.378308	0.357350	0.520400	0.869626
226.0	335.0	-0.504980	-0.500069	0.710686	0.712165
368.0	339.0	-0.380795	-0.099023	0.393460	0.855748
136.0	342.0	-0.353415	-0.749763	0.828883	0.638046
334.0	345.0	-0.376037	-0.225686	0.438564	0.934954
462.0	345.0	-0.393086	0.134399	0.415427	0.950010
195.0	346.0	-0.366515	-0.594239	0.698178	0.944224
291.0	347.0	-0.441454	-0.327968	0.549950	0.950753
706.0	351.0	-0.447393	0.657475	0.795257	0.803691
154.0	351.0	-0.364325	-0.703866	0.792565	0.965308
688.0	350.0	-0.433613	0.769831	0.883550	0.910868
681.0	355.0	-0.432004	0.771361	0.884096	0.911443
36.0	357.0	-0.384436	-1.048515	1.116769	0.895971
763.0	358.0	-0.488847	0.982953	1.097801	0.900468
705.0	358.0	-0.398472	0.828050	0.918938	0.778318
69.0	360.0	-0.400280	-0.894553	0.980025	0.795813
375.0	360.0	-0.380888	-0.196623	0.428645	0.701761
56.0	365.0	-0.332636	-0.864211	0.926017	0.900260
213.0	367.0	-0.444763	-0.540722	0.700139	0.884499
742.0	368.0	-0.515522	1.035591	1.156811	0.883217
