247.0	42.0	0.461483	-0.401754	0.611860	0.947011
519.0	44.0	0.421553	0.340783	0.542070	0.956203
348.0	49.0	0.526434	-0.120293	0.540003	0.949683
132.0	71.0	0.395739	-0.725932	0.826793	0.966892
247.0	76.0	0.367369	-0.443670	0.576023	0.788988
569.0	85.0	0.289411	0.486414	0.566001	0.872885
330.0	88.0	0.323073	-0.183904	0.371748	0.980203
487.0	108.0	0.238346	0.251796	0.346713	0.937642
98.0	109.0	0.294233	-0.821178	0.872300	0.982877
481.0	109.0	0.238448	0.250954	0.346173	0.937668
378.0	124.0	0.247679	-0.059309	0.254681	0.985205
39.0	128.0	0.249482	-0.988810	1.019798	0.990273
686.0	129.0	0.156559	0.803195	0.818311	0.990872
361.0	131.0	0.182359	-0.099286	0.207636	0.992784
224.0	165.0	0.121016	-0.484074	0.498972	0.964450
104.0	176.0	0.107108	-0.818775	0.825751	0.810981
532.0	188.0	0.012665	0.369989	0.370206	0.980277
555.0	218.0	-0.071469	0.430354	0.436248	0.972774
507.0	237.0	-0.094539	0.294404	0.309211	0.984241
725.0	244.0	-0.166154	0.902602	0.917768	0.993566
543.0	250.0	-0.142161	0.383705	0.409194	0.973764
572.0	253.0	-0.169189	0.473953	0.503245	0.963795
635.0	272.0	-0.233450	0.646817	0.687657	0.973980
525.0	276.0	-0.227291	0.339235	0.408340	0.976042
378.0	301.0	-0.272750	-0.072803	0.282300	0.987751
47.0	312.0	-0.241424	-1.001886	1.030563	0.989512
214.0	346.0	-0.391232	-0.521336	0.651808	0.928247
397.0	348.0	-0.410028	-0.030180	0.411137	0.975570
435.0	354.0	-0.437530	0.079069	0.444617	0.971664
225.0	355.0	-0.399932	-0.521364	0.657089	0.924345
