287.0	33.0	0.620465	-0.401925	0.739270	0.893772
155.0	35.0	0.546568	-0.609808	0.818903	0.789909
544.0	41.0	0.396988	0.388780	0.555652	0.887517
674.0	39.0	0.425048	0.807226	0.912294	0.906075
315.0	40.0	0.541676	-0.189183	0.573762	0.859755
300.0	44.0	1.215836	-0.246840	1.240640	0.861029
332.0	44.0	0.043392	-0.080469	0.091423	0.898557
95.0	46.0	0.461723	-0.827591	0.947679	0.964511
258.0	48.0	0.704528	-0.068891	0.707888	0.779422
228.0	51.0	0.433749	-0.440177	0.617976	0.764996
385.0	51.0	0.414017	-0.023372	0.414676	0.952124
469.0	50.0	0.407290	0.260157	0.483288	0.960424
634.0	49.0	0.391669	0.673452	0.779065	0.961919
147.0	52.0	0.442209	-0.679792	0.810966	0.927072
223.0	50.0	0.433769	-0.440178	0.617990	0.765001
592.0	51.0	-9.946197	-1.514265	10.060806	0.615499
225.0	56.0	0.433749	-0.440177	0.617976	0.764999
733.0	58.0	0.327894	0.930933	0.986991	0.979892
189.0	58.0	0.403306	-0.553562	0.684898	0.872369
67.0	67.0	0.410813	-0.929413	1.016158	0.972452
55.0	71.0	0.393789	-0.923222	1.003697	0.976094
525.0	70.0	0.339380	0.597070	0.686784	0.829939
639.0	70.0	0.315893	0.679708	0.749528	0.767109
645.0	74.0	0.315800	0.691884	0.760548	0.766216
283.0	74.0	0.350148	-0.218394	0.412674	0.846164
667.0	76.0	0.302008	0.778958	0.835455	0.682620
331.0	80.0	0.343389	-0.175864	0.385803	0.960965
200.0	82.0	0.404068	-0.537234	0.672229	0.830419
674.0	81.0	0.301254	0.945704	0.992527	0.763790
712.0	83.0	0.302777	0.884427	0.934818	0.897678
545.0	85.0	0.139149	0.444367	0.465645	0.809384
515.0	86.0	0.328744	0.310728	0.452354	0.862332
255.0	86.0	0.706321	-0.374522	0.799472	0.854603
271.0	87.0	0.501820	-0.321359	0.595898	0.786839
405.0	88.0	0.311064	0.299483	0.431800	0.867079
277.0	88.0	0.336127	-0.300941	0.451162	0.833119
200.0	94.0	0.398864	-0.537151	0.669046	0.830282
293.0	93.0	0.358254	-0.286117	0.458485	0.959691
153.0	97.0	0.407980	-0.663915	0.779250	0.806528
473.0	98.0	0.258886	0.222456	0.341333	0.960056
470.0	96.0	0.258252	0.220801	0.339776	0.962457
759.0	100.0	0.208343	1.013458	1.034652	0.975776
225.0	106.0	0.284040	-0.476799	0.554992	0.763058
437.0	106.0	0.259359	-0.205909	0.331158	0.854694
168.0	109.0	0.287133	-0.623925	0.686824	0.911457
248.0	110.0	0.314121	-0.100804	0.329899	0.625324
637.0	113.0	0.238070	0.649955	0.692184	0.872811
639.0	111.0	0.221408	0.639403	0.676652	0.860034
715.0	113.0	0.184710	0.811155	0.831919	0.933048
51.0	114.0	0.290874	-0.950323	0.993842	0.725687
396.0	117.0	1.880847	8.957298	9.152638	0.612043
623.0	122.0	0.273803	0.736570	0.785814	0.786375
68.0	123.0	0.265002	-0.941775	0.978349	0.833542
252.0	123.0	0.300804	-0.428884	0.523855	0.586876
717.0	126.0	0.150131	0.909801	0.922104	0.926424
198.0	129.0	0.220741	-0.549821	0.592477	0.964194
443.0	127.0	0.451528	0.128986	0.469590	0.901546
610.0	134.0	0.184653	0.618924	0.645882	0.902257
561.0	135.0	0.019341	0.458823	0.459231	0.953788
728.0	135.0	0.139436	0.918545	0.929068	0.913216
62.0	138.0	0.242398	-1.003331	1.032197	0.828544
576.0	139.0	-0.025738	0.291879	0.293012	0.782970
634.0	145.0	0.214401	0.658676	0.692692	0.945727
131.0	147.0	0.180644	-0.738793	0.760557	0.985472
280.0	146.0	0.128628	-0.306242	0.332159	0.978893
459.0	148.0	0.122656	0.180407	0.218154	0.981195
655.0	150.0	0.088088	0.716699	0.722092	0.919111
220.0	152.0	0.159346	-0.395641	0.426525	0.955547
298.0	151.0	0.138184	-0.136069	0.193932	0.799837
70.0	152.0	0.204407	-0.831034	0.855803	0.898431
468.0	155.0	0.123142	0.194081	0.229851	0.950161
667.0	155.0	0.096033	0.710247	0.716710	0.925581
379.0	156.0	0.181821	0.154839	0.238818	0.943409
571.0	156.0	0.156912	0.478428	0.503502	0.664362
533.0	156.0	0.105815	0.372825	0.387550	0.840583
297.0	156.0	0.159306	-0.131241	0.206404	0.797057
92.0	157.0	0.131012	-0.979679	0.988400	0.659942
316.0	161.0	0.176786	-0.226368	0.287221	0.986475
394.0	161.0	0.164123	-0.028303	0.166545	0.944336
412.0	164.0	0.143824	0.044249	0.150477	0.981447
566.0	166.0	0.144878	0.458427	0.480776	0.667914
385.0	171.0	0.098047	0.047129	0.108786	0.948937
225.0	173.0	0.093212	-0.480767	0.489720	0.965485
52.0	175.0	0.118025	-0.964144	0.971341	0.962839
538.0	181.0	0.039243	0.385512	0.387504	0.840079
756.0	181.0	-0.097387	0.994440	0.999197	0.956503
668.0	182.0	0.019204	0.741504	0.741752	0.883994
111.0	184.0	0.083422	-0.800850	0.805183	0.818756
330.0	187.0	0.043669	-0.193973	0.198828	0.840160
179.0	188.0	0.027117	-0.595600	0.596217	0.846780
397.0	189.0	0.035212	-0.062565	0.071793	0.992631
627.0	193.0	-0.017214	0.633473	0.633706	0.973618
442.0	194.0	-0.010605	0.125703	0.126149	0.964785
649.0	196.0	-0.026028	0.688291	0.688783	0.978086
281.0	197.0	0.026436	-0.330847	0.331902	0.981612
357.0	202.0	0.053918	-0.005936	0.054243	0.905497
250.0	202.0	0.013590	-0.416068	0.416290	0.951862
448.0	207.0	-0.021466	0.130706	0.132457	0.966402
76.0	206.0	0.026224	-0.900445	0.900827	0.867893
334.0	207.0	0.051719	-0.327628	0.331685	0.692881
680.0	207.0	-0.057904	0.785372	0.787503	0.925167
58.0	209.0	0.018379	-0.997898	0.998067	0.986246
159.0	210.0	0.008654	-0.658008	0.658065	0.919897
342.0	212.0	0.029638	-0.077097	0.082597	0.890556
660.0	213.0	-0.057842	-0.096427	0.112445	0.871153
362.0	215.0	-0.022135	-0.102218	0.104587	0.981112
557.0	215.0	-0.060531	0.434093	0.438293	0.972449
493.0	221.0	-0.157520	0.186767	0.244324	0.936990
264.0	227.0	-0.062810	-0.377903	0.383087	0.890623
292.0	230.0	-0.100074	-0.224536	0.245828	0.912703
213.0	229.0	-0.081711	-0.504615	0.511188	0.898869
186.0	231.0	-0.052463	-0.585806	0.588150	0.973516
230.0	232.0	-0.131569	-0.498428	0.515501	0.742815
745.0	236.0	-0.234415	0.939747	0.968542	0.895469
508.0	237.0	-0.097551	0.282083	0.298474	0.902049
222.0	239.0	-0.046071	-0.505025	0.507122	0.826001
577.0	241.0	-0.138029	0.485878	0.505103	0.739126
304.0	244.0	-0.002203	-0.296187	0.296195	0.876195
732.0	244.0	-0.205872	0.932908	0.955353	0.956113
115.0	245.0	-0.057746	-0.806370	0.808435	0.985969
462.0	244.0	-0.123495	0.206980	0.241022	0.853057
628.0	246.0	-0.151518	0.627550	0.645583	0.974981
288.0	248.0	-0.170533	-0.531962	0.558628	0.772430
744.0	253.0	-0.200292	0.970191	0.990650	0.929177
33.0	255.0	-0.102084	-1.029611	1.034659	0.994328
181.0	254.0	-0.122813	-0.734468	0.744665	0.804981
493.0	254.0	0.029408	0.171808	0.174306	0.860398
469.0	256.0	-0.221840	1.251357	1.270869	0.663730
219.0	262.0	-0.133856	-0.421427	0.442174	0.924627
475.0	261.0	-0.196920	0.310948	0.368057	0.783608
724.0	264.0	-0.223470	0.862291	0.890777	0.880949
301.0	263.0	-0.121593	-0.615987	0.627874	0.849140
228.0	266.0	-0.269369	-0.497510	0.565752	0.932304
382.0	269.0	-0.190151	-0.249134	0.313408	0.925807
475.0	271.0	-0.211539	0.250996	0.328250	0.810982
488.0	271.0	-0.198936	0.312191	0.370187	0.813064
116.0	275.0	-0.163266	-0.796656	0.813214	0.989011
416.0	275.0	-0.212021	0.122236	0.244734	0.756779
426.0	274.0	10.068667	-0.822995	10.102246	0.826810
572.0	276.0	-0.279557	1.718656	1.741244	0.705522
344.0	280.0	-0.222653	-0.178578	0.285420	0.955402
279.0	282.0	-4.341637	-9.533901	10.475928	0.864631
544.0	284.0	0.381296	0.418447	0.566113	0.727064
206.0	289.0	-0.210585	-0.544879	0.584157	0.926402
72.0	290.0	-0.212634	-0.909842	0.934358	0.851601
618.0	291.0	-0.285237	0.485622	0.563196	0.838158
283.0	292.0	-0.520025	-0.335859	0.619054	0.753978
558.0	291.0	-0.410809	0.462148	0.618340	0.743126
668.0	291.0	-0.294749	0.735272	0.792150	0.871787
39.0	292.0	-0.216826	-0.999614	1.022860	0.870525
81.0	293.0	-0.212729	-0.909851	0.934389	0.852009
745.0	293.0	-0.322781	0.925985	0.980630	0.969912
506.0	294.0	-0.282015	0.285721	0.401459	0.671751
297.0	295.0	-0.365629	-0.342517	0.501002	0.732875
46.0	298.0	-0.225300	-1.000724	1.025772	0.869752
468.0	297.0	-0.291668	0.011931	0.291912	0.746168
593.0	299.0	-0.312506	0.518040	0.605000	0.820641
735.0	301.0	-0.322338	0.907632	0.963171	0.949860
563.0	302.0	-0.306694	0.432517	0.530219	0.894700
560.0	310.0	-0.327213	0.435173	0.544467	0.866041
225.0	310.0	-0.286386	-0.500007	0.576215	0.922209
302.0	312.0	-0.300299	-0.138550	0.330720	0.953589
244.0	313.0	-0.559117	-0.746690	0.932822	0.747110
456.0	314.0	-0.324148	-0.073681	0.332417	0.950237
404.0	316.0	-0.332881	0.004823	0.332916	0.845973
397.0	318.0	-0.328230	-0.022734	0.329017	0.787576
415.0	319.0	-0.386112	0.069988	0.392404	0.735794
586.0	316.0	-0.315620	-0.553459	0.637129	0.734079
195.0	320.0	-0.319000	-0.423978	0.530584	0.828362
105.0	327.0	-0.313300	-0.901002	0.953918	0.976947
207.0	328.0	-0.140370	-0.564363	0.581558	0.812999
538.0	328.0	-6.052399	1.267606	6.183717	0.765264
342.0	331.0	-0.360949	-0.178338	0.402603	0.976789
631.0	333.0	-0.407956	0.607454	0.731730	0.882885
480.0	338.0	-0.199220	0.476351	0.516332	0.755198
550.0	340.0	-0.426308	0.397503	0.582878	0.708540
617.0	341.0	-0.389473	0.624283	0.735812	0.956550
635.0	340.0	-0.424056	0.626983	0.756922	0.835219
545.0	341.0	-0.426392	0.397861	0.583184	0.708540
95.0	346.0	-0.385244	-0.852778	0.935758	0.957668
241.0	350.0	-0.393202	-0.473815	0.615718	0.684994
473.0	352.0	-0.306479	0.257796	0.400485	0.838638
664.0	354.0	-0.472720	0.715829	0.857832	0.653548
422.0	354.0	-0.440899	0.031824	0.442046	0.970151
105.0	356.0	-0.389142	-0.845285	0.930558	0.865983
278.0	359.0	-0.429044	-0.421641	0.601548	0.849321
298.0	357.0	-0.477208	-0.039961	0.478878	0.861800
122.0	359.0	-1.330052	-0.636046	1.474311	0.766018
383.0	359.0	-0.449225	-0.068222	0.454376	0.771419
378.0	363.0	-0.366291	-0.047279	0.369330	0.805321
349.0	364.0	-0.358840	-0.148172	0.388228	0.730434
179.0	365.0	-0.426419	-0.642604	0.771216	0.587072
143.0	368.0	-0.442175	-0.904265	1.006585	0.801059
