269.0	30.0	0.473385	-0.343089	0.584639	0.913216
374.0	31.0	0.471232	-0.046391	0.473510	0.874144
402.0	31.0	0.592122	0.031384	0.592953	0.948487
435.0	31.0	0.435519	0.124289	0.452907	0.966196
705.0	31.0	0.426341	0.867515	0.966617	0.837124
603.0	31.0	0.442802	0.541847	0.699766	0.860838
245.0	35.0	0.490294	-0.399915	0.632709	0.870384
84.0	38.0	0.495781	-0.798822	0.940168	0.804125
306.0	37.0	0.582005	-0.250758	0.633726	0.870107
648.0	38.0	0.272215	0.957084	0.995043	0.934587
180.0	42.0	0.460902	0.154431	0.486086	0.777674
451.0	44.0	0.431064	0.284914	0.516713	0.949718
48.0	45.0	0.470987	-0.947831	1.058401	0.887080
300.0	45.0	0.587199	-0.254546	0.639997	0.805123
38.0	49.0	0.406540	-0.964441	1.046623	0.715373
30.0	51.0	0.487764	-1.016800	1.127739	0.719974
134.0	52.0	0.493553	-0.632398	0.802198	0.755812
632.0	52.0	0.348158	0.666647	0.752086	0.961932
64.0	51.0	0.247190	-0.944785	0.976586	0.899651
229.0	53.0	0.429465	-0.453506	0.624586	0.943891
54.0	55.0	0.528940	-0.947016	1.084720	0.876807
188.0	57.0	0.438427	-0.494664	0.660992	0.835177
459.0	58.0	0.405377	0.203078	0.453400	0.949245
283.0	57.0	0.646208	-0.277615	0.703317	0.700132
194.0	61.0	0.419135	-0.551333	0.692562	0.932483
718.0	61.0	0.341004	0.896325	0.959001	0.876548
532.0	64.0	0.363192	0.530170	0.642642	0.858123
564.0	64.0	0.351586	0.446080	0.567978	0.949752
296.0	68.0	0.383549	-0.459059	0.598202	0.714809
608.0	69.0	0.337566	0.596287	0.685207	0.911677
357.0	67.0	0.349050	-0.075516	0.357125	0.975682
322.0	70.0	0.618046	-0.203804	0.650782	0.777086
696.0	71.0	0.314490	0.844724	0.901367	0.761346
68.0	73.0	0.399729	-0.884770	0.970876	0.975671
404.0	75.0	0.061250	-0.011293	0.062282	0.849398
390.0	81.0	0.244271	-0.009918	0.244473	0.887183
102.0	81.0	0.373027	-0.809244	0.891081	0.874123
578.0	80.0	0.306826	-0.295817	0.426204	0.765475
506.0	82.0	0.308720	0.158748	0.347144	0.846060
526.0	81.0	0.340462	-0.478233	0.587045	0.844644
307.0	82.0	0.604125	-0.251462	0.654370	0.768205
551.0	86.0	0.291633	0.427681	0.517649	0.959699
235.0	89.0	0.329570	-0.448247	0.556364	0.953827
138.0	94.0	0.197454	-0.705657	0.732762	0.981881
449.0	95.0	0.284050	0.151648	0.321996	0.984427
721.0	95.0	0.265254	0.876730	0.915978	0.658027
405.0	98.0	0.043288	0.017057	0.046528	0.930965
272.0	100.0	0.293209	-0.343200	0.451396	0.965376
593.0	101.0	0.316011	0.508905	0.599038	0.821341
181.0	102.0	0.315079	-0.585733	0.665100	0.941564
193.0	103.0	0.300951	-0.585729	0.658521	0.958435
605.0	105.0	0.241535	0.572681	0.621533	0.928067
420.0	105.0	0.190167	0.088296	0.209666	0.753476
240.0	106.0	-0.365378	-0.416539	0.554081	0.772590
359.0	107.0	0.324346	-0.166879	0.364759	0.838181
767.0	107.0	0.254507	1.541502	1.562371	0.774363
224.0	111.0	0.211299	-0.480503	0.524910	0.878806
649.0	111.0	0.225088	0.578083	0.620358	0.845790
630.0	113.0	0.215771	0.640461	0.675831	0.876196
577.0	115.0	0.252483	0.504559	0.564205	0.949882
135.0	116.0	0.257744	-0.669957	0.717826	0.969343
375.0	115.0	0.069219	0.193010	0.205047	0.771157
437.0	117.0	0.148843	0.102988	0.181000	0.884105
412.0	120.0	0.221985	0.403692	0.460700	0.842051
75.0	124.0	0.255867	-0.958748	0.992303	0.984136
298.0	125.0	0.236930	-0.287310	0.372401	0.763818
370.0	128.0	0.209588	-0.062364	0.218670	0.752339
135.0	129.0	0.257366	-0.741479	0.784875	0.976084
691.0	130.0	0.123437	0.801903	0.811347	0.992991
119.0	132.0	0.205724	-0.819050	0.844491	0.945296
324.0	132.0	0.342307	-0.233351	0.414278	0.908044
116.0	132.0	0.242291	-0.830480	0.865102	0.934117
280.0	140.0	0.200047	-0.316374	0.374314	0.970117
496.0	143.0	0.357644	0.284165	0.456792	0.952651
702.0	143.0	0.131571	0.835475	0.845771	0.959751
56.0	143.0	0.197173	-0.952721	0.972910	0.865508
473.0	146.0	0.140406	0.214150	0.256074	0.767900
511.0	149.0	0.151530	0.284343	0.322200	0.960825
629.0	148.0	0.113432	0.646446	0.656323	0.750160
375.0	150.0	0.136654	-0.055389	0.147453	0.996109
162.0	153.0	0.165291	-0.650313	0.670991	0.939593
618.0	150.0	0.110824	0.644303	0.653765	0.750042
416.0	158.0	0.111740	-0.138168	0.177697	0.718937
98.0	159.0	0.297714	-0.829374	0.881190	0.554173
128.0	158.0	0.144924	-0.757344	0.771086	0.767901
647.0	160.0	-0.272459	0.622408	0.679430	0.879799
559.0	162.0	0.067766	0.448109	0.453204	0.959639
228.0	163.0	0.124484	-0.470302	0.486498	0.965038
666.0	164.0	-0.004634	0.607382	0.607400	0.838338
321.0	164.0	0.111450	-0.212843	0.240257	0.812360
52.0	165.0	0.145157	-0.961032	0.971933	0.956942
702.0	170.0	0.016881	0.843095	0.843264	0.904385
102.0	181.0	0.095319	-0.820350	0.825870	0.993777
52.0	183.0	0.055984	-0.929715	0.931399	0.949649
172.0	188.0	0.054921	-0.559421	0.562110	0.754435
481.0	187.0	0.030093	0.245247	0.247086	0.902378
734.0	188.0	0.180863	0.935322	0.952649	0.939260
201.0	190.0	-0.165719	-0.553098	0.577391	0.843313
614.0	189.0	0.298780	0.763826	0.820183	0.821528
119.0	190.0	-0.114606	-0.786507	0.794813	0.877260
598.0	190.0	-0.001840	0.592974	0.592977	0.772922
716.0	191.0	-0.019911	0.876739	0.876965	0.898591
753.0	192.0	0.029293	0.910890	0.911361	0.811517
661.0	192.0	-0.012474	1.026489	1.026565	0.897546
63.0	194.0	0.082052	-0.944587	0.948144	0.812489
693.0	199.0	-0.041092	0.813245	0.814282	0.994400
596.0	201.0	-0.023535	0.545262	0.545769	0.771182
361.0	202.0	-0.002366	-0.108764	0.108789	0.998271
260.0	205.0	-0.003685	-0.390212	0.390229	0.977961
408.0	206.0	-0.022542	-0.142978	0.144744	0.951905
662.0	206.0	-0.014510	0.766750	0.766887	0.885290
749.0	210.0	-0.087084	0.765965	0.770899	0.872929
570.0	211.0	-0.012145	0.749241	0.749340	0.926812
473.0	213.0	-0.047751	0.187386	0.193375	0.922330
717.0	213.0	-0.052007	0.872135	0.873685	0.791304
723.0	212.0	-0.052030	0.870487	0.872040	0.794099
330.0	215.0	-0.084700	-0.260728	0.274141	0.923391
55.0	217.0	-0.002214	-0.603703	0.603707	0.838297
133.0	219.0	-0.018818	-0.745583	0.745821	0.980405
172.0	218.0	0.039050	-0.563305	0.564657	0.946588
413.0	220.0	-0.025648	0.034002	0.042590	0.895019
553.0	220.0	-0.105790	0.389754	0.403856	0.909619
80.0	223.0	-0.023124	-0.885315	0.885617	0.970009
296.0	222.0	-0.135432	0.517397	0.534828	0.758664
332.0	225.0	-0.082479	-0.350689	0.360258	0.924068
747.0	223.0	-0.090102	0.973990	0.978148	0.861945
373.0	225.0	-0.347374	-0.076946	0.355794	0.846003
573.0	225.0	-0.094453	0.485773	0.494870	0.866363
210.0	227.0	-0.051643	-0.526176	0.528704	0.756729
531.0	227.0	-8.708489	-4.829214	9.957866	0.894432
340.0	230.0	0.023421	-0.337079	0.337891	0.854268
540.0	232.0	-0.151292	0.387068	0.415585	0.836618
173.0	235.0	-0.065309	-0.575006	0.578703	0.953320
572.0	233.0	-0.093525	0.480627	0.489642	0.859845
301.0	237.0	-0.085912	-0.109796	0.139413	0.767174
162.0	241.0	-0.075849	-0.635455	0.639966	0.970110
255.0	244.0	-0.096689	-0.406811	0.418143	0.972392
210.0	248.0	-0.144858	-0.531222	0.550619	0.875826
456.0	250.0	-0.150782	0.153485	0.215158	0.874615
609.0	254.0	-0.186244	0.586159	0.615036	0.845046
47.0	255.0	-0.161203	-1.136106	1.147485	0.883695
617.0	259.0	-0.186200	0.586231	0.615091	0.845026
754.0	259.0	-0.455451	0.910701	1.018240	0.576905
129.0	268.0	-0.156139	-0.759705	0.775584	0.987308
710.0	266.0	-0.417584	1.593868	1.647663	0.693087
552.0	270.0	-0.186568	0.422356	0.461727	0.965136
567.0	270.0	-0.183548	0.434677	0.471841	0.966237
53.0	271.0	-0.166855	-1.101356	1.113924	0.934919
214.0	276.0	-0.191453	-0.501618	0.536912	0.858778
520.0	274.0	-0.302247	0.295835	0.422933	0.845315
692.0	276.0	-0.070773	0.832859	0.835860	0.931154
731.0	273.0	-0.409430	0.872601	0.963880	0.747304
102.0	277.0	-0.185781	-0.836195	0.856584	0.930731
93.0	277.0	-0.190520	-0.836371	0.857797	0.930920
675.0	278.0	-0.212858	0.728136	0.758611	0.834997
266.0	279.0	-0.198327	-0.385533	0.433555	0.817797
716.0	280.0	-0.390603	0.990718	1.064938	0.774574
664.0	285.0	-0.255544	0.702093	0.747153	0.665314
106.0	287.0	-0.183798	-0.836150	0.856112	0.930551
170.0	293.0	-0.314812	-0.727768	0.792940	0.743736
326.0	294.0	-0.251693	-0.228249	0.339775	0.724636
247.0	292.0	-0.252552	-0.451229	0.517098	0.759894
244.0	297.0	-0.266617	-0.452001	0.524776	0.759863
204.0	299.0	-0.256539	-0.551165	0.607944	0.835431
383.0	300.0	-0.288137	-0.053305	0.293027	0.955666
419.0	299.0	-0.277240	0.031824	0.279061	0.887017
389.0	308.0	-0.288137	-0.053306	0.293027	0.955664
489.0	307.0	-0.340526	0.231571	0.411805	0.857966
322.0	310.0	-0.341121	-0.342342	0.483282	0.730264
54.0	310.0	-0.254560	-0.702036	0.746763	0.903390
120.0	311.0	-0.264386	-0.783165	0.826588	0.763882
607.0	312.0	-0.338774	0.564773	0.658587	0.938274
467.0	311.0	-0.321560	0.187673	0.372320	0.966517
192.0	315.0	-0.263018	-0.613483	0.667488	0.947589
301.0	315.0	-0.340247	-0.283190	0.442679	0.864396
489.0	318.0	-0.340559	0.275222	0.437867	0.858569
331.0	321.0	-0.342936	-0.183376	0.388885	0.845659
173.0	323.0	-0.168941	-0.643980	0.665771	0.827177
48.0	327.0	-0.306054	-0.860081	0.912912	0.971195
75.0	325.0	-0.302333	-0.931763	0.979586	0.842380
280.0	328.0	-0.365338	-0.384240	0.530200	0.882563
657.0	331.0	-0.405723	0.717229	0.824032	0.942231
340.0	332.0	-0.344593	-0.197557	0.397207	0.956230
374.0	332.0	-0.375895	-0.085433	0.385481	0.978107
215.0	335.0	-0.383384	-0.512896	0.640348	0.744420
288.0	337.0	-0.371348	-0.327168	0.494912	0.787966
726.0	348.0	-0.422218	0.812413	0.915578	0.771795
340.0	351.0	-0.364441	-0.256716	0.445781	0.930981
609.0	349.0	-0.450550	0.533489	0.698288	0.832976
665.0	349.0	-0.470149	0.422685	0.632221	0.760917
270.0	352.0	-0.498720	-0.604974	0.784038	0.713446
598.0	352.0	-0.450668	0.533490	0.698364	0.833022
393.0	352.0	-0.409100	-0.072476	0.415470	0.733905
639.0	355.0	-0.462498	0.642733	0.791840	0.908267
721.0	355.0	-0.462981	0.823843	0.945023	0.759088
157.0	363.0	-0.461794	-0.699059	0.837817	0.782286
