610.0	31.0	0.483536	0.630090	0.794241	0.800197
201.0	35.0	0.473376	-0.537996	0.716606	0.870974
461.0	40.0	0.459915	0.196132	0.499989	0.958467
652.0	43.0	0.389133	0.727440	0.824981	0.810539
193.0	45.0	0.529286	-0.535215	0.752727	0.861063
364.0	46.0	0.431337	-0.067617	0.436605	0.792821
290.0	46.0	0.472936	-0.320795	0.571470	0.897640
333.0	54.0	0.410858	-0.198013	0.456085	0.799047
402.0	52.0	0.416955	0.014252	0.417198	0.960090
648.0	53.0	0.351956	0.714294	0.796297	0.846962
151.0	55.0	0.563569	-0.667582	0.873657	0.914711
663.0	58.0	0.209658	0.778903	0.806626	0.854144
434.0	61.0	0.394866	0.107383	0.409207	0.943542
343.0	66.0	0.410746	-0.127086	0.429957	0.800450
508.0	69.0	0.670123	0.281750	0.726945	0.883085
403.0	73.0	0.411617	0.013665	0.411844	0.743048
533.0	72.0	0.336619	0.402570	0.524762	0.825263
249.0	76.0	0.363690	-0.402887	0.542760	0.847878
761.0	79.0	0.177404	0.833986	0.852646	0.740385
406.0	81.0	3.893027	8.894258	9.708938	0.790938
102.0	84.0	0.347933	-0.809236	0.880864	0.894931
481.0	86.0	0.316325	0.058649	0.321716	0.877819
598.0	87.0	0.141292	0.605731	0.621992	0.838475
109.0	92.0	0.347929	-0.809326	0.880945	0.894961
99.0	93.0	0.343563	-0.809304	0.879209	0.895309
602.0	95.0	0.141284	0.606621	0.622856	0.839247
512.0	96.0	1.201204	0.342301	1.249024	0.695551
621.0	98.0	0.261268	0.631774	0.683666	0.971152
650.0	96.0	0.168824	1.813294	1.821136	0.649638
552.0	97.0	0.266521	0.437565	0.512344	0.900373
527.0	100.0	0.464905	0.359996	0.587992	0.863543
715.0	102.0	0.234856	0.889793	0.920266	0.933594
369.0	102.0	0.269965	-0.059533	0.276451	0.829875
680.0	105.0	0.294345	0.793202	0.846054	0.780855
768.0	107.0	0.211074	0.945264	0.968543	0.865165
458.0	109.0	0.463546	0.188410	0.500373	0.871036
656.0	111.0	0.211494	0.932659	0.956338	0.779453
495.0	112.0	0.982108	0.334882	1.037632	0.740965
145.0	116.0	0.269413	-0.877862	0.918273	0.939302
509.0	117.0	0.240675	0.312328	0.394301	0.777306
194.0	118.0	0.304535	-0.564064	0.641023	0.901691
538.0	118.0	0.195793	0.353398	0.404011	0.917241
477.0	121.0	0.223232	0.093411	0.241988	0.852749
585.0	120.0	0.199767	0.519899	0.556958	0.960430
370.0	124.0	0.193752	-0.109487	0.222547	0.962829
175.0	123.0	0.239639	-0.618203	0.663024	0.668049
198.0	124.0	0.288587	-0.555191	0.625715	0.946903
115.0	126.0	0.243363	-0.779597	0.816699	0.984434
560.0	127.0	0.157894	0.429546	0.457647	0.822867
732.0	130.0	0.141949	0.932482	0.943225	0.993955
534.0	130.0	0.193382	0.393437	0.438394	0.911308
422.0	130.0	0.177653	0.101127	0.204419	0.983621
469.0	138.0	0.130060	0.297771	0.324936	0.908647
354.0	139.0	0.693205	-0.296371	0.753902	0.736243
346.0	140.0	0.147405	-0.092725	0.174143	0.874008
506.0	143.0	0.127569	0.271081	0.299598	0.979491
192.0	144.0	0.144159	0.407107	0.431877	0.653639
537.0	148.0	0.135192	0.449447	0.469339	0.882377
523.0	150.0	-0.007980	0.956731	0.956764	0.791638
147.0	152.0	0.165874	-0.687837	0.707554	0.978555
311.0	151.0	0.121140	-0.241803	0.270451	0.813530
155.0	153.0	0.165868	-0.687656	0.707377	0.978825
570.0	155.0	0.110623	0.524545	0.536083	0.803856
195.0	159.0	0.140966	-0.376307	0.401844	0.875641
340.0	161.0	0.107276	-0.185244	0.214065	0.767254
310.0	162.0	0.121058	-0.239463	0.268324	0.847201
459.0	161.0	0.100798	0.206184	0.229504	0.989797
497.0	163.0	-0.086961	0.165992	0.187392	0.826060
528.0	164.0	0.116606	0.598201	0.609459	0.735316
679.0	163.0	8.632194	-5.262485	10.109822	0.849588
670.0	169.0	0.049946	0.758369	0.760012	0.771788
336.0	169.0	0.093701	-0.183013	0.205606	0.817922
748.0	171.0	0.034146	0.975099	0.975697	0.819739
209.0	177.0	0.088227	-0.521246	0.528660	0.965618
36.0	179.0	0.106034	-1.002814	1.008404	0.822393
274.0	178.0	0.076759	-0.349542	0.357871	0.921041
71.0	180.0	0.141618	-0.913134	0.924051	0.979876
95.0	181.0	0.094535	-0.846352	0.851616	0.995275
339.0	183.0	0.068136	-0.115949	0.134487	0.959259
45.0	184.0	0.151866	-1.002563	1.014000	0.903410
400.0	195.0	0.014563	0.008342	0.016783	0.742759
768.0	197.0	-0.086393	1.027949	1.031573	0.901654
200.0	201.0	0.007626	-0.554222	0.554275	0.949768
178.0	207.0	0.008636	-0.618957	0.619017	0.978830
573.0	208.0	-0.046480	0.477874	0.480129	0.768665
199.0	208.0	0.007626	-0.554222	0.554275	0.949768
546.0	210.0	-0.046316	0.412572	0.415164	0.968749
146.0	218.0	-0.024176	-0.711517	0.711928	0.986748
275.0	218.0	-0.054467	-0.349332	0.353553	0.976852
401.0	220.0	-0.059518	0.103031	0.118987	0.928184
117.0	228.0	0.029555	-0.789497	0.790050	0.820805
143.0	228.0	-0.024177	-0.711489	0.711900	0.986748
719.0	230.0	-0.123420	0.877376	0.886014	0.979415
106.0	232.0	-0.047772	-0.795955	0.797387	0.787845
218.0	235.0	-0.072179	-0.555481	0.560151	0.960455
251.0	235.0	-0.086735	-0.417659	0.426571	0.971245
171.0	237.0	-0.084696	-0.646110	0.651637	0.979329
102.0	238.0	0.730053	-0.767160	1.059014	0.779923
493.0	239.0	-0.118322	0.261593	0.287108	0.982456
292.0	246.0	-0.112477	-0.305223	0.325288	0.957772
335.0	246.0	-0.114965	-0.188361	0.220674	0.707915
441.0	247.0	-0.133537	0.079735	0.155530	0.904978
600.0	250.0	-0.188348	0.549603	0.580981	0.959144
705.0	253.0	-0.200672	0.805147	0.829777	0.960129
231.0	263.0	-0.174545	-0.485882	0.516282	0.897923
141.0	267.0	-0.150578	-0.775387	0.789872	0.928635
298.0	269.0	-0.182042	-0.291826	0.343950	0.891553
369.0	269.0	-0.187974	-0.101587	0.213668	0.748915
728.0	269.0	-0.261423	0.893659	0.931111	0.921960
56.0	270.0	-0.055456	-0.976542	0.978115	0.914140
403.0	271.0	-0.193677	0.002336	0.193692	0.994466
505.0	274.0	-0.223345	0.283500	0.360909	0.804781
613.0	272.0	-0.471518	0.586173	0.752282	0.791260
640.0	272.0	-0.216377	0.647850	0.683029	0.917805
85.0	275.0	-0.162688	-0.885483	0.900304	0.934330
717.0	279.0	-0.252199	0.893634	0.928540	0.922993
744.0	280.0	-0.506513	0.929865	1.058869	0.880718
151.0	283.0	-0.174560	-1.350633	1.361867	0.883461
222.0	284.0	-0.211782	-0.506654	0.549136	0.949884
675.0	283.0	-0.265793	0.749768	0.795486	0.978728
595.0	286.0	-0.274773	0.561006	0.624682	0.819085
354.0	288.0	-0.179754	0.008195	0.179941	0.776240
461.0	288.0	-0.255417	0.163270	0.303142	0.830949
607.0	289.0	-0.257359	0.556036	0.612707	0.765413
172.0	291.0	-0.234689	-0.638344	0.680119	0.946572
615.0	291.0	-0.294816	0.599993	0.668512	0.925802
311.0	293.0	-0.251972	-0.304077	0.394908	0.965131
637.0	294.0	-0.290548	0.731375	0.786973	0.658275
499.0	295.0	-0.281323	0.266347	0.387406	0.741388
488.0	296.0	-0.281555	0.289560	0.403879	0.736892
715.0	298.0	-0.317782	0.879417	0.935072	0.982869
576.0	303.0	-0.291467	0.487244	0.567767	0.947807
667.0	301.0	-0.350812	0.827343	0.898647	0.852564
209.0	310.0	-0.278996	-0.539011	0.606936	0.926320
161.0	312.0	-0.281187	-0.754422	0.805120	0.858163
418.0	313.0	-0.323120	0.026630	0.324216	0.914244
672.0	313.0	-0.390765	0.747062	0.843089	0.850164
38.0	315.0	-0.271484	-1.010146	1.045992	0.744818
301.0	320.0	-0.324451	-0.290574	0.435548	0.818121
687.0	319.0	-0.380683	0.781843	0.869596	0.929332
406.0	321.0	-0.326181	0.027643	0.327350	0.913531
654.0	325.0	-0.385679	0.690310	0.790744	0.853894
261.0	327.0	-0.283580	-0.392238	0.484013	0.658731
497.0	330.0	-0.372418	0.260556	0.454516	0.968429
572.0	330.0	-0.396446	0.458790	0.606348	0.858234
81.0	331.0	-0.323525	-0.905358	0.961427	0.983591
453.0	330.0	-0.361021	0.142910	0.388278	0.755528
649.0	332.0	-0.385622	0.690312	0.790718	0.853889
725.0	334.0	-0.421076	0.884924	0.979998	0.966305
406.0	340.0	-0.393605	0.004480	0.393630	0.905819
351.0	341.0	-0.350841	-0.211524	0.409673	0.911240
232.0	342.0	-0.348352	-0.742386	0.820053	0.801989
431.0	342.0	-0.870247	0.081663	0.874070	0.807422
330.0	346.0	-0.366649	0.250137	0.443847	0.807843
192.0	346.0	-0.301015	-0.613315	0.683203	0.862374
405.0	348.0	-0.393559	-0.001245	0.393561	0.910324
555.0	349.0	-0.437811	0.419370	0.606259	0.721896
649.0	352.0	-0.458778	0.671278	0.813076	0.954720
35.0	352.0	-0.392225	-1.056155	1.126634	0.840275
175.0	353.0	-0.368057	-0.676630	0.770256	0.789613
736.0	355.0	-0.480248	0.896164	1.016734	0.907457
216.0	355.0	-0.117691	-0.539030	0.551729	0.763007
255.0	356.0	-0.419121	-0.422902	0.595407	0.707990
132.0	358.0	-0.408334	-0.763316	0.865672	0.943524
210.0	358.0	-0.419329	-0.631613	0.758137	0.791079
243.0	357.0	-0.376883	-0.552214	0.668566	0.751308
549.0	359.0	-0.437880	0.413137	0.602014	0.713009
722.0	363.0	-0.173182	0.892658	0.909303	0.900120
392.0	366.0	-0.465892	-0.009150	0.465981	0.897241
383.0	365.0	-0.458609	-0.016082	0.458891	0.896490
671.0	368.0	-0.494859	0.730196	0.882084	0.901294
