273.0	32.0	0.563949	-0.318750	0.647796	0.880929
201.0	35.0	0.485367	-0.526739	0.716265	0.790950
461.0	40.0	0.435508	0.189861	0.475094	0.967449
291.0	44.0	0.321092	0.090818	0.333688	0.891819
364.0	46.0	0.432310	-0.078428	0.439366	0.944911
766.0	50.0	0.360675	1.037373	1.098285	0.810465
402.0	52.0	0.400513	-0.005077	0.400545	0.917996
648.0	53.0	0.876294	0.723201	1.136183	0.799858
151.0	55.0	0.443810	-0.672347	0.805617	0.954608
251.0	57.0	0.416555	-0.299752	0.513195	0.870299
663.0	58.0	0.447391	0.864844	0.973712	0.830739
437.0	57.0	-2.811078	4.023048	4.907859	0.740864
524.0	58.0	0.087449	0.199295	0.217637	0.853767
508.0	69.0	0.430898	0.316397	0.534584	0.926410
402.0	72.0	0.353898	0.023745	0.354694	0.747597
719.0	73.0	0.307243	0.899888	0.950893	0.966999
708.0	75.0	0.301267	0.841183	0.893505	0.936387
187.0	79.0	0.306326	-0.588104	0.663100	0.935611
761.0	79.0	0.266276	0.951139	0.987708	0.874362
175.0	80.0	0.351499	-0.588762	0.685705	0.951589
451.0	80.0	0.324839	0.159463	0.361869	0.980087
237.0	80.0	-8.634580	-5.569901	10.275202	0.894727
102.0	84.0	0.355338	-0.812150	0.886484	0.794545
245.0	85.0	0.340607	-0.413561	0.535766	0.671451
481.0	86.0	0.294832	0.258565	0.392150	0.978150
678.0	91.0	0.261743	0.508554	0.571958	0.849510
701.0	90.0	0.036768	0.774643	0.775515	0.872881
670.0	93.0	0.261103	0.755424	0.799275	0.810223
748.0	93.0	0.291453	1.021841	1.062593	0.944093
99.0	93.0	0.354356	-0.812119	0.886062	0.794576
512.0	96.0	0.392838	0.322260	0.508107	0.849587
601.0	96.0	0.406022	0.479761	0.628510	0.818437
503.0	95.0	0.275890	0.321714	0.423810	0.839627
621.0	98.0	0.257068	0.625588	0.676347	0.970646
474.0	99.0	0.371876	0.241934	0.443648	0.903995
527.0	100.0	0.248137	0.348694	0.427971	0.954207
715.0	103.0	0.247151	0.864344	0.898985	0.761893
768.0	107.0	0.193833	0.995756	1.014446	0.985374
760.0	112.0	0.165351	1.033358	1.046503	0.986310
656.0	111.0	0.370224	0.455676	0.587117	0.642148
231.0	115.0	0.254232	-0.458663	0.524410	0.960068
145.0	116.0	0.254003	-0.535226	0.592439	0.948270
509.0	117.0	0.229722	0.313787	0.388889	0.842535
538.0	118.0	0.195060	0.395064	0.440595	0.969220
249.0	120.0	0.265137	-0.376435	0.460436	0.943420
477.0	121.0	0.210457	0.206031	0.294519	0.977001
175.0	123.0	0.241194	-0.608413	0.654478	0.928696
371.0	124.0	-0.639809	0.450126	0.782285	0.700170
562.0	126.0	0.137430	0.470596	0.490253	0.793871
133.0	130.0	0.220787	-0.693329	0.727635	0.959723
181.0	130.0	0.146466	-0.494947	0.516163	0.849033
534.0	130.0	0.193332	0.389136	0.434516	0.949464
732.0	130.0	0.141217	0.928821	0.939495	0.995497
280.0	137.0	0.190018	-0.337305	0.387145	0.912230
378.0	135.0	-0.154945	-0.109815	0.189914	0.862970
354.0	139.0	0.070735	-0.082110	0.108377	0.884764
346.0	140.0	0.123119	-0.135290	0.182925	0.965358
469.0	138.0	0.190485	-0.821629	0.843420	0.784481
506.0	141.0	0.155441	0.412649	0.440954	0.819736
192.0	144.0	0.193110	-0.521006	0.555642	0.920143
320.0	144.0	0.244364	-0.214158	0.324926	0.701788
625.0	143.0	0.126383	0.612878	0.625773	0.869650
361.0	146.0	0.115963	-0.129689	0.173973	0.920415
612.0	147.0	0.053305	0.611560	0.613878	0.876076
91.0	150.0	0.206102	-0.851481	0.876070	0.986813
349.0	152.0	0.148131	-0.136227	0.201247	0.913443
155.0	153.0	0.159077	-0.672275	0.690840	0.778539
289.0	152.0	0.169704	-0.410449	0.444148	0.878649
570.0	155.0	0.100466	0.483372	0.493702	0.853671
195.0	159.0	0.162759	-0.578287	0.600755	0.958829
340.0	161.0	0.123039	-0.152762	0.196150	0.872825
310.0	162.0	0.112415	-0.240849	0.265792	0.812689
497.0	163.0	0.083573	0.323428	0.334051	0.916137
410.0	165.0	0.097234	0.094467	0.135567	0.986959
528.0	165.0	-1.523913	0.515911	1.608873	0.555459
511.0	168.0	0.089988	0.304854	0.317858	0.973807
670.0	169.0	0.045840	0.762439	0.763816	0.868797
748.0	171.0	0.032866	0.971721	0.972277	0.976882
131.0	171.0	0.114159	-0.764933	0.773404	0.979996
695.0	171.0	0.224535	0.632655	0.671319	0.832694
229.0	173.0	0.099733	-0.470926	0.481371	0.966840
251.0	180.0	0.115562	-0.487276	0.500791	0.930900
71.0	180.0	0.104560	-0.913560	0.919524	0.996617
36.0	179.0	0.098672	-1.002174	1.007019	0.685025
95.0	180.0	0.088712	-0.846109	0.850747	0.994564
402.0	181.0	0.074469	-0.253350	0.264068	0.765554
235.0	191.0	-0.179401	-0.484829	0.516957	0.891180
768.0	197.0	-0.030964	1.029170	1.029636	0.756642
200.0	204.0	0.013961	-0.556319	0.556494	0.970981
366.0	202.0	-0.043953	-0.105036	0.113862	0.844696
247.0	204.0	-0.212315	-0.391262	0.445156	0.905388
402.0	204.0	-0.019088	0.000713	0.019101	0.742778
410.0	205.0	-0.019090	-0.043281	0.047304	0.732998
178.0	207.0	0.010358	-0.619164	0.619251	0.979151
478.0	207.0	-0.029637	0.219113	0.221109	0.893204
546.0	211.0	-0.049244	0.402981	0.405979	0.976366
623.0	212.0	-0.039839	0.639904	0.641143	0.943380
766.0	214.0	-0.079779	0.957307	0.960625	0.870228
667.0	217.0	-0.091719	0.736552	0.742240	0.899083
53.0	219.0	-0.016785	-0.956577	0.956725	0.991118
64.0	220.0	-0.011761	-0.956599	0.956672	0.990944
97.0	223.0	-0.147787	-0.272346	0.309860	0.768927
143.0	228.0	-0.042701	-0.718402	0.719670	0.816644
251.0	235.0	-0.112656	-0.417078	0.432025	0.952184
581.0	237.0	-0.121885	0.504527	0.519041	0.959746
102.0	238.0	-0.284558	-0.919002	0.962049	0.797792
335.0	246.0	-0.120231	-0.187605	0.222825	0.955786
371.0	246.0	-0.127924	-0.089977	0.156399	0.996323
292.0	246.0	-0.112246	-0.303904	0.323970	0.824320
616.0	251.0	0.213915	0.594880	0.632172	0.737564
705.0	253.0	-0.190810	0.836928	0.858403	0.914087
446.0	256.0	-0.259940	0.094175	0.276474	0.827099
132.0	262.0	-0.129752	-0.754198	0.765278	0.698852
683.0	263.0	-0.223715	0.780692	0.812114	0.975970
369.0	269.0	-0.188323	-0.095660	0.211226	0.952465
431.0	268.0	-0.275593	0.083731	0.288032	0.928819
56.0	270.0	-0.130887	-0.969152	0.977950	0.961822
497.0	269.0	-0.218511	0.252571	0.333975	0.927727
534.0	269.0	-0.214861	0.372593	0.430105	0.948347
590.0	270.0	-0.222379	0.480499	0.529464	0.893833
728.0	269.0	-0.252540	0.875512	0.911206	0.833962
402.0	271.0	-0.197630	-0.000164	0.197630	0.993924
640.0	271.0	-0.234982	0.658593	0.699258	0.869892
758.0	272.0	-0.201348	0.977308	0.997833	0.691154
505.0	274.0	-0.216803	0.274200	0.349556	0.927240
533.0	277.0	-0.214822	0.375180	0.432329	0.950791
717.0	280.0	-0.265197	0.875140	0.914439	0.844477
152.0	283.0	-0.200202	-0.475004	0.515471	0.802760
497.0	281.0	-0.222777	0.247050	0.332660	0.927765
72.0	287.0	-0.663063	-1.208208	1.378195	0.706978
354.0	289.0	-0.217862	-0.058633	0.225614	0.963293
595.0	287.0	-0.268037	0.510151	0.576279	0.685641
607.0	289.0	-0.283983	0.591921	0.656519	0.802715
461.0	289.0	-0.256613	0.160676	0.302766	0.955232
615.0	291.0	-0.265290	0.574288	0.632602	0.938534
736.0	290.0	-0.339513	0.922885	0.983354	0.698435
277.0	294.0	-0.245593	-0.339280	0.418840	0.971036
499.0	296.0	-0.273436	0.317459	0.418984	0.850174
637.0	294.0	-0.289169	0.672914	0.732415	0.815632
558.0	295.0	-0.291151	0.428872	0.518362	0.961026
715.0	298.0	-0.318390	0.779383	0.841908	0.953449
667.0	301.0	-0.329906	0.701235	0.774963	0.910373
153.0	302.0	-0.254820	-0.725412	0.768867	0.743170
576.0	303.0	-0.300206	0.576766	0.650217	0.937733
695.0	305.0	-0.332999	0.370807	0.498383	0.851811
312.0	308.0	-0.272344	-0.208204	0.342812	0.826639
209.0	310.0	-0.279202	-0.541322	0.609084	0.957557
184.0	312.0	-0.282696	-0.613881	0.675845	0.967152
297.0	311.0	-0.237980	-0.250708	0.345672	0.919988
418.0	313.0	-0.331704	0.011027	0.331888	0.896392
540.0	313.0	-0.430552	0.397422	0.585935	0.885884
672.0	313.0	-0.366925	0.732425	0.819194	0.887871
301.0	320.0	-0.310573	-0.278200	0.416954	0.872197
406.0	321.0	-0.351235	0.012519	0.351458	0.921564
654.0	325.0	-0.400884	0.677342	0.787083	0.778255
246.0	330.0	-0.046901	-0.471000	0.473330	0.797890
261.0	327.0	-0.397536	-0.419046	0.577610	0.875804
80.0	331.0	-0.321698	-0.904400	0.959911	0.983157
649.0	332.0	-0.400815	0.677341	0.787048	0.778258
725.0	334.0	-0.416546	0.875118	0.969196	0.971444
584.0	337.0	-0.408516	0.446517	0.605197	0.660935
354.0	339.0	-0.544467	0.120560	0.557655	0.726594
406.0	340.0	-0.408502	-0.001485	0.408504	0.847217
432.0	343.0	-0.402092	-0.017268	0.402463	0.923183
232.0	342.0	-0.560087	-0.562024	0.793454	0.762922
192.0	346.0	-0.273553	-0.601011	0.660338	0.862460
329.0	345.0	-0.428702	-0.080729	0.436237	0.855875
144.0	345.0	-0.360035	-1.031097	1.092148	0.597455
405.0	348.0	-0.408497	-0.005233	0.408530	0.847444
555.0	349.0	-0.435174	0.415329	0.601560	0.837851
178.0	350.0	0.072737	-0.601255	0.605638	0.718968
261.0	351.0	-0.401863	-0.406051	0.571289	0.690235
649.0	352.0	-0.454398	0.673591	0.812528	0.953180
724.0	353.0	-0.497027	0.882294	1.012659	0.557983
213.0	356.0	-0.577860	-0.537688	0.789323	0.886949
209.0	356.0	-0.387177	-0.541268	0.665491	0.940159
227.0	358.0	-0.513112	-0.338134	0.614507	0.718627
343.0	359.0	-0.359386	0.129100	0.381871	0.812644
479.0	361.0	-0.463318	0.433944	0.634800	0.856867
383.0	365.0	-0.458372	-0.069685	0.463639	0.726173
526.0	364.0	-0.527775	0.271703	0.593606	0.949898
572.0	369.0	-0.515859	0.457107	0.689244	0.812546
707.0	369.0	-0.582286	1.420182	1.534918	0.799996
