43.0	37.0	0.513816	-0.920776	1.054436	0.935065
158.0	37.0	0.503125	-0.754763	0.907084	0.891486
540.0	39.0	0.219035	0.244504	0.328266	0.841764
188.0	39.0	0.467929	-0.704734	0.845936	0.908667
71.0	42.0	0.483883	-0.888788	1.011972	0.964821
174.0	41.0	0.267539	-0.700471	0.749824	0.831072
602.0	43.0	0.518245	0.588250	0.783975	0.913558
462.0	42.0	0.444396	0.203369	0.488720	0.953179
661.0	43.0	0.389600	0.743209	0.839135	0.902565
607.0	50.0	0.387749	0.714663	0.813076	0.952937
717.0	53.0	0.448428	0.878825	0.986621	0.938817
175.0	54.0	0.443372	-0.677565	0.809736	0.798335
298.0	57.0	0.408259	-0.264912	0.486676	0.902287
702.0	57.0	0.542055	0.869640	1.024742	0.947888
197.0	58.0	0.391337	-0.590677	0.708551	0.769824
763.0	59.0	0.339792	1.206210	1.253156	0.895993
421.0	62.0	0.302978	0.053472	0.307661	0.840699
144.0	65.0	0.407100	-0.742740	0.846990	0.667981
598.0	65.0	0.379144	0.545304	0.664158	0.900885
611.0	65.0	0.353571	0.620906	0.714519	0.931937
651.0	64.0	0.280301	0.717149	0.769981	0.716256
523.0	64.0	0.277587	0.434779	0.515836	0.907809
431.0	70.0	0.369381	0.053418	0.373224	0.835397
386.0	71.0	0.369457	0.275048	0.460597	0.886489
355.0	70.0	0.407460	-0.109959	0.422036	0.936647
460.0	73.0	0.347325	0.184336	0.393211	0.977852
492.0	76.0	0.334435	0.283299	0.438298	0.618833
660.0	76.0	0.280181	0.855482	0.900195	0.771896
629.0	78.0	0.298342	0.655947	0.720607	0.770316
167.0	79.0	0.371214	-0.696169	0.788956	0.948992
712.0	78.0	0.284005	0.905248	0.948753	0.956848
724.0	80.0	0.298993	0.905802	0.953874	0.939782
277.0	80.0	0.360941	-0.315106	0.479134	0.963924
680.0	85.0	-0.228014	1.062842	1.087025	0.859066
528.0	94.0	0.352765	0.370823	0.511813	0.831165
40.0	90.0	0.728784	-1.038541	1.268737	0.787916
495.0	88.0	0.332854	0.273332	0.430700	0.793176
664.0	95.0	0.277734	0.752747	0.802349	0.974501
307.0	96.0	0.351416	-0.250940	0.431815	0.927211
443.0	96.0	0.284343	0.136151	0.315259	0.942753
297.0	100.0	0.298361	-0.251201	0.390027	0.864703
679.0	100.0	0.174252	0.860785	0.878245	0.895834
512.0	102.0	1.238708	0.362258	1.290592	0.834023
643.0	104.0	0.256455	0.687501	0.733776	0.931797
716.0	103.0	0.219551	1.140807	1.161742	0.954886
475.0	105.0	0.355207	0.221351	0.418531	0.959565
87.0	107.0	0.301152	-0.814484	0.868376	0.930120
202.0	107.0	0.371189	-0.700071	0.792390	0.919211
375.0	107.0	0.255565	-0.055126	0.261443	0.990980
146.0	109.0	0.320613	-0.726161	0.793790	0.872313
152.0	114.0	0.255918	-0.672901	0.719923	0.902627
264.0	119.0	0.243949	-0.372285	0.445092	0.902228
326.0	118.0	0.226673	0.019738	0.227531	0.976996
389.0	118.0	0.231053	-0.034192	0.233570	0.956416
704.0	118.0	0.156973	0.827752	0.842504	0.901488
122.0	121.0	0.241356	-0.801317	0.836876	0.834176
178.0	123.0	0.241479	-0.602490	0.649081	0.952845
361.0	124.0	0.513201	-0.971666	1.098867	0.820178
552.0	125.0	0.187265	0.435494	0.474050	0.669841
132.0	129.0	0.232637	-0.728730	0.764963	0.918913
388.0	130.0	0.215212	-0.020112	0.216150	0.990231
750.0	128.0	0.139439	0.986836	0.996638	0.962769
315.0	133.0	0.206947	-0.201286	0.288692	0.838181
412.0	133.0	0.155978	0.043673	0.161977	0.858889
113.0	134.0	0.255391	-0.760359	0.802104	0.849388
140.0	135.0	0.253726	-0.722929	0.766161	0.927459
690.0	135.0	0.020618	1.149690	1.149875	0.944858
217.0	137.0	0.171168	-0.418482	0.452135	0.718285
316.0	142.0	1.621689	8.540192	8.692799	0.920219
68.0	147.0	0.164978	-0.921401	0.936055	0.798673
58.0	146.0	-9.792864	-1.756238	9.949099	0.880929
222.0	148.0	0.154384	-0.481638	0.505776	0.827540
692.0	149.0	0.097049	0.861131	0.866583	0.965523
399.0	150.0	0.237312	-0.248287	0.343458	0.878309
469.0	151.0	0.098879	0.156648	0.185245	0.984053
396.0	149.0	0.121516	-0.179659	0.216895	0.868154
760.0	153.0	0.329963	1.042361	1.093340	0.922619
721.0	153.0	0.073407	0.850076	0.853239	0.989114
670.0	157.0	0.078603	0.760190	0.764243	0.742362
228.0	158.0	0.151319	-0.624622	0.642689	0.912846
586.0	162.0	0.072899	0.554263	0.559036	0.833861
196.0	164.0	0.126321	-0.563316	0.577305	0.970305
158.0	166.0	0.132013	-0.682250	0.694905	0.918732
147.0	165.0	0.120215	-0.700554	0.710793	0.876699
443.0	168.0	-1.303007	0.100597	1.306885	0.819060
139.0	171.0	0.118696	-0.719759	0.729480	0.856529
245.0	171.0	0.022807	-0.433132	0.433732	0.965101
426.0	172.0	0.072622	0.064939	0.097422	0.982623
464.0	172.0	0.090555	0.178851	0.200469	0.795855
215.0	173.0	0.199090	-0.586493	0.619364	0.842413
317.0	174.0	0.077349	-0.214636	0.228147	0.963005
620.0	175.0	-0.145339	0.613954	0.630922	0.952988
564.0	177.0	0.026023	0.474490	0.475203	0.960325
726.0	181.0	0.011759	0.872467	0.872546	0.891671
750.0	185.0	-0.032684	1.396159	1.396542	0.816326
332.0	189.0	0.043550	-0.215038	0.219404	0.940334
556.0	191.0	0.051536	0.452763	0.455687	0.961389
703.0	192.0	-0.008081	0.840782	0.840821	0.995412
437.0	194.0	0.007584	0.109137	0.109401	0.984516
536.0	196.0	0.018633	0.280047	0.280666	0.921761
749.0	199.0	-0.049815	0.813534	0.815058	0.778864
199.0	204.0	-0.063068	-0.654510	0.657542	0.878229
375.0	202.0	-0.005461	-0.069627	0.069841	0.974661
634.0	203.0	-0.107006	0.639060	0.647957	0.980436
84.0	205.0	0.025325	-0.901003	0.901359	0.980156
618.0	204.0	0.030194	0.599977	0.600736	0.959942
186.0	205.0	0.069924	-0.644949	0.648729	0.886766
602.0	205.0	-0.131049	0.548563	0.563999	0.961787
651.0	205.0	-0.397459	0.965081	1.043722	0.906345
46.0	206.0	0.104359	-0.892316	0.898398	0.935329
250.0	208.0	-0.002568	-0.417081	0.417089	0.975014
58.0	208.0	0.027885	-0.963347	0.963750	0.996813
131.0	206.0	-0.039306	-0.825556	0.826491	0.802980
586.0	208.0	-0.091462	0.518556	0.526560	0.965535
173.0	211.0	-0.139773	-0.587908	0.604295	0.872315
740.0	212.0	-0.052884	0.984601	0.986020	0.822690
551.0	216.0	-0.353744	0.390850	0.527161	0.666458
665.0	220.0	-0.110461	0.807649	0.815167	0.945162
361.0	220.0	-0.204860	-0.058464	0.213039	0.895522
669.0	218.0	-0.077147	0.736543	0.740572	0.913152
681.0	219.0	-0.094246	0.747599	0.753516	0.795449
214.0	219.0	-0.120851	-0.637525	0.648878	0.690526
285.0	221.0	-0.040804	-0.328543	0.331067	0.983946
386.0	223.0	-0.115626	-0.044164	0.123773	0.750031
418.0	223.0	-0.060089	0.054997	0.081458	0.846509
38.0	224.0	-0.029062	-1.234075	1.234417	0.848941
706.0	224.0	-0.108374	0.849055	0.855943	0.994343
759.0	224.0	-0.111935	0.996935	1.003199	0.992922
536.0	227.0	-0.232043	0.385386	0.449851	0.667614
463.0	231.0	-0.117098	0.153888	0.193374	0.823039
249.0	233.0	-0.056717	-0.738919	0.741092	0.850643
584.0	235.0	-0.060256	0.538251	0.541613	0.948489
643.0	238.0	-0.138464	0.670579	0.684725	0.948932
550.0	236.0	-0.071337	0.380283	0.386916	0.771016
666.0	239.0	-0.142159	0.710586	0.724666	0.950193
506.0	252.0	-0.157362	0.288772	0.328865	0.984284
124.0	253.0	-0.105114	-0.781640	0.788676	0.988436
707.0	253.0	-0.183901	0.855382	0.874928	0.931469
598.0	254.0	0.263014	0.583196	0.639761	0.763180
49.0	257.0	-0.120163	-0.964554	0.972010	0.982038
195.0	259.0	-0.048909	-0.698850	0.700560	0.884927
485.0	259.0	-0.175521	0.233484	0.292100	0.855903
713.0	259.0	-0.184421	0.871730	0.891024	0.931429
765.0	258.0	-0.227230	1.006641	1.031968	0.878968
401.0	261.0	-0.214546	-0.002789	0.214564	0.838863
612.0	261.0	-0.081488	0.549356	0.555367	0.769575
704.0	264.0	-0.184423	0.871769	0.891063	0.931423
287.0	264.0	-0.145270	-0.323375	0.354506	0.856124
377.0	267.0	-0.281071	-0.086397	0.294050	0.761255
32.0	273.0	-0.170709	-1.176458	1.188779	0.953112
151.0	274.0	-0.182965	-0.705133	0.728484	0.948958
92.0	277.0	-0.345002	-0.862837	0.929255	0.944403
144.0	278.0	-0.164597	-0.737307	0.755456	0.953442
250.0	278.0	-0.232838	0.659089	0.699007	0.699012
305.0	281.0	-0.208872	-0.274031	0.344558	0.947148
753.0	281.0	-0.280360	0.974398	1.013929	0.832731
493.0	284.0	-0.181503	0.267437	0.323211	0.948702
140.0	285.0	-0.191189	-0.714437	0.739577	0.939077
157.0	289.0	-0.166528	-0.839092	0.855457	0.954111
212.0	290.0	-0.206085	-0.448294	0.493395	0.856023
149.0	291.0	-0.186518	-0.755347	0.778034	0.905260
239.0	293.0	-0.205118	-0.497121	0.537776	0.819147
585.0	296.0	-0.181171	0.504942	0.536460	0.833043
640.0	301.0	-0.316437	0.654192	0.726704	0.968429
175.0	303.0	-0.232439	-0.695127	0.732959	0.930206
225.0	302.0	0.304377	-0.622755	0.693159	0.747433
766.0	303.0	-0.344561	1.005357	1.062763	0.962079
143.0	303.0	0.222643	-0.805871	0.836061	0.735741
35.0	305.0	-0.291485	-1.006010	1.047387	0.869077
498.0	305.0	-0.275507	0.324761	0.425880	0.938200
604.0	306.0	-0.314805	0.574421	0.655028	0.919740
569.0	306.0	-0.184089	0.479752	0.513859	0.812804
612.0	308.0	-0.327221	0.561837	0.650180	0.920748
205.0	311.0	-0.287074	-0.568521	0.636889	0.909620
438.0	315.0	-0.326068	0.091985	0.338795	0.977606
167.0	315.0	-0.268537	-0.690591	0.740964	0.961088
477.0	315.0	-0.336627	0.199771	0.391441	0.897612
511.0	318.0	-0.327413	0.303861	0.446688	0.746948
82.0	323.0	-0.358509	-0.912284	0.980199	0.965634
735.0	324.0	-0.279723	0.920903	0.962448	0.966028
402.0	327.0	-0.414057	-0.004652	0.414083	0.795472
65.0	330.0	-0.279559	-1.022704	1.060225	0.914990
374.0	329.0	-0.353077	-0.088618	0.364028	0.980709
38.0	330.0	-0.317873	-1.008902	1.057793	0.637335
694.0	333.0	-0.406913	0.796036	0.894008	0.969895
113.0	336.0	-0.339435	-0.816837	0.884555	0.978635
414.0	335.0	-0.510034	-0.032107	0.511043	0.775927
517.0	343.0	-0.412326	0.311290	0.516637	0.905298
566.0	336.0	-0.391797	0.344207	0.521520	0.806929
243.0	338.0	-0.382164	-0.457982	0.596487	0.783890
446.0	338.0	-0.389336	0.079776	0.397425	0.940402
399.0	339.0	-0.470216	0.055236	0.473449	0.871495
625.0	338.0	-0.012115	0.513748	0.513891	0.912083
45.0	341.0	-0.327736	-0.941979	0.997364	0.703364
432.0	340.0	-0.387739	0.011959	0.387923	0.845520
768.0	342.0	-0.417643	1.055782	1.135386	0.755253
237.0	343.0	-0.382400	-0.458757	0.597234	0.784397
663.0	348.0	-0.427226	0.596645	0.733830	0.788222
763.0	347.0	-0.441901	1.052617	1.141612	0.680564
207.0	351.0	-0.397324	-0.559402	0.686146	0.666219
356.0	355.0	-0.430143	-0.138872	0.452005	0.970412
413.0	362.0	-0.573187	0.018378	0.573482	0.842899
178.0	363.0	-0.428326	-0.637429	0.767970	0.826928
640.0	363.0	-0.468933	0.647412	0.799400	0.710632
331.0	365.0	-0.472608	-0.229558	0.525409	0.949036
