445.0	31.0	0.464967	0.149095	0.488287	0.965936
644.0	32.0	0.436696	0.755211	0.872380	0.878981
185.0	36.0	0.479214	-0.567976	0.743131	0.934735
61.0	65.0	0.420174	-0.919716	1.011150	0.973745
345.0	98.0	0.288126	-0.315942	0.427593	0.884188
696.0	99.0	0.233709	0.841392	0.873246	0.930135
346.0	111.0	0.287663	-0.135890	0.318145	0.854923
458.0	115.0	0.221787	0.176895	0.283693	0.988169
742.0	115.0	0.181379	0.972578	0.989346	0.994799
213.0	123.0	0.241603	-0.505412	0.560190	0.931566
501.0	128.0	0.184857	0.290642	0.344448	0.982652
688.0	130.0	0.153059	0.809754	0.824093	0.989872
287.0	137.0	0.192539	-0.307195	0.362546	0.980958
552.0	139.0	0.150259	0.433290	0.458605	0.969779
362.0	152.0	0.133104	-0.100185	0.166594	0.995873
466.0	162.0	0.096207	0.187646	0.210871	0.993550
583.0	177.0	0.126973	0.511519	0.527043	0.830663
492.0	178.0	0.043832	0.259962	0.263632	0.892748
408.0	185.0	0.084528	0.027546	0.088903	0.942609
76.0	188.0	0.081075	-0.772599	0.776841	0.972701
243.0	191.0	0.041104	-0.360358	0.362694	0.974927
237.0	207.0	0.007846	-0.360547	0.360632	0.972772
519.0	211.0	-0.043452	0.328222	0.331086	0.984218
413.0	259.0	-0.168418	0.034759	0.171968	0.995600
82.0	262.0	-0.130289	-0.896850	0.906264	0.995896
319.0	290.0	-0.242340	-0.239576	0.340772	0.983353
660.0	305.0	-0.328107	0.703292	0.776063	0.971902
575.0	313.0	-0.339200	0.472813	0.581901	0.950345
606.0	315.0	-0.347988	0.560373	0.659632	0.955295
713.0	316.0	-0.364085	0.850521	0.925173	0.976749
357.0	336.0	-0.376200	-0.138003	0.400713	0.976272
698.0	348.0	-0.443222	0.820886	0.932898	0.925019
604.0	348.0	-0.441288	0.547696	0.703353	0.943380
768.0	349.0	-0.462268	0.998557	1.100367	0.967072
548.0	367.0	-0.637116	0.154752	0.655640	0.917852
