256.0	31.0	0.553736	-0.376483	0.669599	0.830514
630.0	32.0	0.539873	0.708268	0.890565	0.888150
668.0	36.0	0.464323	0.656835	0.804381	0.755613
502.0	37.0	1.441081	0.334749	1.479449	0.754763
143.0	39.0	0.495105	-0.702911	0.859775	0.895723
377.0	40.0	0.445658	-0.040447	0.447490	0.970652
643.0	42.0	0.400177	0.713554	0.818108	0.923332
291.0	44.0	0.433653	-0.241222	0.496229	0.929912
709.0	47.0	0.383400	0.877796	0.957873	0.876607
654.0	50.0	1.189187	0.718309	1.389293	0.698240
534.0	50.0	0.346845	0.401418	0.530508	0.949359
230.0	53.0	0.432830	-0.451592	0.625521	0.829992
68.0	56.0	0.447912	-0.902893	1.007889	0.969907
176.0	59.0	0.453033	-0.602271	0.753638	0.941200
350.0	62.0	0.391781	-0.124597	0.411117	0.973703
195.0	61.0	0.408955	-0.559509	0.693033	0.915255
768.0	63.0	0.329162	1.042543	1.093272	0.883694
427.0	65.0	0.372875	0.095397	0.384885	0.914734
484.0	65.0	0.362724	0.247197	0.438948	0.963563
514.0	69.0	0.339844	0.330423	0.473997	0.888250
589.0	71.0	0.338211	0.543424	0.640076	0.952870
375.0	72.0	0.360197	-0.059408	0.365063	0.977532
695.0	72.0	0.295203	0.832264	0.883067	0.976125
463.0	73.0	0.327521	0.190234	0.378760	0.976950
228.0	75.0	0.449845	-0.455849	0.640436	0.843836
509.0	79.0	0.522659	0.328762	0.617460	0.812870
690.0	82.0	0.332932	0.832177	0.896305	0.974061
246.0	85.0	0.372337	-0.417599	0.559485	0.784521
487.0	85.0	0.397035	0.262045	0.475715	0.638859
281.0	85.0	0.335262	-0.273510	0.432676	0.830274
96.0	84.0	0.351942	-0.808473	0.881755	0.971372
429.0	87.0	0.222634	0.115635	0.250873	0.962593
536.0	89.0	0.324382	0.385521	0.503836	0.954004
479.0	88.0	-7.766496	2.953961	8.309293	0.948537
170.0	91.0	0.341593	-0.630559	0.717140	0.769293
561.0	93.0	0.274429	0.462670	0.537936	0.802285
595.0	98.0	-0.174130	0.724972	0.745590	0.941373
300.0	100.0	0.295058	-0.264586	0.396314	0.971932
628.0	102.0	0.239385	0.646267	0.689178	0.968354
110.0	109.0	0.304899	-0.797155	0.853475	0.716470
445.0	110.0	0.246126	0.208729	0.322717	0.960124
200.0	110.0	0.280530	-0.544521	0.612535	0.925783
397.0	112.0	0.254158	0.089827	0.269565	0.981235
422.0	111.0	0.293029	0.170684	0.339115	0.957911
491.0	112.0	0.218530	0.139818	0.259431	0.943743
77.0	112.0	0.264728	-0.918189	0.955589	0.957349
195.0	113.0	0.280674	-0.544522	0.612602	0.925785
472.0	114.0	0.671922	0.225486	0.708747	0.779363
378.0	118.0	0.230031	-0.049486	0.235294	0.870373
227.0	119.0	0.250749	-0.465356	0.528613	0.959055
617.0	121.0	0.193793	0.611383	0.641362	0.971104
63.0	122.0	0.093733	-0.923004	0.927751	0.695438
349.0	124.0	0.222963	-0.125435	0.255825	0.973958
486.0	125.0	0.283640	0.254368	0.380991	0.870182
284.0	125.0	0.237440	-0.318081	0.396930	0.959013
522.0	126.0	0.163382	0.346660	0.383233	0.635317
644.0	128.0	0.176516	0.680162	0.702694	0.971620
252.0	130.0	0.206573	-0.400680	0.450795	0.960516
745.0	130.0	0.139473	0.972045	0.982000	0.996932
202.0	134.0	0.210343	-0.505480	0.547499	0.942235
48.0	134.0	0.154529	-0.965552	0.977840	0.740605
460.0	137.0	0.147465	0.184980	0.236567	0.961988
433.0	138.0	0.337432	0.103136	0.352841	0.865850
404.0	139.0	0.164404	0.019388	0.165543	0.958264
491.0	143.0	0.121465	0.330136	0.351772	0.963904
369.0	144.0	-0.004219	-0.075834	0.075951	0.811179
174.0	148.0	0.360431	-0.624621	0.721153	0.739644
678.0	147.0	0.083041	0.811146	0.815385	0.975227
448.0	148.0	0.152634	0.146187	0.211347	0.974653
382.0	148.0	0.160705	-0.075699	0.177641	0.797493
621.0	150.0	0.103039	0.618192	0.626721	0.675832
562.0	151.0	0.111256	0.460927	0.474164	0.908556
198.0	153.0	0.244472	-0.567435	0.617859	0.937179
430.0	155.0	0.170312	-0.631917	0.654466	0.729891
460.0	156.0	0.126736	0.161204	0.205058	0.991708
277.0	157.0	0.091254	-0.505005	0.513183	0.817900
294.0	158.0	-0.504404	-1.011567	1.130350	0.863545
651.0	158.0	0.069166	0.702192	0.705590	0.807745
225.0	160.0	0.130358	-0.333030	0.357634	0.746877
684.0	160.0	0.072551	0.797803	0.801095	0.966920
598.0	162.0	0.032748	0.549704	0.550679	0.913716
742.0	162.0	0.085208	1.079163	1.082522	0.892205
182.0	164.0	0.235293	-0.556791	0.604466	0.885019
690.0	168.0	0.063103	0.800573	0.803056	0.969914
543.0	173.0	0.053766	0.404042	0.407604	0.950903
598.0	172.0	0.005730	0.558522	0.558552	0.909941
161.0	175.0	0.096427	-0.659631	0.666642	0.979061
244.0	181.0	0.062753	-0.426900	0.431487	0.972735
139.0	183.0	0.074983	-0.716870	0.720781	0.986392
355.0	187.0	0.078059	-0.123128	0.145786	0.989744
380.0	186.0	0.023736	-0.026060	0.035249	0.914357
391.0	186.0	0.042116	-0.025908	0.049447	0.912980
660.0	187.0	0.078886	0.728600	0.732858	0.969377
508.0	188.0	-0.261528	0.379436	0.460835	0.924108
337.0	196.0	0.018181	-0.172375	0.173331	0.994581
107.0	200.0	0.039072	-0.821572	0.822501	0.893433
509.0	206.0	-0.055869	0.354249	0.358627	0.843820
371.0	210.0	-0.020740	-0.102616	0.104691	0.906232
471.0	210.0	-0.038571	0.197373	0.201107	0.974564
125.0	210.0	0.066185	-0.774739	0.777560	0.981825
199.0	213.0	-0.028099	-0.590713	0.591381	0.890495
228.0	216.0	-0.078071	-0.476174	0.482531	0.787379
390.0	219.0	0.299281	-0.014227	0.299619	0.930660
102.0	221.0	-0.182154	-0.878849	0.897527	0.813915
303.0	220.0	-0.022128	-0.266488	0.267405	0.791651
544.0	221.0	0.386646	0.789606	0.879189	0.840705
146.0	221.0	-0.048509	-0.573191	0.575240	0.856308
187.0	222.0	-0.081018	-0.606989	0.612372	0.889065
568.0	225.0	-0.073633	0.434926	0.441115	0.881754
424.0	227.0	-0.087675	-0.001261	0.087684	0.955260
446.0	231.0	-0.055906	0.121094	0.133376	0.932067
69.0	232.0	-0.044073	-0.927496	0.928543	0.994138
167.0	233.0	-0.085690	-0.651595	0.657206	0.972813
124.0	236.0	-0.027485	-0.894647	0.895069	0.779122
558.0	235.0	-0.057788	0.451856	0.455537	0.818020
659.0	236.0	-0.158667	0.714833	0.732231	0.983854
139.0	238.0	-0.069937	-0.641860	0.645659	0.769641
95.0	237.0	-0.098492	-1.568767	1.571856	0.816294
209.0	248.0	-0.101059	-0.519417	0.529157	0.911648
218.0	248.0	-0.139158	-0.591252	0.607408	0.897274
766.0	251.0	-0.170170	0.911578	0.927325	0.862359
228.0	254.0	-0.131838	-0.483373	0.501030	0.837081
505.0	253.0	-0.148916	0.261226	0.300691	0.978038
522.0	254.0	-0.131559	0.335391	0.360271	0.734874
333.0	258.0	-0.151970	-0.192675	0.245394	0.945143
682.0	255.0	-0.199540	0.757748	0.783580	0.686901
626.0	258.0	-0.192350	0.622678	0.651711	0.974230
239.0	259.0	-0.169830	-0.427273	0.459787	0.817342
659.0	261.0	-0.211108	0.717930	0.748325	0.961409
745.0	262.0	-0.191908	0.963914	0.982832	0.771013
232.0	263.0	-0.135672	-0.487253	0.505789	0.872232
505.0	270.0	-0.198436	0.327887	0.383258	0.971198
222.0	272.0	-0.177877	-0.569147	0.596295	0.737191
441.0	272.0	-0.236962	0.328220	0.404820	0.789585
597.0	273.0	-0.246903	0.481836	0.541412	0.890750
164.0	274.0	-0.178391	-0.664136	0.687677	0.979076
291.0	274.0	-0.193798	-0.313426	0.368502	0.979778
313.0	276.0	-0.106123	-0.455168	0.467376	0.904634
622.0	276.0	-0.257229	0.624641	0.675531	0.931020
452.0	276.0	-0.214719	0.146084	0.259701	0.855022
45.0	279.0	0.055151	-0.997485	0.999008	0.795706
69.0	279.0	-0.187938	-1.215906	1.230345	0.911267
590.0	281.0	-0.283614	0.530623	0.601663	0.869769
206.0	285.0	-0.178718	-0.519902	0.549762	0.878536
267.0	284.0	-0.225036	-0.392547	0.452476	0.960714
620.0	287.0	-0.120622	0.573686	0.586230	0.913442
603.0	288.0	-0.252842	0.564245	0.618306	0.878432
45.0	288.0	-0.447149	7.851270	7.863993	0.832405
227.0	290.0	-0.230592	-0.486516	0.538396	0.927130
74.0	293.0	-0.231046	-0.943192	0.971079	0.867838
374.0	293.0	-0.671964	0.239921	0.713511	0.649818
637.0	295.0	-0.328037	0.658443	0.735633	0.925108
645.0	297.0	-0.386086	0.659823	0.764479	0.923650
115.0	303.0	-0.244910	-0.796223	0.833038	0.878827
604.0	300.0	-0.241457	0.555684	0.605876	0.939833
425.0	301.0	-0.285981	0.066931	0.293709	0.964377
285.0	304.0	-0.016328	-0.316109	0.316531	0.923921
726.0	306.0	-0.339488	0.840008	0.906016	0.853375
358.0	307.0	-0.330175	0.162966	0.368203	0.718435
458.0	311.0	-0.287580	0.144848	0.321998	0.880497
570.0	311.0	-0.146022	0.459891	0.482516	0.836394
299.0	316.0	-0.303147	-0.304667	0.429791	0.913682
444.0	314.0	0.443385	0.140303	0.465054	0.818796
744.0	315.0	-0.385159	0.888186	0.968103	0.760931
628.0	321.0	-0.375351	0.615538	0.720955	0.781188
238.0	320.0	-0.335387	-0.351353	0.485730	0.887753
377.0	321.0	-0.336287	-0.039852	0.338640	0.817890
383.0	323.0	-0.336333	-0.064492	0.342461	0.831001
475.0	324.0	-0.499572	0.187968	0.533764	0.950306
620.0	323.0	-8.182037	2.742555	8.629446	0.963910
738.0	326.0	-0.374657	1.030697	1.096679	0.796482
104.0	334.0	-0.337366	-0.837983	0.903345	0.977536
148.0	335.0	-0.402330	-0.777316	0.875266	0.821422
328.0	334.0	-0.364844	-0.214343	0.423148	0.763186
226.0	337.0	-0.374260	-0.213509	0.430878	0.914282
547.0	340.0	-0.473381	0.388542	0.612416	0.920142
398.0	340.0	-0.388454	-0.226182	0.449505	0.842478
510.0	341.0	-0.411298	0.290728	0.503675	0.963499
144.0	345.0	-0.402614	-0.724164	0.828560	0.833567
656.0	348.0	-0.446218	0.590442	0.740089	0.869017
327.0	350.0	-0.387042	-0.594541	0.709422	0.834471
691.0	350.0	-0.458288	0.785250	0.909200	0.891953
76.0	350.0	-0.350990	-0.954708	1.017184	0.977415
354.0	352.0	-0.415214	-0.145126	0.439846	0.970248
656.0	356.0	-0.458249	0.622657	0.773107	0.887742
377.0	359.0	-0.442348	-0.083434	0.450147	0.970985
96.0	362.0	-0.430441	-0.882450	0.981834	0.797546
206.0	364.0	-0.440582	-0.615133	0.756638	0.895762
258.0	363.0	-0.644047	-0.226277	0.682640	0.851168
440.0	363.0	-0.467685	0.099090	0.478067	0.927931
731.0	363.0	-0.498310	0.897787	1.026808	0.960327
315.0	364.0	-0.450077	-0.208433	0.495997	0.893446
74.0	366.0	-0.410521	-0.904768	0.993545	0.949521
651.0	368.0	-0.450349	0.682166	0.817414	0.918396
616.0	369.0	-0.570955	0.551143	0.793567	0.885439
