445.0	31.0	0.465008	0.139072	0.485359	0.964242
465.0	40.0	0.434507	0.204922	0.480405	0.967077
62.0	65.0	0.432519	-0.933245	1.028600	0.971213
475.0	85.0	0.308708	0.225185	0.382112	0.977899
345.0	98.0	0.266360	0.006319	0.266435	0.912553
696.0	99.0	0.235649	0.838050	0.870551	0.982823
346.0	111.0	0.264818	-0.133439	0.296537	0.910680
163.0	128.0	0.236829	-0.646573	0.688582	0.973132
764.0	130.0	0.141428	1.022988	1.032718	0.997009
287.0	137.0	0.188280	-0.306502	0.359713	0.981449
362.0	152.0	0.136280	-0.100456	0.169304	0.995854
466.0	161.0	0.099770	0.204577	0.227609	0.991282
488.0	173.0	0.061474	0.250608	0.258038	0.747765
393.0	175.0	0.926399	0.010143	0.926454	0.872062
408.0	185.0	0.142192	0.020390	0.143647	0.907878
243.0	191.0	0.041891	-0.491924	0.493704	0.956689
155.0	201.0	0.022266	-0.687087	0.687448	0.982962
237.0	207.0	0.021750	-0.624446	0.624825	0.967439
297.0	212.0	-0.018433	-0.290653	0.291237	0.903760
366.0	255.0	-0.152412	-0.100714	0.182682	0.995136
82.0	261.0	-0.126108	-0.890779	0.899661	0.995959
662.0	273.0	-0.251887	0.711490	0.754762	0.978112
319.0	290.0	-0.243612	-0.244914	0.345441	0.981080
575.0	313.0	-0.339804	0.471048	0.580821	0.952120
606.0	315.0	-0.347594	0.558774	0.658065	0.955023
713.0	316.0	-0.365479	0.813195	0.891550	0.966983
262.0	335.0	-0.365469	-0.392860	0.536569	0.958404
357.0	336.0	-0.375127	-0.135836	0.398963	0.977176
701.0	350.0	-0.476364	0.812351	0.941720	0.762835
547.0	365.0	-0.094474	0.851436	0.856661	0.854002
