103.0	31.0	0.512222	-0.827629	0.973315	0.914993
346.0	30.0	0.479355	-0.127178	0.495939	0.962033
281.0	34.0	0.451291	-0.234097	0.508394	0.706770
251.0	37.0	0.452714	-0.393245	0.599660	0.850076
203.0	38.0	0.317614	-0.467279	0.565003	0.834992
450.0	38.0	0.411758	-0.005687	0.411797	0.822038
276.0	45.0	0.447830	-0.323235	0.552298	0.700701
436.0	44.0	0.495787	0.115747	0.509119	0.723097
647.0	44.0	0.234659	0.673714	0.713411	0.926821
327.0	45.0	0.420071	-0.184536	0.458818	0.850308
256.0	46.0	0.495802	-0.387518	0.629277	0.876080
632.0	49.0	0.309603	0.635695	0.707080	0.955282
423.0	50.0	0.536342	0.103004	0.546144	0.682043
144.0	51.0	0.426043	-0.684925	0.806619	0.883926
694.0	54.0	0.365116	0.853235	0.928073	0.866187
589.0	52.0	0.359637	0.545150	0.653091	0.886925
389.0	54.0	0.403855	-0.021196	0.404411	0.954787
590.0	58.0	0.321174	0.550006	0.636914	0.878422
766.0	60.0	0.340229	1.045263	1.099241	0.713738
93.0	64.0	0.448086	-0.756886	0.879578	0.939496
733.0	65.0	0.302653	0.956569	1.003306	0.742369
537.0	68.0	0.259657	0.327238	0.417739	0.816113
190.0	70.0	0.379807	-0.561840	0.678172	0.851338
146.0	71.0	0.386306	-0.683205	0.784858	0.869143
667.0	72.0	0.401329	0.529289	0.664238	0.821499
711.0	73.0	0.289175	0.847831	0.895790	0.855347
552.0	75.0	0.176287	0.388053	0.426219	0.828457
85.0	77.0	0.401938	-0.842458	0.933429	0.946595
570.0	79.0	0.332131	0.488223	0.590485	0.946816
506.0	80.0	0.290608	0.232557	0.372204	0.836782
170.0	81.0	0.283612	-0.613587	0.675963	0.773781
480.0	80.0	0.319802	0.250693	0.406350	0.967379
402.0	81.0	0.272750	0.025332	0.273924	0.813424
702.0	82.0	0.287073	0.818479	0.867363	0.856990
650.0	82.0	0.286222	0.734953	0.788720	0.840230
524.0	84.0	0.464440	-0.064766	0.468934	0.620993
52.0	87.0	0.368554	-0.943318	1.012759	0.875284
660.0	85.0	0.302815	0.859170	0.910972	0.761514
711.0	86.0	0.281174	0.848864	0.894220	0.858950
250.0	88.0	0.332222	-0.409833	0.527575	0.777908
719.0	89.0	0.208375	1.090601	1.110329	0.890036
62.0	92.0	0.368567	-0.943324	1.012770	0.875999
172.0	92.0	0.310137	-0.630999	0.703096	0.866429
518.0	93.0	0.288662	0.361800	0.462845	0.782777
594.0	94.0	0.271795	0.555486	0.618415	0.924235
428.0	95.0	0.297150	0.092328	0.311164	0.836765
721.0	96.0	0.258473	0.856789	0.894928	0.918419
766.0	96.0	0.209287	1.227328	1.245044	0.864435
157.0	98.0	0.104832	-0.714198	0.721851	0.886713
202.0	100.0	-0.015330	-0.407350	0.407638	0.743396
713.0	103.0	0.242481	0.887127	0.919669	0.912348
140.0	107.0	0.312760	-0.755472	0.817654	0.880917
679.0	108.0	0.217689	0.787820	0.817342	0.976446
542.0	108.0	0.225938	0.505063	0.553296	0.661632
753.0	109.0	0.062630	1.006032	1.007980	0.916255
266.0	111.0	0.263568	-0.360411	0.446502	0.839000
287.0	112.0	0.278292	-0.305260	0.413074	0.793848
532.0	114.0	0.222444	0.453654	0.505256	0.737520
186.0	114.0	0.112337	-0.587146	0.597796	0.959041
152.0	120.0	0.296488	-0.672474	0.734933	0.787508
650.0	120.0	0.186040	0.703374	0.727562	0.752876
562.0	122.0	0.194828	0.463375	0.502667	0.963970
718.0	126.0	0.165897	0.898558	0.913744	0.993974
103.0	127.0	0.217604	-0.816696	0.845189	0.914951
126.0	129.0	0.344228	-0.754591	0.829398	0.926919
528.0	130.0	0.173298	0.332338	0.374808	0.962774
423.0	128.0	0.173450	0.081668	0.191715	0.964881
74.0	133.0	2.528849	-8.994309	9.343055	0.928984
54.0	133.0	0.225895	-0.951584	0.978029	0.974021
756.0	133.0	0.108130	1.019406	1.025125	0.784189
533.0	136.0	0.171868	0.370960	0.408839	0.955601
140.0	138.0	0.189126	-0.631966	0.659659	0.860438
98.0	139.0	0.211598	-0.823667	0.850412	0.929304
325.0	140.0	0.187173	-0.221356	0.289883	0.884044
71.0	141.0	0.313500	-0.898381	0.951509	0.800606
322.0	139.0	0.187055	-0.213124	0.283569	0.884176
133.0	142.0	0.190249	-0.725915	0.750431	0.942904
429.0	140.0	0.172984	0.075965	0.188929	0.892884
763.0	142.0	0.108131	1.019403	1.025122	0.784197
363.0	144.0	0.127361	-0.126535	0.179532	0.980012
662.0	148.0	0.106395	0.791154	0.798275	0.887427
265.0	150.0	0.154433	-0.382123	0.412150	0.791965
314.0	149.0	0.049931	-0.245589	0.250613	0.874971
495.0	150.0	0.214459	0.258788	0.336101	0.921906
275.0	153.0	0.150373	-0.330067	0.362707	0.797973
53.0	154.0	0.158082	-0.959889	0.972819	0.992188
620.0	154.0	0.101081	0.620597	0.628775	0.929612
667.0	154.0	0.099920	0.741566	0.748267	0.890966
471.0	161.0	0.093389	0.195327	0.216504	0.855215
357.0	163.0	0.119022	-0.448798	0.464312	0.808271
577.0	163.0	0.070189	0.665575	0.669265	0.912125
701.0	163.0	0.013461	0.823899	0.824009	0.893203
322.0	162.0	0.041359	-0.232081	0.235738	0.763066
686.0	165.0	0.097577	0.808505	0.814372	0.981625
256.0	167.0	0.091495	-0.386067	0.396760	0.834231
287.0	168.0	0.125148	-0.277555	0.304465	0.687377
559.0	173.0	0.058410	0.448613	0.452399	0.970664
105.0	174.0	-0.038675	-0.819376	0.820289	0.688471
477.0	173.0	0.093532	0.201411	0.222069	0.854539
540.0	174.0	0.053081	0.393040	0.396608	0.973544
580.0	176.0	0.210432	0.752790	0.781649	0.855931
767.0	177.0	0.165514	1.083799	1.096365	0.987545
345.0	177.0	0.121565	-0.122337	0.172465	0.766765
730.0	178.0	0.017150	0.947655	0.947810	0.973180
81.0	182.0	0.068067	-0.858851	0.861544	0.853196
62.0	181.0	0.120615	-0.995777	1.003055	0.945708
369.0	182.0	0.069236	-0.204674	0.216068	0.933636
264.0	184.0	0.016792	-0.974457	0.974601	0.824109
634.0	185.0	0.009544	0.651586	0.651656	0.881579
327.0	185.0	0.039824	-0.192939	0.197007	0.869140
495.0	190.0	-0.005216	0.283590	0.283638	0.988042
684.0	190.0	-0.011906	0.770678	0.770770	0.785469
524.0	191.0	0.000938	0.389850	0.389851	0.723293
93.0	191.0	0.105781	-1.177644	1.182385	0.726091
37.0	197.0	0.049247	-1.016492	1.017685	0.977161
504.0	198.0	-0.094586	0.283792	0.299139	0.862281
425.0	201.0	-0.008663	0.070692	0.071221	0.999255
733.0	204.0	-0.062438	0.933529	0.935615	0.864058
455.0	204.0	-0.020193	0.154597	0.155910	0.773655
744.0	204.0	-0.016445	0.934611	0.934756	0.960520
194.0	205.0	0.031226	-0.561329	0.562197	0.966790
721.0	203.0	-0.051315	0.923867	0.925291	0.801695
245.0	207.0	0.129422	-0.429169	0.448259	0.931035
729.0	209.0	-0.029431	0.927272	0.927739	0.809243
768.0	216.0	0.910755	0.579928	1.079718	0.719390
79.0	217.0	-0.013690	-0.917150	0.917252	0.938052
350.0	223.0	-0.196672	-0.219451	0.294684	0.930847
39.0	225.0	-0.024763	-1.006377	1.006682	0.992726
73.0	225.0	0.004990	-0.915570	0.915584	0.932506
230.0	225.0	-0.049552	-0.474965	0.477543	0.808236
30.0	228.0	-0.021791	-1.019126	1.019359	0.996565
464.0	231.0	-0.092403	0.109844	0.143541	0.944842
158.0	234.0	-0.091820	-0.679089	0.685269	0.845258
364.0	236.0	-0.067163	-0.122336	0.139560	0.932135
401.0	237.0	-0.189248	-0.002337	0.189262	0.846575
551.0	239.0	-0.285417	0.313874	0.424240	0.965655
208.0	243.0	-0.089146	-0.539162	0.546482	0.956675
761.0	241.0	-0.170687	1.003570	1.017981	0.692326
409.0	243.0	-0.141062	-0.001860	0.141074	0.936984
48.0	245.0	-0.147079	-0.979255	0.990238	0.964148
715.0	248.0	-0.179265	0.902055	0.919695	0.988836
234.0	254.0	-0.135614	-0.459300	0.478903	0.933341
517.0	256.0	-0.171528	0.320727	0.363714	0.848204
442.0	258.0	-0.208519	0.072772	0.220852	0.670443
436.0	261.0	-0.172901	0.072079	0.187324	0.683054
658.0	260.0	-0.204119	0.716038	0.744564	0.975448
365.0	264.0	-0.185513	-0.108271	0.214796	0.939530
110.0	270.0	-0.157458	-0.813466	0.828565	0.704571
343.0	272.0	-0.253178	-0.184962	0.313545	0.774737
479.0	282.0	-0.228950	0.279244	0.361103	0.845751
188.0	283.0	-0.203860	-0.597759	0.631565	0.739468
436.0	285.0	-0.290854	0.100704	0.307794	0.824836
210.0	290.0	-0.592460	-0.536661	0.799384	0.851186
681.0	290.0	-0.297984	0.761568	0.817790	0.830051
510.0	290.0	-0.264076	0.299738	0.399473	0.951117
393.0	291.0	-0.276185	-0.012821	0.276482	0.747717
441.0	289.0	-0.250876	0.108218	0.273221	0.842981
616.0	289.0	-0.266484	0.595800	0.652680	0.948279
751.0	291.0	-0.039959	1.279915	1.280539	0.945310
451.0	293.0	-0.422145	0.111542	0.436632	0.826078
240.0	295.0	-0.137236	-0.456821	0.476990	0.827722
676.0	296.0	-0.302607	0.794181	0.849879	0.863819
224.0	298.0	-0.270266	-0.534382	0.598838	0.752207
268.0	300.0	-0.047544	-0.387146	0.390054	0.829413
251.0	300.0	-0.277045	-0.456626	0.534099	0.783947
478.0	301.0	-0.294617	0.255888	0.390228	0.894644
385.0	302.0	-0.258300	-0.058576	0.264858	0.939417
182.0	303.0	-0.267765	-0.592465	0.650164	0.896196
471.0	305.0	-0.294681	0.199151	0.355666	0.919080
339.0	305.0	-0.282884	-0.176527	0.333444	0.945680
192.0	308.0	-0.301672	-0.587118	0.660086	0.864794
589.0	310.0	-0.334894	0.509933	0.610071	0.939599
401.0	311.0	-0.323687	-0.026037	0.324732	0.988055
452.0	311.0	-0.322456	0.183187	0.370858	0.979971
52.0	315.0	-0.302086	-0.152550	0.338419	0.848805
204.0	315.0	-0.351043	-0.573851	0.672708	0.937821
277.0	319.0	-0.399415	-0.364692	0.540863	0.920594
188.0	319.0	-0.304704	-1.031500	1.075563	0.919632
651.0	321.0	-0.370900	0.677695	0.772553	0.748064
57.0	330.0	-0.322390	-0.840101	0.899836	0.886862
212.0	331.0	-0.334353	-0.434978	0.548633	0.946068
85.0	331.0	-0.297505	-0.825936	0.877883	0.844011
632.0	333.0	-0.406206	0.635109	0.753901	0.744375
191.0	333.0	-0.325045	-0.589178	0.672893	0.878208
380.0	334.0	-0.369903	-0.042412	0.372327	0.873068
259.0	335.0	-0.359507	-0.408641	0.544273	0.955629
239.0	337.0	-0.361727	-0.467157	0.590832	0.950549
744.0	335.0	-0.426895	0.892587	0.989420	0.959725
149.0	344.0	-0.364179	-0.715854	0.803164	0.828142
454.0	343.0	-0.429790	0.129051	0.448747	0.953116
418.0	344.0	-0.346360	0.058706	0.351300	0.955689
627.0	343.0	-0.407529	0.636408	0.755709	0.823307
488.0	346.0	-0.420778	0.204315	0.467759	0.791568
46.0	347.0	-0.343348	-1.193233	1.241650	0.730865
210.0	354.0	-0.401480	-0.547257	0.678731	0.874912
508.0	359.0	-0.488273	0.285952	0.565843	0.689659
231.0	362.0	-0.458593	-0.483481	0.666379	0.864909
568.0	363.0	-0.475122	0.450606	0.654818	0.914797
619.0	365.0	-0.487110	0.581588	0.758631	0.724077
743.0	368.0	-0.513563	0.961708	1.090243	0.829243
