247.0	30.0	0.492786	-0.404759	0.637706	0.837091
68.0	31.0	0.513217	-0.907329	1.042419	0.964272
489.0	32.0	0.445795	0.266085	0.519167	0.942518
595.0	32.0	0.409991	0.577610	0.708326	0.823552
375.0	31.0	0.498115	-0.052419	0.500865	0.836229
423.0	34.0	0.443321	0.079563	0.450404	0.968611
234.0	35.0	0.602975	-0.502086	0.784646	0.773489
279.0	34.0	0.453891	-0.325218	0.558376	0.950917
730.0	36.0	0.432526	0.923410	1.019688	0.880442
400.0	38.0	0.463778	0.041709	0.465649	0.964359
636.0	38.0	0.426309	0.693258	0.813847	0.958931
558.0	41.0	0.318733	0.471735	0.569320	0.828099
741.0	40.0	0.407006	0.856230	0.948042	0.889756
513.0	40.0	0.434340	0.318530	0.538621	0.914883
227.0	44.0	0.481822	-0.470806	0.673654	0.795127
286.0	47.0	0.450435	-0.292087	0.536849	0.813983
668.0	45.0	0.405830	0.793715	0.891449	0.910173
139.0	49.0	0.452203	-0.703536	0.836332	0.957708
410.0	51.0	0.428755	0.031325	0.429898	0.930377
717.0	54.0	0.339595	0.900912	0.962791	0.823899
556.0	56.0	0.396586	0.367500	0.540682	0.889446
441.0	58.0	0.396702	0.119109	0.414197	0.945983
164.0	58.0	0.422103	-0.578756	0.716330	0.937689
211.0	60.0	0.428402	-0.504560	0.661898	0.766235
525.0	65.0	0.408368	0.179490	0.446073	0.869144
615.0	62.0	0.349872	0.605486	0.699302	0.952608
687.0	67.0	0.329339	0.819476	0.883179	0.932772
579.0	68.0	0.339021	0.484450	0.591292	0.688990
90.0	70.0	0.399785	-0.899697	0.984522	0.896312
502.0	72.0	0.378313	0.030679	0.379555	0.864108
57.0	73.0	0.403390	-0.937690	1.020777	0.975797
212.0	76.0	0.407023	-0.790725	0.889333	0.949768
640.0	79.0	0.301691	0.700200	0.762428	0.970020
534.0	80.0	0.350151	0.092353	0.362126	0.736258
577.0	80.0	0.342542	0.540557	0.639951	0.711655
596.0	80.0	-0.805494	0.589727	0.998298	0.670881
87.0	82.0	0.361906	-0.844133	0.918443	0.864142
351.0	86.0	0.319977	-0.123423	0.342956	0.979920
514.0	86.0	0.299157	0.435425	0.528290	0.791884
527.0	86.0	0.271809	0.938713	0.977273	0.787942
613.0	88.0	0.518083	0.613067	0.802659	0.901664
679.0	89.0	0.146172	0.765296	0.779130	0.900539
229.0	89.0	0.425719	-0.466626	0.631646	0.873497
249.0	91.0	0.325191	-0.470484	0.571930	0.867201
106.0	90.0	0.245627	-0.837849	0.873112	0.792238
91.0	94.0	0.168900	-0.842009	0.858781	0.842881
693.0	95.0	0.203075	0.733229	0.760831	0.740608
741.0	97.0	0.212288	1.518410	1.533178	0.833550
186.0	98.0	0.316568	-0.578933	0.659832	0.957771
513.0	101.0	0.215330	0.544667	0.585687	0.852244
451.0	102.0	0.291513	0.153314	0.329371	0.958408
272.0	105.0	0.280911	-0.344355	0.444400	0.971347
398.0	109.0	0.245842	0.009283	0.246017	0.928963
727.0	111.0	0.102560	1.002972	1.008202	0.847966
361.0	112.0	-0.310716	-0.186544	0.362413	0.764740
682.0	111.0	0.253398	0.332876	0.418351	0.726522
252.0	112.0	0.251707	-0.393999	0.467537	0.967165
555.0	115.0	0.275274	0.442265	0.520936	0.878885
759.0	115.0	0.197912	0.976889	0.996735	0.989252
403.0	119.0	0.245811	0.060339	0.253109	0.935086
345.0	119.0	0.158536	-0.129115	0.204461	0.851704
40.0	124.0	0.255771	-0.968619	1.001819	0.963356
618.0	126.0	0.177133	0.619165	0.644004	0.836454
437.0	128.0	0.178154	0.124233	0.217192	0.876681
344.0	132.0	0.143893	-0.138858	0.199967	0.862071
308.0	133.0	0.182437	-0.213159	0.280571	0.837241
314.0	133.0	0.168157	-0.303073	0.346598	0.816262
752.0	137.0	0.125213	0.986160	0.994078	0.961224
697.0	136.0	0.099451	0.827659	0.833612	0.913240
586.0	140.0	0.240344	1.026807	1.054561	0.763042
57.0	143.0	0.325125	-0.944718	0.999099	0.727645
398.0	143.0	0.171557	-0.003304	0.171589	0.732280
567.0	144.0	0.126776	0.457951	0.475175	0.772379
182.0	144.0	0.122357	-0.597100	0.609507	0.861980
238.0	145.0	0.175050	-0.440289	0.473811	0.934804
41.0	145.0	0.117077	-0.976488	0.983482	0.843278
257.0	147.0	0.159989	-0.461524	0.488468	0.953716
298.0	147.0	0.193678	-0.280061	0.340508	0.874309
321.0	147.0	0.203358	-0.285325	0.350379	0.752684
361.0	149.0	0.040663	-0.060078	0.072545	0.970870
538.0	151.0	0.124599	0.271213	0.298465	0.902441
162.0	151.0	0.159849	-0.651236	0.670567	0.959516
636.0	150.0	0.105984	0.651565	0.660129	0.943622
222.0	152.0	0.161011	-0.490924	0.516654	0.961766
252.0	153.0	0.161390	-0.406076	0.436972	0.932789
613.0	153.0	0.095860	0.601412	0.609004	0.933212
588.0	154.0	0.186483	0.580421	0.609643	0.692026
639.0	154.0	0.105953	0.653023	0.661563	0.950018
98.0	159.0	0.128100	-0.796243	0.806482	0.798313
432.0	160.0	0.108377	0.154904	0.189052	0.974404
396.0	160.0	0.153254	-1.241772	1.251193	0.728661
663.0	161.0	0.011217	0.712326	0.712415	0.979045
261.0	162.0	0.150227	-0.433299	0.458602	0.922313
204.0	163.0	0.127597	-0.540522	0.555378	0.967428
550.0	167.0	0.104805	-0.596763	0.605897	0.601556
99.0	173.0	0.150905	-0.787365	0.801696	0.831653
588.0	172.0	0.058904	0.754197	0.756494	0.797519
303.0	179.0	0.052883	-0.333314	0.337483	0.916739
76.0	180.0	0.072091	-0.891506	0.894416	0.694556
328.0	184.0	-0.022174	-0.235848	0.236888	0.789854
762.0	185.0	-0.009944	1.013944	1.013993	0.979140
452.0	186.0	0.051615	0.174795	0.182256	0.917653
704.0	187.0	-0.011966	0.946297	0.946372	0.787675
70.0	190.0	-0.008523	-0.893824	0.893865	0.860099
238.0	189.0	0.051559	-0.443484	0.446471	0.844634
465.0	190.0	0.016668	0.176601	0.177386	0.931915
87.0	189.0	-0.230516	-0.841494	0.872496	0.782147
415.0	190.0	0.021206	0.054088	0.058096	0.998612
294.0	192.0	0.048365	-0.278413	0.282583	0.923790
483.0	193.0	0.045683	0.231945	0.236401	0.827515
585.0	196.0	-0.017964	0.512940	0.513254	0.918208
135.0	196.0	0.043071	-0.727061	0.728336	0.942641
351.0	197.0	0.006412	-0.132752	0.132907	0.954803
548.0	199.0	0.126754	0.413910	0.432883	0.956215
492.0	199.0	0.036823	0.239554	0.242368	0.697048
298.0	202.0	0.030244	-0.292281	0.293841	0.960934
531.0	201.0	-0.019847	0.329615	0.330212	0.968157
619.0	203.0	-0.048150	0.606354	0.608262	0.960623
471.0	213.0	-0.038609	0.193609	0.197421	0.993968
121.0	217.0	-0.051276	-0.888708	0.890186	0.942357
623.0	214.0	-0.048630	0.608998	0.610937	0.902810
498.0	218.0	-0.084714	0.262322	0.275662	0.951337
543.0	220.0	-0.109944	0.416088	0.430369	0.835528
729.0	220.0	-0.095273	0.914551	0.919500	0.941821
32.0	225.0	-0.005112	-1.038902	1.038915	0.992577
491.0	226.0	-0.080686	0.152749	0.172750	0.943532
555.0	226.0	0.063283	0.739159	0.741863	0.784129
270.0	228.0	-0.061487	-0.298635	0.304899	0.809653
345.0	229.0	-0.080604	-0.102506	0.130401	0.964487
345.0	233.0	-0.080551	-0.102299	0.130206	0.964495
686.0	238.0	-0.170764	0.842402	0.859535	0.962858
499.0	240.0	-0.088259	0.233824	0.249926	0.885706
554.0	242.0	-0.138822	0.629707	0.644827	0.909912
76.0	244.0	-0.053388	-0.919335	0.920884	0.741349
43.0	245.0	-0.077741	-1.047505	1.050386	0.988324
289.0	252.0	-0.127365	-0.294304	0.320681	0.951065
547.0	260.0	-0.180692	0.148053	0.233601	0.938143
84.0	264.0	-0.142531	-0.993038	1.003214	0.848864
170.0	263.0	-0.170369	-0.537955	0.564288	0.966560
744.0	266.0	-0.232718	0.731358	0.767491	0.809543
111.0	271.0	-0.159961	-0.810188	0.825828	0.821738
575.0	273.0	-0.228678	0.406347	0.466274	0.955214
81.0	272.0	-0.142717	-0.886822	0.898232	0.783660
304.0	273.0	-0.189762	-0.277239	0.335963	0.983255
191.0	276.0	-0.181524	-0.589340	0.616662	0.969474
163.0	277.0	-0.193463	-0.660373	0.688128	0.855888
532.0	278.0	-0.252164	0.380575	0.456535	0.735598
43.0	280.0	-0.234095	-0.983871	1.011337	0.990260
110.0	291.0	-0.213604	-0.758586	0.788086	0.980644
151.0	290.0	-0.209109	-0.684618	0.715841	0.836783
571.0	293.0	-0.161376	0.455207	0.482966	0.745037
573.0	291.0	-0.428563	0.389452	0.579085	0.740089
610.0	302.0	-0.311859	0.572388	0.651831	0.818262
220.0	306.0	-0.325186	-0.672345	0.746856	0.811880
347.0	306.0	-0.300022	-0.151333	0.336028	0.966180
61.0	311.0	-0.265192	-0.954841	0.990984	0.989417
218.0	315.0	-0.456180	-0.609393	0.761223	0.738213
389.0	316.0	-0.309648	-0.043455	0.312682	0.901931
427.0	318.0	-0.339818	0.039660	0.342125	0.946613
117.0	320.0	-0.298781	-0.741701	0.799619	0.683820
413.0	326.0	-0.339846	0.029290	0.341106	0.851222
189.0	328.0	-0.356653	-0.604268	0.701670	0.938722
202.0	330.0	-0.384253	-0.579469	0.695295	0.937138
343.0	329.0	-0.354222	-0.176515	0.395766	0.976370
516.0	331.0	-0.380475	0.306214	0.488393	0.957400
542.0	332.0	-0.389502	0.377735	0.542582	0.951061
155.0	333.0	-0.344724	-0.691119	0.772322	0.712819
739.0	337.0	-0.422130	0.906851	1.000286	0.880385
181.0	339.0	-0.343277	-0.628955	0.716536	0.889276
293.0	340.0	-0.397108	-0.302504	0.499203	0.950018
440.0	339.0	-0.388815	0.093065	0.399798	0.957877
601.0	341.0	-0.455807	0.521306	0.692474	0.914730
128.0	342.0	-0.357356	-0.571662	0.674167	0.917696
465.0	345.0	-0.484797	0.159859	0.510473	0.704226
306.0	349.0	-0.381408	-0.302626	0.486883	0.952287
659.0	353.0	-0.465109	0.702353	0.842393	0.920002
240.0	355.0	-0.419906	-0.470159	0.630373	0.840477
504.0	355.0	-0.444975	0.175495	0.478332	0.958869
636.0	355.0	-0.476359	0.616049	0.778739	0.910838
533.0	356.0	-0.476549	0.357610	0.595805	0.899162
272.0	357.0	-0.307958	-0.400203	0.504975	0.710421
612.0	357.0	-0.467514	0.405862	0.619107	0.915228
557.0	364.0	-0.479192	0.410054	0.630690	0.848326
244.0	362.0	-0.433026	-0.470120	0.639159	0.835299
141.0	363.0	-0.420856	-0.728760	0.841552	0.948904
467.0	362.0	-0.415475	-1.579137	1.632879	0.620331
692.0	364.0	-0.491407	0.789393	0.929851	0.950915
543.0	365.0	-0.454955	0.376096	0.590282	0.892918
230.0	364.0	-0.303776	-0.475052	0.563874	0.786809
332.0	366.0	-0.428431	-0.209177	0.476769	0.958940
624.0	367.0	-0.484606	0.539079	0.724878	0.885161
