244.0	31.0	0.702772	-0.495589	0.859940	0.886571
159.0	33.0	0.648973	-0.622819	0.899483	0.856527
172.0	33.0	0.522939	-0.620860	0.811746	0.836504
234.0	33.0	0.581659	-0.582400	0.823114	0.921279
528.0	31.0	0.458242	0.347764	0.575261	0.942343
87.0	36.0	0.500086	-0.813666	0.955059	0.741318
395.0	38.0	0.458302	0.058834	0.462063	0.962969
585.0	37.0	0.310945	0.646898	0.717749	0.676644
634.0	38.0	0.391872	0.640278	0.750680	0.804388
448.0	42.0	0.426447	0.176816	0.461650	0.829300
457.0	44.0	0.427571	0.176698	0.462644	0.870563
75.0	44.0	0.509191	-0.847553	0.988748	0.750768
636.0	48.0	0.392591	0.732861	0.831392	0.852774
631.0	48.0	0.391707	0.733119	0.831202	0.852749
198.0	54.0	0.424695	-0.573456	0.713594	0.938437
299.0	55.0	0.412668	-0.515109	0.660024	0.854534
556.0	57.0	0.377184	0.446220	0.584277	0.740670
134.0	60.0	0.426378	-0.716613	0.833866	0.943398
753.0	60.0	0.340879	1.003366	1.059689	0.751278
155.0	61.0	0.418938	-0.662148	0.783549	0.827716
368.0	60.0	0.653210	-0.070484	0.657002	0.864834
387.0	65.0	0.364095	-0.001459	0.364098	0.855852
426.0	64.0	0.374420	0.166642	0.409829	0.932909
719.0	62.0	0.494415	0.951358	1.072160	0.710401
295.0	68.0	0.299599	-0.272155	0.404757	0.755583
166.0	68.0	0.421497	-0.662495	0.785213	0.834909
195.0	70.0	0.356775	0.109405	0.373172	0.745375
231.0	73.0	0.375715	-0.450720	0.586780	0.923369
524.0	73.0	0.320903	0.367480	0.487873	0.929522
540.0	74.0	0.339175	0.385325	0.513337	0.836933
730.0	74.0	0.307239	0.922866	0.972665	0.842040
131.0	77.0	0.154730	-0.681334	0.698683	0.812336
431.0	81.0	0.361973	-1.028950	1.090762	0.773883
533.0	82.0	0.318736	0.408555	0.518179	0.930746
202.0	85.0	0.247787	0.459983	0.522478	0.780175
630.0	83.0	0.262982	0.661711	0.712054	0.962167
768.0	86.0	0.196459	1.068174	1.086090	0.950823
507.0	86.0	0.341423	0.314470	0.464178	0.961577
152.0	88.0	0.369176	-0.662266	0.758213	0.600856
102.0	96.0	0.326575	-0.607253	0.689498	0.765919
241.0	97.0	0.091253	-0.406948	0.417054	0.841563
454.0	98.0	0.233139	0.155072	0.280002	0.748810
489.0	97.0	0.270213	0.265503	0.378823	0.972790
621.0	102.0	0.200162	0.583760	0.617123	0.648161
646.0	103.0	0.231099	0.698567	0.735801	0.729178
73.0	105.0	0.312103	-0.651021	0.721968	0.695151
640.0	104.0	0.227937	0.697418	0.733721	0.731333
364.0	104.0	0.267118	-0.091563	0.282375	0.977837
182.0	107.0	0.283840	-0.602600	0.666102	0.848722
96.0	112.0	0.331584	-0.583376	0.671026	0.874486
450.0	110.0	0.276306	0.163445	0.321028	0.745533
469.0	110.0	0.403212	0.220145	0.459394	0.870087
697.0	111.0	0.207434	0.837860	0.863156	0.966454
231.0	115.0	0.332646	-0.478601	0.582849	0.624602
244.0	113.0	0.252733	-0.433010	0.501369	0.658166
482.0	118.0	0.221992	0.241473	0.328008	0.783636
33.0	120.0	0.275947	-1.008458	1.045531	0.870577
269.0	120.0	0.239987	-0.322036	0.401623	0.740129
416.0	120.0	0.052126	0.060813	0.080095	0.935044
133.0	125.0	0.377829	-0.750907	0.840605	0.879912
639.0	123.0	0.181932	0.673347	0.697492	0.903995
194.0	124.0	0.260106	-1.077723	1.108666	0.905742
602.0	125.0	0.065401	0.575989	0.579690	0.934637
131.0	124.0	0.292136	-0.755377	0.809900	0.828918
290.0	125.0	0.293487	-0.502616	0.582029	0.823780
557.0	127.0	0.050854	0.463458	0.466240	0.892759
268.0	128.0	0.232819	-0.353567	0.423337	0.786146
419.0	128.0	0.210423	0.147525	0.256986	0.956969
684.0	129.0	0.156767	0.848301	0.862664	0.984034
766.0	129.0	-0.048930	1.050260	1.051400	0.827745
123.0	131.0	-7.188022	3.623884	8.049857	0.884322
335.0	136.0	0.183393	-0.254780	0.313920	0.970459
458.0	136.0	0.186996	0.153994	0.242243	0.931101
45.0	138.0	0.215692	-0.972653	0.996281	0.984936
567.0	138.0	0.164729	0.468177	0.496312	0.776670
573.0	139.0	0.076072	0.481400	0.487374	0.765652
36.0	142.0	0.364560	-1.004400	1.068514	0.938853
732.0	142.0	0.123715	0.922558	0.930816	0.992339
514.0	144.0	0.140207	0.209366	0.251976	0.962931
93.0	144.0	0.209583	-0.845294	0.870888	0.962387
186.0	146.0	0.141862	-0.363170	0.389894	0.735703
281.0	149.0	0.159861	-0.325485	0.362623	0.871455
582.0	149.0	-0.029509	0.486204	0.487098	0.827910
131.0	155.0	0.161155	-0.781686	0.798125	0.839867
475.0	157.0	0.111350	0.261249	0.283990	0.913803
258.0	157.0	0.092196	-0.425443	0.435318	0.956757
709.0	156.0	0.044864	0.835930	0.837133	0.893161
357.0	158.0	0.130755	-0.128777	0.183523	0.924298
187.0	159.0	0.022831	-0.568893	0.569351	0.734712
89.0	166.0	0.136884	-0.855127	0.866013	0.994257
227.0	167.0	0.151382	-0.456999	0.481420	0.960538
561.0	167.0	0.073959	0.467785	0.473595	0.941670
202.0	169.0	0.004275	-0.583334	0.583350	0.691005
256.0	170.0	0.098398	-0.410229	0.421865	0.905837
412.0	170.0	0.063448	0.029287	0.069881	0.993741
620.0	173.0	0.040467	0.616491	0.617817	0.978626
180.0	175.0	0.096499	-0.829779	0.835371	0.838335
190.0	174.0	0.084312	-0.651862	0.657292	0.746749
358.0	174.0	0.175249	-0.491678	0.521976	0.870093
242.0	177.0	-0.005765	-0.448754	0.448791	0.943285
463.0	179.0	0.003603	0.166872	0.166911	0.943613
47.0	179.0	-0.091677	-0.881024	0.885781	0.938135
199.0	178.0	0.101866	-0.568641	0.577693	0.832116
422.0	183.0	0.063148	0.055640	0.084164	0.998409
280.0	183.0	0.043974	-0.418378	0.420683	0.709319
302.0	183.0	0.127526	-0.337282	0.360586	0.852486
326.0	182.0	0.051357	-0.247894	0.253158	0.898574
173.0	188.0	0.086222	-0.610379	0.616439	0.804629
534.0	190.0	0.009195	0.377241	0.377353	0.977669
672.0	199.0	-0.036404	0.760143	0.761014	0.924029
724.0	199.0	0.012005	0.861771	0.861854	0.832491
337.0	205.0	0.003490	-0.130450	0.130496	0.885171
291.0	206.0	-0.124226	-0.251053	0.280107	0.733193
372.0	209.0	-0.025300	-0.069885	0.074324	0.882564
585.0	213.0	-0.055715	0.509938	0.512973	0.936223
245.0	216.0	-0.036453	-0.424704	0.426265	0.972707
736.0	215.0	-0.074332	0.976154	0.978980	0.874570
129.0	224.0	-0.043092	-0.760539	0.761759	0.821556
624.0	228.0	-0.109287	0.619357	0.628925	0.660633
634.0	226.0	8.991424	-2.096899	9.232697	0.957915
502.0	228.0	-0.292345	0.283988	0.407572	0.719037
723.0	228.0	-0.236460	0.910152	0.940367	0.912135
77.0	230.0	-0.042029	-0.902417	0.903395	0.991046
85.0	235.0	-0.042183	-0.902400	0.903385	0.991041
671.0	237.0	-0.146447	0.750010	0.764173	0.985381
179.0	242.0	-0.089385	-0.617795	0.624227	0.940588
324.0	244.0	-0.129422	-0.238275	0.271155	0.985246
371.0	247.0	-0.126912	-0.089779	0.155457	0.940056
312.0	247.0	-0.143937	-0.233204	0.274047	0.988648
434.0	251.0	-0.343982	0.082505	0.353738	0.895587
532.0	257.0	-0.157337	0.235180	0.282957	0.953237
101.0	259.0	-0.372122	-0.847550	0.925644	0.768927
489.0	259.0	-0.113455	0.184546	0.216631	0.909618
719.0	262.0	-0.226826	1.020827	1.045724	0.860246
747.0	261.0	0.014871	1.195593	1.195685	0.811301
210.0	261.0	-0.146223	-0.366562	0.394650	0.805616
729.0	264.0	-0.133198	1.014770	1.023474	0.860944
246.0	264.0	-0.181044	-0.076783	0.196654	0.809249
466.0	267.0	-0.197791	0.177192	0.265553	0.985428
491.0	268.0	-0.112683	0.184942	0.216567	0.911368
547.0	266.0	-0.243248	0.386501	0.456676	0.850561
168.0	269.0	-0.129438	-0.671395	0.683758	0.835563
675.0	268.0	-0.241410	0.777774	0.814378	0.976745
99.0	271.0	-0.278193	-0.836275	0.881332	0.895214
153.0	274.0	0.046370	-0.683954	0.685524	0.702257
256.0	278.0	-0.021164	-0.407947	0.408496	0.914608
310.0	279.0	-0.231907	-0.257866	0.346808	0.728817
676.0	283.0	-0.257592	0.731603	0.775627	0.976638
53.0	287.0	-0.191199	-0.981706	1.000152	0.914956
312.0	287.0	-0.234229	-0.259036	0.349232	0.835721
439.0	289.0	-0.256173	0.098011	0.274282	0.988295
567.0	288.0	-0.252174	0.449584	0.515478	0.953115
105.0	295.0	-0.222672	-0.826455	0.855927	0.976218
33.0	299.0	0.123750	-1.075348	1.082446	0.893171
484.0	301.0	-0.300020	0.223144	0.373905	0.835448
176.0	306.0	-0.295864	-0.644577	0.709235	0.791877
682.0	306.0	-0.331850	0.758228	0.827668	0.962464
240.0	308.0	-0.303599	-0.458296	0.549734	0.949643
277.0	311.0	-0.292540	-0.351227	0.457100	0.949176
658.0	311.0	-0.349547	0.698253	0.780858	0.948184
535.0	317.0	-1.289145	0.530340	1.393971	0.810476
118.0	318.0	-0.274438	-0.792551	0.838721	0.969087
190.0	324.0	-0.325762	-0.602437	0.684874	0.949958
589.0	323.0	-0.393481	0.440289	0.590493	0.813769
761.0	326.0	-0.400042	1.195128	1.260303	0.796409
246.0	329.0	-0.342480	-0.449183	0.564852	0.953276
463.0	333.0	-0.373219	-0.046046	0.376049	0.839339
183.0	334.0	-0.355915	-0.602891	0.700109	0.936893
702.0	337.0	-0.302652	0.837069	0.890103	0.862166
508.0	339.0	-0.401437	0.283321	0.491347	0.961446
263.0	341.0	-0.240242	-0.399142	0.465865	0.954073
388.0	341.0	-0.396161	-0.045199	0.398731	0.974915
195.0	342.0	-0.355319	-0.604574	0.701257	0.953672
81.0	343.0	-0.353819	-0.911052	0.977345	0.980670
600.0	346.0	-0.457155	0.543011	0.709825	0.680615
303.0	348.0	-0.398183	-0.297585	0.497098	0.954260
466.0	348.0	-0.374812	0.095434	0.386770	0.828725
740.0	354.0	-0.472269	0.925427	1.038967	0.953185
563.0	352.0	-0.468062	0.556397	0.727090	0.754475
532.0	353.0	-0.471543	0.326177	0.573362	0.874483
608.0	354.0	-0.390576	0.655172	0.762758	0.791460
745.0	353.0	-0.553233	0.916228	1.070299	0.932167
518.0	357.0	-0.582050	0.307937	0.658489	0.926041
667.0	358.0	-0.476102	0.721902	0.864763	0.956426
137.0	361.0	-0.429630	-0.800008	0.908071	0.944299
448.0	362.0	-0.458020	0.117425	0.472833	0.965253
560.0	365.0	-0.469311	0.431255	0.637365	0.886883
606.0	364.0	-0.483119	0.565550	0.743809	0.813650
394.0	364.0	-0.489570	0.300403	0.574387	0.724589
115.0	368.0	-0.432935	-0.814783	0.922662	0.966966
