453.0	37.0	0.593454	0.162661	0.615343	0.940669
283.0	36.0	0.411251	-0.306548	0.512931	0.950865
71.0	38.0	0.497732	-0.957628	1.079254	0.761634
121.0	37.0	0.369652	-0.725897	0.814597	0.782272
134.0	42.0	0.481010	-0.707342	0.855396	0.762936
144.0	46.0	0.460997	-0.753433	0.883278	0.724242
426.0	46.0	0.428003	0.087727	0.436901	0.967337
479.0	44.0	0.429013	0.368190	0.565346	0.736476
486.0	45.0	0.437443	0.285662	0.522455	0.756500
89.0	48.0	0.466842	-1.004212	1.107422	0.778702
348.0	52.0	0.421255	-0.172229	0.455102	0.966557
335.0	54.0	0.417800	-0.141953	0.441257	0.971224
101.0	54.0	0.532238	-0.907782	1.052304	0.777683
281.0	56.0	0.394844	-0.295140	0.492960	0.961415
659.0	57.0	0.355617	0.764803	0.843437	0.949060
527.0	57.0	-0.296976	0.325585	0.440682	0.853401
93.0	63.0	0.542157	-1.127514	1.251089	0.779534
455.0	62.0	0.375639	0.239859	0.445687	0.966960
510.0	63.0	0.356297	0.324262	0.481761	0.966023
667.0	64.0	0.334813	0.816010	0.882027	0.933629
617.0	67.0	0.341435	0.620208	0.707980	0.902237
721.0	69.0	0.319244	0.916408	0.970423	0.780091
356.0	68.0	0.397516	-0.667942	0.777281	0.803121
743.0	72.0	0.369818	0.973214	1.041111	0.779339
260.0	72.0	0.372634	-0.502150	0.625308	0.822556
538.0	72.0	0.365750	0.380965	0.528117	0.928476
752.0	73.0	9.359715	2.307523	9.639964	0.933541
391.0	75.0	0.354852	-0.073084	0.362300	0.851156
171.0	76.0	0.700490	-0.539857	0.884382	0.881134
678.0	75.0	0.289609	0.772812	0.825295	0.919105
729.0	75.0	0.418549	0.927114	1.017214	0.825099
131.0	78.0	0.499706	-0.731525	0.885910	0.923403
462.0	77.0	0.358763	0.183192	0.402828	0.904079
661.0	78.0	0.337081	0.781916	0.851479	0.971319
210.0	80.0	0.356502	-0.514787	0.626178	0.925507
53.0	82.0	0.375818	-0.948584	1.020319	0.745874
320.0	80.0	0.344902	-0.202327	0.399867	0.976314
149.0	87.0	0.297387	-0.687095	0.748691	0.910121
240.0	88.0	0.330261	-0.428885	0.541308	0.954837
403.0	87.0	0.363158	-0.027181	0.364174	0.818100
115.0	89.0	1.170168	-0.744914	1.387151	0.839728
708.0	97.0	0.218089	0.848082	0.875675	0.891428
729.0	98.0	0.204205	0.906958	0.929662	0.923204
694.0	103.0	0.075890	0.825095	0.828577	0.911000
205.0	105.0	0.267033	-0.514782	0.579920	0.937434
523.0	106.0	0.184290	0.359204	0.403721	0.928567
146.0	106.0	0.285227	-0.760380	0.812116	0.845728
394.0	108.0	0.256855	-0.005455	0.256913	0.947331
635.0	107.0	0.224168	0.658289	0.695410	0.962214
433.0	108.0	0.251965	0.145601	0.291009	0.968082
611.0	110.0	0.217835	0.603802	0.641895	0.838026
643.0	109.0	0.218780	0.675601	0.710142	0.962337
158.0	111.0	0.286155	-0.663504	0.722580	0.836189
621.0	111.0	0.111748	0.664165	0.673500	0.813095
276.0	112.0	0.701524	-0.310829	0.767301	0.737418
234.0	117.0	0.266176	-0.475036	0.544526	0.863297
291.0	117.0	0.342381	-0.238912	0.417497	0.856741
525.0	118.0	0.184897	0.466795	0.502081	0.897010
49.0	119.0	0.269766	-0.958272	0.995520	0.976868
767.0	118.0	0.173955	1.593525	1.602991	0.815731
588.0	120.0	0.222250	0.535591	0.579873	0.959924
470.0	122.0	0.118787	0.205663	0.237503	0.949391
503.0	124.0	0.217254	0.310741	0.379156	0.912994
729.0	125.0	0.162679	0.924514	0.938718	0.967143
620.0	126.0	0.195196	0.524849	0.559971	0.867608
186.0	129.0	0.167878	-0.596698	0.619864	0.944426
262.0	130.0	0.161912	-0.500541	0.526077	0.826318
114.0	130.0	0.168644	-0.975694	0.990161	0.798208
433.0	131.0	0.188873	0.107718	0.217431	0.934754
148.0	132.0	0.212451	-0.684558	0.716767	0.669671
756.0	133.0	0.151523	1.127652	1.137786	0.691109
707.0	140.0	0.169778	0.864915	0.881421	0.972299
74.0	143.0	0.255569	-0.978198	1.011032	0.891821
127.0	144.0	0.215453	-0.835573	0.862903	0.750635
653.0	146.0	0.118114	0.738289	0.747677	0.898112
569.0	146.0	0.141571	0.476724	0.497301	0.954779
726.0	147.0	0.023360	0.831256	0.831584	0.973013
119.0	146.0	0.203831	-1.309866	1.325631	0.763493
159.0	152.0	0.164097	-0.664223	0.684193	0.979979
435.0	153.0	0.167753	0.146281	0.222574	0.978178
275.0	153.0	0.157552	-0.321602	0.358121	0.801522
398.0	154.0	0.125734	0.000482	0.125735	0.947056
443.0	153.0	0.112667	0.168179	0.202430	0.982831
332.0	156.0	0.117728	-0.158796	0.197676	0.946879
343.0	158.0	0.127303	-0.158815	0.203539	0.946891
716.0	162.0	0.094015	0.741910	0.747844	0.950750
136.0	162.0	-0.273874	-0.670374	0.724160	0.842210
120.0	165.0	0.096011	-0.768503	0.774478	0.782279
532.0	166.0	0.073610	0.420582	0.426975	0.886655
450.0	167.0	0.098492	0.144053	0.174505	0.986595
583.0	171.0	0.054527	0.513799	0.516684	0.965663
691.0	172.0	0.038326	0.810850	0.811755	0.990055
541.0	173.0	0.073378	0.420559	0.426913	0.885500
55.0	175.0	0.102959	-0.951616	0.957169	0.871040
234.0	176.0	0.083161	-0.042983	0.093613	0.899324
319.0	178.0	0.080773	-0.225858	0.239867	0.846769
714.0	179.0	0.025634	0.587144	0.587703	0.731545
139.0	181.0	0.086607	-0.717153	0.722363	0.984545
618.0	181.0	0.019024	0.612121	0.612416	0.762967
629.0	185.0	0.019934	0.612119	0.612443	0.762971
657.0	189.0	-0.010041	0.706455	0.706527	0.987160
721.0	188.0	0.215709	0.884547	0.910469	0.724361
549.0	192.0	0.000878	0.407411	0.407412	0.974330
227.0	191.0	0.029340	-0.317679	0.319031	0.837960
365.0	192.0	0.020085	-0.098731	0.100754	0.985883
498.0	194.0	0.002086	0.307257	0.307264	0.837615
542.0	193.0	0.000802	0.405610	0.405610	0.974483
163.0	196.0	0.037086	-0.745957	0.746878	0.948720
138.0	198.0	0.040515	-0.586653	0.588050	0.954156
225.0	197.0	-0.034836	-0.475428	0.476702	0.942896
263.0	197.0	0.138078	-0.370402	0.395301	0.933559
38.0	200.0	0.066378	-1.018365	1.020526	0.999036
279.0	202.0	0.360923	-0.561911	0.667840	0.799448
184.0	204.0	-0.004166	-0.595392	0.595407	0.727156
515.0	207.0	-0.018937	0.329289	0.329833	0.981136
670.0	207.0	-0.055781	0.726958	0.729095	0.955028
632.0	210.0	-0.062782	0.645094	0.648142	0.974527
628.0	209.0	-0.062790	0.645448	0.648495	0.974494
524.0	218.0	-0.051787	0.332690	0.336696	0.982374
407.0	220.0	-0.062905	-0.040150	0.074626	0.810411
487.0	228.0	-0.088480	0.242164	0.257822	0.990404
704.0	228.0	-0.122607	0.839303	0.848212	0.992899
207.0	230.0	-0.060520	-0.585430	0.588550	0.828553
76.0	231.0	-0.044526	-0.903960	0.905056	0.955590
252.0	232.0	-0.072051	-0.413450	0.419681	0.974694
400.0	230.0	-0.283618	0.012486	0.283892	0.843957
112.0	240.0	-0.118859	-0.803244	0.811990	0.974565
633.0	240.0	-0.057037	0.632249	0.634816	0.952885
444.0	242.0	-0.117571	0.090217	0.148196	0.989703
341.0	244.0	-0.110863	-0.172154	0.204762	0.989876
278.0	247.0	-0.127414	-0.334879	0.358299	0.971096
735.0	244.0	-0.194625	0.927480	0.947681	0.847942
521.0	246.0	-0.104150	0.302673	0.320090	0.975850
762.0	248.0	-0.189501	1.015630	1.033157	0.865631
479.0	247.0	-0.114622	0.223386	0.251076	0.986144
540.0	251.0	-0.153291	0.449613	0.475026	0.849289
397.0	252.0	-0.109410	0.419167	0.433211	0.826502
668.0	253.0	-0.198392	0.744512	0.770492	0.908628
66.0	253.0	-1.047887	-1.022552	1.464131	0.783770
288.0	257.0	-0.131418	-0.331374	0.356482	0.831927
737.0	256.0	-0.233693	1.211990	1.234314	0.732378
240.0	258.0	-0.116176	-0.467105	0.481336	0.954364
654.0	259.0	-0.227008	0.717728	0.752772	0.978714
49.0	260.0	-0.051379	-1.057445	1.058693	0.908399
365.0	259.0	4.011772	-3.840710	5.553861	0.664483
679.0	261.0	-0.371910	0.734467	0.823261	0.814146
396.0	266.0	-0.154593	0.001372	0.154600	0.859616
665.0	268.0	-0.279397	0.715435	0.768056	0.942603
192.0	269.0	-0.152509	-0.585253	0.604798	0.969403
735.0	269.0	-0.237661	0.935444	0.965162	0.876215
324.0	272.0	-0.291791	-0.246558	0.382012	0.647502
234.0	274.0	-0.190100	-0.533429	0.566290	0.850470
165.0	277.0	-0.180277	-0.661535	0.685659	0.919917
126.0	277.0	-0.165931	-0.790115	0.807351	0.982148
68.0	277.0	-0.245522	-0.902796	0.935586	0.817687
644.0	280.0	-0.280302	0.610231	0.671528	0.809680
653.0	279.0	-0.254844	0.611473	0.662454	0.850924
112.0	280.0	-0.203889	-0.796588	0.822267	0.974750
291.0	279.0	-0.210714	-0.318603	0.381980	0.924026
375.0	281.0	-0.225160	-0.079034	0.238628	0.909589
567.0	285.0	-0.402320	0.451709	0.604899	0.913166
233.0	288.0	-0.210089	-0.466180	0.511333	0.787380
604.0	289.0	-0.359512	0.555367	0.661575	0.836915
656.0	288.0	-0.263239	0.679067	0.728304	0.808816
186.0	292.0	-0.088977	-0.677016	0.682838	0.673961
648.0	293.0	-0.263712	0.682880	0.732031	0.809445
341.0	294.0	-0.258608	-0.162110	0.305217	0.884581
190.0	295.0	-0.031277	-0.656795	0.657539	0.692535
564.0	298.0	-0.278556	0.442923	0.523234	0.946189
684.0	297.0	-0.310417	0.779495	0.839029	0.975941
66.0	300.0	-0.383678	-0.954614	1.028833	0.948375
80.0	300.0	-0.221424	-0.930112	0.956105	0.938952
150.0	298.0	-0.259335	-0.718889	0.764236	0.972521
221.0	305.0	-0.342329	-0.490425	0.598085	0.869293
499.0	310.0	-0.321326	0.260407	0.413597	0.959188
494.0	308.0	-0.321194	0.252254	0.408408	0.960836
415.0	318.0	-1.017561	0.229246	1.043064	0.823926
700.0	318.0	-0.327532	0.872251	0.931718	0.909131
391.0	320.0	-8.047942	-0.897802	8.097865	0.841110
398.0	320.0	-0.345880	-0.036081	0.347757	0.769975
285.0	322.0	-0.327774	-0.331654	0.466294	0.968356
544.0	322.0	-0.355317	0.380064	0.520287	0.916772
709.0	328.0	-0.327982	0.900107	0.958001	0.861039
197.0	330.0	-0.333048	-0.582104	0.670646	0.956417
83.0	333.0	-0.328143	-0.891887	0.950337	0.982281
222.0	336.0	-0.365696	-0.523454	0.638544	0.940376
423.0	338.0	-0.304827	0.003752	0.304850	0.826072
260.0	338.0	-0.398475	-0.139134	0.422067	0.924071
215.0	339.0	-1.171144	-0.537047	1.288409	0.757860
368.0	344.0	-0.399134	-0.106416	0.413077	0.963590
132.0	345.0	-0.242880	-0.765997	0.803581	0.918719
499.0	351.0	-0.438160	0.154568	0.464624	0.842164
168.0	353.0	-0.353313	-0.662542	0.750861	0.818537
107.0	353.0	-0.410671	-0.858005	0.951221	0.865452
272.0	354.0	-0.405761	-0.214725	0.459074	0.874269
45.0	363.0	-0.317164	-1.015808	1.064171	0.936657
95.0	368.0	-0.419392	-0.838969	0.937955	0.966390
362.0	364.0	-0.423008	-0.132528	0.443283	0.910276
735.0	368.0	-0.550080	0.918407	1.070542	0.833400
640.0	369.0	-0.523127	0.866257	1.011961	0.938665
699.0	368.0	-0.512017	0.763811	0.919549	0.824085
