52.0	32.0	0.654279	-0.948535	1.152302	0.961819
754.0	33.0	0.411053	1.038459	1.116854	0.832807
298.0	35.0	0.475175	-0.264722	0.543938	0.928602
159.0	39.0	0.482913	-0.649287	0.809184	0.947857
761.0	44.0	0.407103	0.963388	1.045872	0.786245
423.0	50.0	0.411887	0.086118	0.420794	0.935028
114.0	51.0	0.457600	-0.768857	0.894728	0.797453
383.0	52.0	0.362007	-0.027193	0.363027	0.765504
275.0	52.0	0.428586	-0.327870	0.539616	0.958527
709.0	52.0	0.398108	0.812409	0.904709	0.666850
202.0	53.0	0.434877	-0.531602	0.686818	0.913564
40.0	54.0	0.395933	-0.966477	1.044434	0.881755
767.0	52.0	0.398600	1.031423	1.105765	0.905973
638.0	56.0	0.346713	0.688701	0.771050	0.787080
650.0	53.0	0.363380	0.737381	0.822056	0.894323
122.0	59.0	0.438640	-0.767020	0.883586	0.927654
463.0	58.0	0.396345	0.199073	0.443530	0.928720
588.0	64.0	0.355028	0.783257	0.859964	0.921064
651.0	67.0	0.357627	0.703632	0.789300	0.793029
68.0	70.0	0.491634	-0.869038	0.998465	0.798810
337.0	73.0	0.361714	-0.132683	0.385281	0.955801
79.0	71.0	0.473408	-0.916570	1.031608	0.830920
146.0	78.0	0.358805	-0.700700	0.787224	0.881024
215.0	79.0	0.365830	-0.496516	0.616733	0.943667
460.0	79.0	0.293795	0.340670	0.449858	0.847820
558.0	81.0	0.307796	0.459572	0.553123	0.956252
64.0	83.0	0.308861	-0.871506	0.924618	0.767425
258.0	89.0	0.304683	-0.478143	0.566968	0.691461
141.0	89.0	0.353592	-0.698243	0.782669	0.880814
413.0	89.0	0.305803	0.048708	0.309658	0.891294
755.0	89.0	0.257787	1.005964	1.038469	0.990215
244.0	92.0	0.570353	-0.397368	0.695129	0.764664
463.0	92.0	0.295613	0.189287	0.351023	0.866807
627.0	94.0	0.264062	0.649907	0.701504	0.972337
182.0	97.0	0.674778	-0.593516	0.898659	0.715017
76.0	100.0	0.323032	-0.872578	0.930453	0.750289
160.0	100.0	0.303138	-0.604486	0.676237	0.774607
394.0	105.0	0.101866	0.084689	0.132472	0.842557
432.0	105.0	0.265672	0.105726	0.285936	0.922032
355.0	110.0	0.271472	-0.109714	0.292804	0.985382
409.0	110.0	0.173525	0.081572	0.191742	0.732802
480.0	113.0	0.229098	0.233195	0.326903	0.976235
689.0	115.0	0.208068	0.812580	0.838796	0.987549
187.0	116.0	0.244616	-0.569079	0.619425	0.953381
639.0	116.0	0.228099	0.687681	0.724523	0.971727
150.0	119.0	0.050419	-0.655819	0.657754	0.887458
88.0	122.0	0.260722	-0.866800	0.905162	0.971411
67.0	129.0	0.240735	-0.920483	0.951442	0.942808
370.0	129.0	0.205591	-0.054493	0.212691	0.701796
461.0	132.0	0.043875	0.171847	0.177360	0.844005
286.0	133.0	0.200538	-0.305599	0.365522	0.980600
124.0	134.0	0.187940	-0.756210	0.779214	0.904684
212.0	132.0	0.454869	-0.477929	0.659790	0.764813
225.0	134.0	0.213640	-0.477747	0.523339	0.797061
477.0	136.0	-0.625634	0.130737	0.639148	0.693015
515.0	137.0	0.153078	0.470240	0.494529	0.731746
148.0	138.0	0.176407	-0.679355	0.701885	0.954091
569.0	142.0	0.149221	0.554271	0.574006	0.907431
141.0	142.0	0.135399	-0.716265	0.728950	0.971359
501.0	144.0	0.116689	0.485792	0.499610	0.700104
460.0	143.0	0.112842	0.179098	0.211682	0.861300
700.0	149.0	0.006450	0.810125	0.810151	0.667997
281.0	155.0	0.129608	-0.311930	0.337784	0.855796
645.0	155.0	0.084722	0.682484	0.687722	0.983372
610.0	159.0	0.180082	0.591075	0.617899	0.909527
220.0	162.0	0.129900	-0.496543	0.513253	0.854412
89.0	165.0	0.134076	-0.850985	0.861482	0.986924
378.0	166.0	0.342836	0.027939	0.343973	0.912321
673.0	164.0	0.072974	0.889625	0.892613	0.963212
517.0	171.0	-5.480610	-1.112762	5.592434	0.710272
165.0	175.0	0.142013	-0.650556	0.665876	0.947670
284.0	174.0	0.016674	-0.247258	0.247820	0.870495
748.0	175.0	0.020291	0.971280	0.971492	0.907015
393.0	177.0	0.203378	-0.027278	0.205199	0.958328
337.0	178.0	0.053072	-0.178768	0.186480	0.794769
358.0	182.0	0.053664	-0.110331	0.122690	0.997732
241.0	185.0	0.052052	0.001882	0.052086	0.858976
561.0	186.0	0.029078	0.421058	0.422061	0.965131
317.0	189.0	0.004515	-0.221338	0.221385	0.855939
504.0	188.0	-0.008683	0.360132	0.360236	0.837662
492.0	190.0	-0.069934	0.260013	0.269253	0.866416
643.0	189.0	-0.151026	0.645268	0.662707	0.874951
460.0	195.0	0.114428	0.155232	0.192849	0.811314
768.0	199.0	-0.046928	1.113049	1.114038	0.969179
244.0	200.0	0.099389	-0.322019	0.337008	0.909378
162.0	202.0	0.024810	-0.661009	0.661474	0.981989
446.0	204.0	0.113917	0.172992	0.207131	0.927774
628.0	205.0	0.011670	0.694277	0.694375	0.948504
641.0	209.0	-0.052774	0.657669	0.659783	0.870892
430.0	210.0	0.128269	0.487868	0.504448	0.860443
710.0	210.0	-0.090214	0.870913	0.875573	0.930474
48.0	210.0	0.742984	-0.942055	1.199789	0.699315
62.0	212.0	0.122786	-0.925536	0.933645	0.763720
457.0	212.0	-0.049393	0.144719	0.152916	0.958694
650.0	214.0	8.681261	5.421314	10.234986	0.840582
449.0	218.0	-0.046644	0.153379	0.160315	0.960572
453.0	217.0	-0.047754	0.142331	0.150129	0.960516
412.0	220.0	-0.058332	0.037027	0.069091	0.998996
698.0	224.0	-0.099052	0.860392	0.866075	0.944309
718.0	224.0	-0.096939	0.873691	0.879053	0.846398
273.0	225.0	0.124667	-0.362035	0.382898	0.912941
617.0	227.0	-0.107384	0.558339	0.568571	0.963564
483.0	235.0	-0.121093	0.230649	0.260504	0.978256
729.0	234.0	-0.104211	0.815797	0.822426	0.861429
257.0	235.0	0.027725	-0.395741	0.396711	0.880663
568.0	239.0	-0.203217	0.454862	0.498193	0.905711
119.0	241.0	-0.075960	-0.787988	0.791641	0.937170
341.0	243.0	-0.144667	-0.240158	0.280365	0.708797
683.0	244.0	-0.051853	0.762588	0.764348	0.932505
559.0	245.0	-0.141345	0.453018	0.474556	0.965888
581.0	247.0	-0.176253	0.544344	0.572168	0.826974
232.0	249.0	-0.116795	-0.473441	0.487634	0.950601
591.0	252.0	-0.185316	0.522068	0.553983	0.750666
386.0	253.0	-0.146935	-0.045870	0.153929	0.794821
711.0	253.0	-0.457283	0.852530	0.967427	0.733261
661.0	258.0	-0.191794	0.720273	0.745371	0.930815
667.0	256.0	-0.133048	0.721600	0.733763	0.929991
581.0	260.0	-0.187088	0.420210	0.459977	0.733862
484.0	262.0	-0.222536	0.227465	0.318218	0.929075
638.0	262.0	-0.097821	0.655779	0.663034	0.944216
189.0	262.0	-0.168416	-0.579186	0.603175	0.952776
66.0	265.0	-0.155567	-0.919931	0.932992	0.965231
729.0	269.0	-0.210619	0.908799	0.932886	0.856051
587.0	268.0	-0.191199	0.630335	0.658695	0.829422
91.0	271.0	-0.153158	-0.868220	0.881625	0.985563
695.0	272.0	-0.261490	0.796499	0.838324	0.905253
277.0	273.0	-0.191942	-0.358471	0.406624	0.927303
619.0	275.0	-0.238292	0.600574	0.646121	0.865127
505.0	283.0	-0.245358	0.283197	0.374702	0.979598
707.0	286.0	-0.291576	0.839310	0.888514	0.941582
639.0	287.0	-0.276221	0.653592	0.709564	0.971873
675.0	290.0	-0.311211	0.719715	0.784119	0.843412
411.0	288.0	-0.119955	-0.136727	0.181889	0.787225
127.0	295.0	-0.235753	-0.777190	0.812160	0.776554
590.0	296.0	-0.301706	0.500323	0.584251	0.900037
485.0	296.0	-0.313773	0.231164	0.389731	0.978888
38.0	298.0	-0.210251	-1.120084	1.139647	0.851171
362.0	300.0	-0.321785	0.047562	0.325281	0.725447
312.0	301.0	-0.271691	-0.247880	0.367778	0.976260
398.0	300.0	-0.121614	-0.028852	0.124989	0.678639
552.0	306.0	-0.192241	0.411564	0.454248	0.724052
115.0	306.0	-0.206196	-0.822646	0.848094	0.731208
497.0	307.0	-0.298744	0.240775	0.383693	0.978190
579.0	308.0	-0.301985	0.510156	0.592836	0.900505
689.0	310.0	-0.346591	0.787696	0.860576	0.956831
357.0	308.0	-5.139482	8.637437	10.050850	0.738298
538.0	308.0	0.544331	0.410214	0.681595	0.561653
149.0	311.0	-0.278309	-0.712861	0.765262	0.972574
427.0	313.0	-0.281554	0.057995	0.287465	0.819790
71.0	320.0	-0.289601	-0.924728	0.969016	0.898614
764.0	321.0	-0.413194	1.035997	1.115356	0.696995
107.0	323.0	-0.291866	-0.744646	0.799802	0.849397
418.0	322.0	-0.323317	0.071179	0.331059	0.799561
104.0	322.0	-0.293009	-0.684788	0.744842	0.818379
672.0	326.0	-0.377864	0.764981	0.853215	0.929986
305.0	330.0	-0.347691	-0.280259	0.446581	0.971430
571.0	329.0	-0.385740	0.452365	0.594499	0.947645
593.0	337.0	-0.407123	0.513823	0.655563	0.788102
488.0	343.0	-0.412978	0.242736	0.479032	0.962557
221.0	343.0	-0.213476	-0.414828	0.466535	0.918123
428.0	346.0	-0.410955	0.061502	0.415532	0.970245
75.0	345.0	-0.321038	-0.954247	1.006803	0.675701
582.0	355.0	-0.475964	0.649042	0.804858	0.932913
42.0	356.0	-0.394714	-0.996814	1.072119	0.969436
539.0	360.0	-0.390432	0.331369	0.512097	0.854131
613.0	363.0	-0.488799	0.572468	0.752758	0.930517
685.0	363.0	-0.500335	0.785788	0.931557	0.952031
93.0	369.0	-0.428568	-0.864120	0.964558	0.970988
