280.0	30.0	0.464526	-0.299285	0.552590	0.840036
53.0	31.0	0.461262	-0.149095	0.484760	0.634885
202.0	34.0	0.501848	-0.527731	0.728252	0.921336
321.0	35.0	0.453764	-0.305209	0.546859	0.782574
366.0	35.0	0.374462	-0.099927	0.387566	0.898175
165.0	36.0	0.487612	-0.631727	0.798025	0.714314
620.0	36.0	0.411407	0.643464	0.763742	0.715204
667.0	40.0	0.351260	0.760789	0.837964	0.910094
428.0	39.0	0.441941	0.101465	0.453439	0.861642
503.0	37.0	0.450371	0.252538	0.516342	0.832644
625.0	39.0	0.411407	0.643464	0.763742	0.715201
699.0	37.0	0.454612	-0.365524	0.583335	0.672996
543.0	40.0	0.375839	0.153694	0.406050	0.770196
282.0	42.0	0.464349	-0.308462	0.557466	0.838557
101.0	44.0	0.473287	-0.800925	0.930313	0.947538
39.0	46.0	0.354665	-0.971998	1.034683	0.914026
568.0	49.0	0.397854	0.499937	0.638925	0.908873
346.0	49.0	0.677586	-0.244461	0.720336	0.730053
454.0	49.0	0.350867	0.206483	0.407115	0.746428
462.0	51.0	0.411430	0.174067	0.446737	0.733414
165.0	54.0	0.433926	-0.621086	0.757654	0.878497
36.0	55.0	0.453425	-0.985494	1.084801	0.924803
663.0	55.0	0.387950	0.797779	0.887106	0.958265
599.0	56.0	0.371411	0.567346	0.678106	0.942882
739.0	59.0	0.336279	0.946153	1.004136	0.811514
535.0	60.0	0.348489	0.366862	0.505997	0.753954
480.0	62.0	0.467036	0.246024	0.527873	0.886546
730.0	63.0	0.266418	1.097996	1.129855	0.842331
437.0	63.0	0.227373	0.075356	0.239535	0.858483
521.0	68.0	0.207764	0.357483	0.413473	0.842224
277.0	68.0	0.384269	-0.307282	0.492021	0.825543
374.0	70.0	0.364210	-0.053859	0.368171	0.980533
284.0	69.0	0.384299	-0.309189	0.493238	0.821508
220.0	74.0	0.342018	-0.472527	0.583317	0.910009
54.0	71.0	-0.243397	-1.267921	1.291072	0.856325
624.0	73.0	0.310364	0.416154	0.519144	0.869251
723.0	78.0	0.309592	0.884795	0.937395	0.984183
147.0	79.0	0.344565	-0.675181	0.758020	0.819823
331.0	77.0	0.334990	-0.029610	0.336296	0.833079
531.0	77.0	0.350419	0.429128	0.554026	0.827903
321.0	80.0	0.339354	-0.116956	0.358943	0.948562
590.0	80.0	0.278687	0.520598	0.590499	0.898451
630.0	84.0	0.317063	0.651845	0.724866	0.960253
66.0	87.0	0.366579	-0.928977	0.998688	0.977177
383.0	88.0	0.325460	-0.376305	0.497523	0.849928
143.0	91.0	0.344592	-0.607308	0.698260	0.808130
486.0	91.0	0.286152	0.253259	0.382130	0.979025
539.0	98.0	0.274166	0.415347	0.497675	0.916705
116.0	102.0	0.237614	-1.432234	1.451811	0.922971
225.0	101.0	2.825845	-0.189647	2.832201	0.811591
244.0	105.0	0.584049	-0.419257	0.718951	0.830817
563.0	104.0	0.274944	0.460218	0.536093	0.954050
676.0	105.0	0.213340	0.751712	0.781400	0.882133
192.0	114.0	0.272172	-0.578253	0.639104	0.773385
664.0	113.0	0.142476	0.720756	0.734703	0.776659
87.0	114.0	0.282038	-1.003539	1.042419	0.737633
185.0	115.0	0.265665	-0.578165	0.636280	0.800656
332.0	116.0	0.376882	-0.228059	0.440512	0.872153
647.0	118.0	0.197469	0.700556	0.727854	0.936992
400.0	117.0	0.254188	0.015494	0.254660	0.753936
433.0	119.0	0.197410	0.065198	0.207898	0.732460
44.0	123.0	0.254877	-1.097470	1.126678	0.762153
300.0	123.0	0.124633	-0.285511	0.311529	0.847901
405.0	124.0	0.190065	0.036276	0.193496	0.783564
428.0	125.0	0.144399	0.058079	0.155641	0.834183
480.0	126.0	0.180962	0.227772	0.290907	0.951415
750.0	127.0	0.082863	0.998980	1.002411	0.990050
140.0	129.0	0.229714	-0.720594	0.756323	0.966322
429.0	130.0	0.015120	0.062759	0.064555	0.829124
414.0	134.0	0.172463	0.099246	0.198980	0.909216
300.0	135.0	0.147079	-0.266291	0.304209	0.695824
52.0	136.0	0.344217	-0.915779	0.978333	0.772506
332.0	135.0	0.423868	-0.189229	0.464189	0.864549
553.0	136.0	0.155029	0.417345	0.445209	0.908117
164.0	146.0	0.195029	-0.553682	0.587026	0.791331
670.0	150.0	0.087749	0.752590	0.757688	0.986021
571.0	153.0	0.112494	0.486309	0.499151	0.852346
323.0	154.0	0.149943	-0.215036	0.262151	0.988814
406.0	153.0	0.215038	-0.074622	0.227617	0.757406
119.0	155.0	0.165487	-0.776351	0.793793	0.987496
263.0	155.0	0.142824	-0.377645	0.403750	0.947217
591.0	156.0	0.016977	0.539454	0.539721	0.965448
511.0	156.0	0.041931	0.292313	0.295305	0.805307
68.0	157.0	0.012844	-0.980912	0.980997	0.697775
30.0	157.0	0.176450	-1.009958	1.025256	0.992676
471.0	159.0	0.120940	0.203808	0.236990	0.864224
182.0	160.0	0.186077	-0.575230	0.604578	0.854753
191.0	164.0	0.124507	-0.576254	0.589552	0.858444
372.0	165.0	0.097776	-0.076191	0.123957	0.903070
501.0	167.0	0.095893	0.349155	0.362083	0.824077
607.0	166.0	-0.414837	0.547099	0.686591	0.709884
629.0	170.0	0.055465	0.666318	0.668623	0.979186
396.0	171.0	0.079201	0.067037	0.103763	0.990030
416.0	172.0	0.075931	-0.009119	0.076477	0.937825
439.0	172.0	0.082903	0.238124	0.252143	0.955908
547.0	178.0	0.059087	0.326888	0.332185	0.749222
272.0	179.0	0.076938	-0.342661	0.351192	0.887278
178.0	186.0	0.047747	-0.746067	0.747593	0.884739
514.0	186.0	-0.030884	0.187101	0.189633	0.955570
248.0	187.0	-0.025647	-0.426195	0.426966	0.908354
715.0	188.0	0.009343	0.806152	0.806206	0.847752
766.0	187.0	0.144501	1.041233	1.051212	0.639602
597.0	189.0	-0.026287	0.573431	0.574033	0.735691
407.0	193.0	0.016993	0.019667	0.025991	0.912118
544.0	191.0	0.057257	0.400065	0.404142	0.804760
705.0	194.0	-0.040477	0.806180	0.807196	0.858299
543.0	196.0	0.017991	0.363761	0.364205	0.748768
676.0	195.0	-0.037356	0.796859	0.797734	0.851315
174.0	199.0	-0.076835	-0.632384	0.637035	0.824159
501.0	200.0	0.028919	0.312875	0.314209	0.963561
687.0	200.0	-0.037737	0.794495	0.795390	0.911480
528.0	200.0	-0.003758	0.335016	0.335038	0.816144
590.0	201.0	-0.211687	0.529760	0.570489	0.754951
69.0	206.0	0.031568	-0.945339	0.945866	0.827869
120.0	207.0	0.038518	-0.757460	0.758439	0.893382
209.0	214.0	-0.026219	-0.538990	0.539628	0.953170
423.0	213.0	-0.186312	-0.027736	0.188365	0.886960
607.0	215.0	-0.692585	0.820993	1.074106	0.804201
749.0	215.0	-0.098427	0.973573	0.978536	0.998406
410.0	218.0	-0.211095	-0.046659	0.216190	0.859582
204.0	224.0	-0.021903	-0.565784	0.566208	0.914610
488.0	224.0	-0.082557	0.240252	0.254041	0.988278
580.0	226.0	-0.098997	0.493979	0.503801	0.952805
280.0	229.0	-0.066327	-0.335025	0.341528	0.881685
321.0	231.0	-0.084729	-0.233277	0.248188	0.932410
375.0	233.0	-0.119317	-0.090484	0.149746	0.881811
93.0	234.0	-0.055699	-0.856178	0.857988	0.950930
191.0	236.0	-0.050012	-0.555866	0.558111	0.879793
365.0	239.0	-0.118608	-0.044756	0.126771	0.878546
464.0	238.0	-0.107343	0.169285	0.200450	0.992148
290.0	238.0	-0.086797	-0.312353	0.324188	0.920592
118.0	242.0	-0.080351	-0.789067	0.793147	0.987348
203.0	243.0	-0.087946	-0.560935	0.567787	0.919433
300.0	244.0	-0.122074	0.021024	0.123871	0.906926
160.0	246.0	-0.096588	-0.669126	0.676061	0.709091
231.0	249.0	-0.127898	-0.532097	0.547253	0.912143
479.0	254.0	-0.110813	0.251603	0.274925	0.982492
50.0	255.0	-0.153699	-0.983266	0.995206	0.970362
719.0	255.0	-0.208850	0.867451	0.892238	0.786366
602.0	256.0	-0.202477	0.555864	0.591593	0.942225
756.0	256.0	-0.207658	0.984099	1.005770	0.993153
225.0	258.0	-0.127418	-0.472843	0.489710	0.919233
262.0	258.0	-0.149595	-0.393749	0.421209	0.847492
182.0	257.0	-0.136560	-0.614712	0.629698	0.794755
286.0	259.0	-0.220565	-0.272785	0.350800	0.965414
709.0	258.0	-0.337367	0.863065	0.926659	0.785186
728.0	258.0	-0.212763	0.888177	0.913306	0.888471
252.0	260.0	-0.153332	-0.393746	0.422548	0.847206
423.0	260.0	-0.171696	0.057920	0.181203	0.882476
574.0	260.0	-0.188930	0.478082	0.514060	0.711956
200.0	263.0	-0.072994	-0.554336	0.559121	0.963830
722.0	262.0	-0.212603	0.800091	0.827856	0.774827
432.0	265.0	-0.228504	0.058335	0.235833	0.868126
108.0	267.0	-0.054681	-0.815625	0.817456	0.973833
263.0	267.0	1.581137	9.295199	9.428719	0.851827
382.0	271.0	-0.188135	-0.054531	0.195879	0.993618
527.0	278.0	-0.234866	0.539159	0.588094	0.910983
718.0	277.0	-0.259960	0.608155	0.661386	0.884407
223.0	286.0	-0.319380	-0.570428	0.653752	0.859227
437.0	284.0	-0.248241	-0.011135	0.248491	0.970558
767.0	285.0	-0.318270	1.107366	1.152195	0.890493
287.0	289.0	-0.279606	-0.343121	0.442619	0.795344
41.0	291.0	-0.013388	-0.847065	0.847171	0.883916
162.0	293.0	-0.230630	-0.666946	0.705696	0.973419
429.0	293.0	-0.399389	0.086793	0.408711	0.899700
460.0	293.0	-0.179396	0.156811	0.238270	0.979564
692.0	298.0	-0.338029	0.876672	0.939584	0.793236
125.0	299.0	-0.240318	-0.857601	0.890635	0.974791
279.0	300.0	-0.327855	-0.328162	0.463875	0.823427
315.0	300.0	-0.281600	-0.243722	0.372423	0.859637
346.0	301.0	-0.355470	-0.159472	0.389603	0.970486
361.0	301.0	-0.394098	-0.144008	0.419585	0.931039
514.0	301.0	-0.297855	0.235525	0.379723	0.952512
326.0	305.0	-0.250059	-0.243482	0.349017	0.875693
494.0	304.0	-0.096657	0.241892	0.260489	0.921655
630.0	308.0	-0.331096	0.626578	0.708678	0.960933
408.0	310.0	-0.317169	0.004240	0.317198	0.983160
698.0	311.0	-0.338425	0.808774	0.876725	0.866142
202.0	311.0	-0.279453	-0.564940	0.630279	0.753527
724.0	312.0	-0.366625	0.891025	0.963503	0.975072
260.0	315.0	-0.309984	-0.411739	0.515382	0.888012
34.0	318.0	-0.248430	-1.036114	1.065481	0.789057
228.0	320.0	-0.308829	-0.428750	0.528395	0.941057
269.0	323.0	-0.281080	-0.398204	0.487414	0.908746
125.0	323.0	-0.290517	-0.768056	0.821164	0.821647
84.0	326.0	-0.300549	-0.898179	0.947130	0.985122
335.0	326.0	-0.362933	-0.236673	0.433283	0.911644
679.0	328.0	-0.404278	0.773539	0.872813	0.964809
480.0	331.0	-0.371929	0.204720	0.424548	0.972052
58.0	330.0	-1.520805	-1.020035	1.831207	0.644858
265.0	331.0	-0.321881	-0.672277	0.745362	0.780277
357.0	332.0	-1.010541	-0.245180	1.039859	0.856177
609.0	331.0	-0.379384	0.581562	0.694368	0.836223
400.0	334.0	-0.378032	-0.014266	0.378301	0.959354
41.0	339.0	-0.324082	-1.015525	1.065983	0.824198
143.0	335.0	-0.367905	-0.734103	0.821134	0.962704
341.0	336.0	-0.373073	-0.189209	0.418311	0.883529
111.0	341.0	-0.348992	-0.772446	0.847624	0.783322
331.0	341.0	-0.364589	-0.129402	0.386872	0.885790
121.0	345.0	-0.346863	-0.771329	0.845732	0.810481
515.0	345.0	-0.409137	0.303008	0.509124	0.936179
542.0	351.0	-0.435241	0.374313	0.574060	0.936123
274.0	350.0	-0.376456	-0.362805	0.522825	0.755999
447.0	352.0	-0.501991	0.111281	0.514178	0.931963
229.0	355.0	-0.409965	-0.604838	0.730685	0.824525
721.0	357.0	7.722508	-7.443967	10.726126	0.883156
599.0	359.0	-0.511131	0.530946	0.736993	0.779722
357.0	361.0	-0.492763	-0.005876	0.492798	0.908545
654.0	361.0	-0.561224	0.517747	0.763567	0.753278
713.0	365.0	-0.502340	1.046099	1.160461	0.808407
682.0	363.0	-0.481410	0.757899	0.897868	0.890624
372.0	367.0	-0.449942	-0.164952	0.479226	0.926987
556.0	368.0	-0.484782	0.280301	0.559984	0.669574
