67.0	32.0	0.513339	-0.902162	1.037985	0.961633
149.0	33.0	0.479954	-1.022118	1.129195	0.905603
436.0	38.0	0.422887	0.098310	0.434164	0.773780
197.0	42.0	0.461018	-0.544964	0.713809	0.939559
427.0	50.0	0.422879	0.098783	0.434263	0.774233
407.0	76.0	0.342449	0.039947	0.344771	0.982873
502.0	79.0	0.317231	0.300030	0.436639	0.968677
270.0	103.0	0.289787	-0.351064	0.455216	0.969732
309.0	111.0	0.258657	-0.238875	0.352087	0.982157
115.0	131.0	0.212874	-0.787335	0.815605	0.983745
584.0	131.0	0.177876	0.522730	0.552165	0.961583
490.0	134.0	0.173623	0.263351	0.315434	0.985624
590.0	161.0	0.082092	0.530014	0.536334	0.967245
742.0	168.0	0.043213	0.960696	0.961667	0.999473
144.0	177.0	0.098926	-0.705967	0.712864	0.985881
167.0	184.0	0.076508	-0.645578	0.650095	0.981032
416.0	188.0	0.011042	0.053475	0.054603	0.718979
435.0	218.0	-0.056250	0.097620	0.112666	0.998082
587.0	234.0	-0.115690	0.517061	0.529846	0.964214
171.0	239.0	-0.321853	-0.678923	0.751349	0.760086
156.0	248.0	-0.313585	-0.684334	0.752760	0.922587
436.0	254.0	-0.157815	0.095140	0.184275	0.995111
256.0	255.0	-0.134880	-0.408674	0.430357	0.972509
314.0	260.0	-0.154203	-0.265069	0.306660	0.983536
210.0	284.0	-0.205555	-0.536758	0.574771	0.962769
421.0	287.0	-0.246314	0.049515	0.251242	0.990828
363.0	289.0	-0.252296	-0.118924	0.278920	0.988107
645.0	292.0	-0.292615	0.670398	0.731476	0.972264
317.0	297.0	-0.260306	-0.241244	0.354906	0.931815
121.0	317.0	-0.287133	-0.791472	0.841946	0.981911
148.0	322.0	-0.308074	-0.710515	0.774429	0.966287
44.0	339.0	-0.340194	-1.007984	1.063844	0.983175
616.0	344.0	-0.428976	0.579671	0.721137	0.948006
536.0	363.0	-0.475562	0.356754	0.594502	0.949768
