364.0	59.0	0.398375	-0.079962	0.406321	0.976318
224.0	60.0	0.410426	-0.460878	0.617137	0.940465
48.0	92.0	0.347519	-0.963500	1.024256	0.982431
86.0	99.0	0.325070	-0.858197	0.917699	0.851593
479.0	108.0	0.246324	0.231751	0.338207	0.983591
398.0	149.0	0.138822	0.005044	0.138914	0.997143
713.0	169.0	0.050956	0.880370	0.881844	0.997173
145.0	172.0	0.110862	-0.693738	0.702540	0.984547
78.0	172.0	0.108978	-0.896031	0.902634	0.993733
489.0	194.0	0.006656	0.248158	0.248247	0.990958
225.0	199.0	0.024012	-0.478966	0.479567	0.966736
517.0	206.0	-0.009339	0.325540	0.325674	0.983793
579.0	208.0	-0.043672	0.499126	0.501033	0.963919
55.0	219.0	-0.006941	-0.961065	0.961090	0.999770
78.0	221.0	-0.011320	-0.896700	0.896772	0.998381
45.0	268.0	-0.132152	-0.990860	0.999634	0.997070
288.0	275.0	-0.196980	-0.323389	0.378658	0.979272
428.0	279.0	-0.224796	0.069459	0.235283	0.991940
307.0	287.0	-0.229242	-0.269328	0.353680	0.982018
738.0	290.0	-0.300745	0.929632	0.977068	0.958357
713.0	294.0	-0.306312	0.859351	0.912311	0.983246
328.0	308.0	-0.290169	-0.211238	0.358915	0.981459
738.0	348.0	-0.466775	0.922199	1.033600	0.967231
570.0	350.0	-0.447496	0.446922	0.632450	0.941915
503.0	363.0	-0.466717	0.267224	0.537805	0.958776
765.0	363.0	-0.505229	1.002057	1.122219	0.962829
