445.0	31.0	0.475610	0.150819	0.498950	0.887167
268.0	38.0	0.465332	-0.344965	0.579254	0.879740
525.0	38.0	0.508864	0.405972	0.650965	0.836053
678.0	40.0	0.366007	0.949760	1.017843	0.709637
684.0	43.0	0.365999	0.949375	1.017482	0.716899
149.0	42.0	0.465234	-0.789618	0.916482	0.786488
249.0	51.0	0.437156	-0.399879	0.592459	0.949735
215.0	54.0	0.418733	-0.605408	0.736109	0.872583
764.0	55.0	0.349522	1.033549	1.091050	0.982276
526.0	62.0	0.465213	0.444729	0.643589	0.845679
560.0	59.0	0.217895	0.921341	0.946757	0.699489
666.0	66.0	0.616935	0.401677	0.736175	0.824181
377.0	70.0	0.365326	-0.043252	0.367878	0.975100
228.0	71.0	0.364779	-0.507593	0.625071	0.807799
746.0	71.0	0.451317	0.976217	1.075493	0.936988
215.0	73.0	0.373324	-0.593586	0.701224	0.800559
285.0	72.0	0.369801	-0.304629	0.479115	0.956570
476.0	71.0	0.318825	0.238868	0.398381	0.715129
556.0	73.0	0.017593	0.477398	0.477722	0.619664
250.0	74.0	0.676734	-0.383825	0.778004	0.853147
222.0	75.0	0.383861	-0.571401	0.688366	0.811752
540.0	77.0	0.333694	0.279524	0.435299	0.746759
518.0	80.0	0.308774	0.108550	0.327299	0.597091
570.0	82.0	0.372972	0.485389	0.612136	0.839836
130.0	83.0	0.383176	-0.736629	0.830329	0.967391
425.0	82.0	0.331457	0.086262	0.342498	0.814373
487.0	83.0	0.311244	0.250718	0.399666	0.803944
266.0	86.0	0.609062	-0.355744	0.705344	0.903763
103.0	90.0	0.342505	-0.893628	0.957016	0.877751
496.0	90.0	0.299246	0.258222	0.395256	0.763034
306.0	92.0	0.310455	-0.234581	0.389115	0.705162
197.0	93.0	0.353371	-0.542998	0.647856	0.752901
33.0	97.0	0.337442	-0.977613	1.034212	0.816590
463.0	97.0	0.277262	0.190574	0.336441	0.981216
97.0	103.0	0.287941	-0.817092	0.866343	0.822300
51.0	106.0	0.236268	-0.916020	0.945999	0.978230
347.0	107.0	0.265485	-0.141628	0.300900	0.986670
97.0	113.0	0.233298	-0.593599	0.637799	0.791965
638.0	114.0	0.192502	0.658377	0.685942	0.680274
105.0	125.0	0.253939	-0.809249	0.848156	0.774792
605.0	122.0	0.200109	0.573577	0.607482	0.849603
707.0	123.0	0.270765	0.723993	0.772968	0.904063
47.0	126.0	0.253397	-0.989768	1.021690	0.989549
225.0	128.0	0.227900	-0.475609	0.527392	0.899745
196.0	129.0	0.222446	-0.554614	0.597560	0.906477
523.0	131.0	0.173176	0.351820	0.392132	0.888136
692.0	137.0	0.701113	0.849966	1.101817	0.914820
374.0	141.0	0.089917	-0.060325	0.108278	0.930597
381.0	142.0	0.167695	-0.060357	0.178226	0.899687
454.0	141.0	0.158955	0.159693	0.225319	0.986969
615.0	144.0	0.052408	0.674251	0.676285	0.666548
178.0	148.0	0.165717	-0.581615	0.604763	0.900531
549.0	150.0	0.119049	0.425320	0.441667	0.971984
189.0	156.0	0.187040	-0.575402	0.605038	0.916098
274.0	157.0	0.130683	-0.330516	0.355414	0.966618
229.0	159.0	0.151504	-0.470832	0.494608	0.772049
380.0	169.0	0.086913	-0.051035	0.100789	0.998488
101.0	175.0	0.095893	-0.828535	0.834066	0.991255
287.0	176.0	0.081240	-0.309996	0.320465	0.811658
419.0	177.0	0.060781	0.058092	0.084078	0.998768
752.0	176.0	-0.016023	1.054235	1.054357	0.761823
598.0	180.0	-0.044265	0.552635	0.554405	0.872319
492.0	185.0	0.435905	0.258797	0.506941	0.811101
690.0	184.0	0.005127	0.810372	0.810389	0.993976
311.0	186.0	0.017478	-0.178198	0.179053	0.767820
760.0	188.0	-0.113782	1.008675	1.015072	0.695359
471.0	189.0	0.023087	0.105552	0.108047	0.762058
97.0	192.0	0.058215	-0.827271	0.829317	0.957845
765.0	195.0	-0.025507	0.988132	0.988461	0.749514
184.0	196.0	0.026574	-0.598584	0.599174	0.891085
213.0	196.0	-0.366677	-0.456879	0.585824	0.869159
322.0	198.0	0.013667	-0.254865	0.255231	0.776021
84.0	199.0	0.171318	-0.854724	0.871724	0.955159
402.0	200.0	-0.001212	0.004718	0.004871	0.999991
221.0	200.0	-0.246647	-0.590923	0.640332	0.890475
510.0	203.0	-0.039119	0.288553	0.291193	0.670714
534.0	204.0	0.335855	0.401786	0.523671	0.782939
656.0	205.0	-0.052712	0.711994	0.713942	0.874253
548.0	208.0	0.006820	0.317169	0.317242	0.716101
309.0	211.0	0.113378	-0.309324	0.329448	0.902612
756.0	211.0	-0.057258	0.582637	0.585444	0.726332
126.0	214.0	0.011563	-0.749270	0.749360	0.919471
183.0	214.0	-0.011069	-0.820416	0.820491	0.943206
218.0	214.0	-0.025818	-0.589246	0.589811	0.902696
79.0	216.0	0.002420	-0.792104	0.792108	0.978551
136.0	217.0	-0.005329	-0.752703	0.752721	0.927932
262.0	220.0	-0.040906	-0.392479	0.394605	0.821486
430.0	219.0	-0.058317	-0.041539	0.071598	0.952080
43.0	222.0	-0.011812	-0.997068	0.997138	0.968657
252.0	223.0	-0.042349	-0.392392	0.394671	0.831891
296.0	227.0	0.054047	-0.542032	0.544720	0.882285
406.0	226.0	-0.088812	0.957503	0.961613	0.723635
262.0	228.0	-0.040909	-0.392531	0.394657	0.821468
283.0	230.0	-0.069185	-0.295202	0.303201	0.948700
742.0	237.0	-0.023323	0.944035	0.944323	0.940863
325.0	237.0	-0.093352	-0.209860	0.229687	0.987927
531.0	239.0	-0.087903	0.322252	0.334026	0.838487
403.0	241.0	-0.106853	0.085934	0.137122	0.860617
427.0	243.0	-0.081903	-0.054878	0.098589	0.813378
116.0	243.0	0.350682	-0.853624	0.922849	0.695799
139.0	245.0	-0.106169	-0.723646	0.731392	0.795022
300.0	249.0	-0.123464	-0.297224	0.321847	0.968220
147.0	251.0	-0.111160	-0.737950	0.746275	0.838917
159.0	252.0	-0.110763	-0.855152	0.862295	0.898556
568.0	253.0	-0.176869	0.465669	0.498127	0.785490
140.0	254.0	-0.107531	-0.759385	0.766960	0.797556
458.0	257.0	-0.167585	0.154285	0.227790	0.982671
763.0	257.0	-0.210582	1.000684	1.022601	0.925178
103.0	258.0	0.212384	-0.962020	0.985185	0.760564
126.0	262.0	0.161739	-0.730705	0.748391	0.699349
256.0	262.0	-0.394603	-0.511983	0.646404	0.881371
359.0	263.0	-0.179311	-0.137321	0.225853	0.833037
417.0	264.0	-0.179364	0.099042	0.204892	0.975201
45.0	267.0	-0.339629	-0.991309	1.047875	0.921743
148.0	267.0	-0.117329	-0.960037	0.967180	0.835946
299.0	273.0	-0.161958	-0.292704	0.334524	0.948954
707.0	278.0	-0.261154	0.907982	0.944792	0.971590
103.0	282.0	-0.178876	-0.836999	0.855900	0.952703
350.0	280.0	-0.190417	-0.943547	0.962570	0.831991
588.0	283.0	-0.271813	0.897495	0.937753	0.938085
185.0	283.0	-0.204390	-0.599279	0.633176	0.781034
157.0	290.0	-0.203222	-0.712506	0.740921	0.978308
430.0	290.0	-0.131528	0.071140	0.149534	0.850389
326.0	297.0	-0.252080	-0.254125	0.357944	0.911845
241.0	297.0	-0.206424	-0.438444	0.484607	0.876948
413.0	295.0	-0.263542	0.074621	0.273903	0.913475
574.0	298.0	-0.273376	0.421814	0.502654	0.764723
86.0	297.0	-0.212339	-0.975582	0.998423	0.924474
346.0	296.0	-0.741894	0.049951	0.743574	0.854731
735.0	299.0	-0.324217	0.914348	0.970128	0.983874
682.0	299.0	-0.287962	0.763715	0.816200	0.882836
515.0	302.0	-0.289138	0.367263	0.467421	0.837743
528.0	303.0	-0.134241	0.336517	0.362304	0.901345
460.0	305.0	-0.308793	0.149428	0.343048	0.907444
156.0	307.0	-0.230311	-0.802086	0.834497	0.806473
560.0	308.0	0.313323	0.475525	0.569469	0.684554
582.0	308.0	-0.254265	0.510872	0.570649	0.820024
460.0	315.0	-0.310792	0.155348	0.347454	0.905524
98.0	317.0	0.037771	-1.045931	1.046613	0.872207
642.0	317.0	-0.409706	0.769795	0.872034	0.793567
599.0	318.0	-0.287975	0.576515	0.644437	0.740802
735.0	316.0	-0.329834	-0.523114	0.618416	0.666918
53.0	320.0	-0.249154	-1.067618	1.096306	0.629408
122.0	322.0	-0.142452	-0.822188	0.834437	0.749430
301.0	324.0	-0.328370	-0.297170	0.442873	0.732604
492.0	324.0	-0.361818	0.237256	0.432669	0.972340
287.0	325.0	0.060010	-0.302280	0.308179	0.807259
90.0	327.0	0.033548	-0.935622	0.936224	0.856004
687.0	328.0	-0.459075	0.676385	0.817463	0.866936
172.0	330.0	-0.312994	-0.657701	0.728379	0.856975
262.0	334.0	-0.355061	-0.402085	0.536414	0.943032
434.0	334.0	-0.376869	0.074944	0.384249	0.907742
608.0	335.0	-0.369075	-0.548207	0.660868	0.718347
139.0	340.0	-0.354897	-0.738681	0.819513	0.972071
510.0	340.0	-0.370686	0.265424	0.455914	0.867571
732.0	341.0	-0.497592	0.871641	1.003671	0.908762
672.0	343.0	0.715957	0.525574	0.888157	0.670883
632.0	347.0	-0.439594	0.513439	0.675916	0.909263
559.0	352.0	-0.483473	0.597851	0.768877	0.819266
158.0	351.0	-0.388497	-0.840623	0.926054	0.740100
758.0	350.0	-0.287325	0.990725	1.031549	0.922824
237.0	352.0	-0.401443	-0.462149	0.612158	0.944424
467.0	354.0	-0.442493	0.179715	0.477595	0.897925
387.0	358.0	-0.572647	-0.056180	0.575396	0.915483
583.0	356.0	-0.482438	0.480052	0.680586	0.867448
181.0	360.0	-0.438887	-0.645325	0.780427	0.923702
714.0	360.0	-0.489298	0.849017	0.979920	0.961395
459.0	364.0	-0.452480	0.148882	0.476344	0.914903
570.0	366.0	-0.518245	0.454729	0.689461	0.905773
446.0	367.0	-0.557229	0.111286	0.568233	0.868726
