593.0	30.0	0.494520	0.588471	0.768667	0.890814
625.0	32.0	0.428176	0.562230	0.706708	0.847439
190.0	34.0	0.578803	-0.506763	0.769299	0.897665
525.0	38.0	0.328443	0.374652	0.498236	0.807833
678.0	40.0	0.411708	0.793763	0.894182	0.807631
149.0	42.0	0.457271	-0.645638	0.791167	0.795085
157.0	43.0	0.464691	-0.642375	0.792832	0.935696
631.0	45.0	0.432424	0.653944	0.783986	0.844841
138.0	50.0	0.448248	-0.696653	0.828403	0.819421
342.0	49.0	0.417887	-0.144357	0.442118	0.867382
581.0	50.0	0.461598	0.521811	0.696677	0.865020
471.0	52.0	0.401225	0.221622	0.458364	0.963572
282.0	53.0	0.444503	-0.259769	0.514843	0.870648
215.0	54.0	0.408769	-0.503173	0.648286	0.938560
77.0	59.0	0.430821	-0.879106	0.978997	0.970478
667.0	65.0	0.273277	0.890778	0.931754	0.904030
650.0	64.0	0.222768	0.927982	0.954346	0.832676
595.0	68.0	0.343311	0.596508	0.688248	0.954962
674.0	69.0	0.268561	0.947577	0.984900	0.881494
476.0	71.0	0.329551	0.202493	0.386791	0.927138
556.0	73.0	0.255337	0.442941	0.511267	0.806400
222.0	75.0	0.362903	-0.497690	0.615950	0.630498
105.0	77.0	0.370704	-0.558790	0.670573	0.806076
200.0	77.0	0.236206	-0.540400	0.589767	0.917983
636.0	78.0	0.136020	0.678769	0.692263	0.927479
215.0	80.0	0.092760	-0.520482	0.528683	0.757593
548.0	81.0	0.321444	0.511215	0.603877	0.838499
562.0	80.0	0.298345	0.564241	0.638261	0.803072
181.0	82.0	0.341364	-0.588991	0.680764	0.956408
729.0	82.0	0.278168	0.931728	0.972365	0.983355
130.0	83.0	-0.590234	-0.759137	0.961595	0.770723
487.0	83.0	0.335789	0.231595	0.407910	0.922057
200.0	87.0	0.247113	-0.532125	0.586704	0.896424
523.0	87.0	0.303872	0.355773	0.467881	0.891982
750.0	85.0	0.287385	0.982698	1.023858	0.802880
42.0	88.0	0.365667	-0.987619	1.053140	0.786493
97.0	88.0	0.575484	-0.923303	1.087967	0.791243
112.0	92.0	0.559871	-0.835434	1.005686	0.790269
409.0	92.0	0.291523	0.039191	0.294145	0.986658
306.0	92.0	0.308348	-0.254118	0.399568	0.975225
548.0	94.0	0.271965	0.479567	0.551316	0.944236
463.0	97.0	0.258941	0.197043	0.325386	0.981668
633.0	102.0	0.217039	0.631211	0.667483	0.966380
97.0	103.0	0.706580	-0.816220	1.079570	0.745963
261.0	105.0	0.282435	-0.374691	0.469215	0.968296
347.0	108.0	0.277526	-0.122547	0.303378	0.980104
491.0	111.0	0.234641	0.269878	0.357618	0.980117
83.0	113.0	0.016526	-0.852437	0.852597	0.912270
97.0	112.0	0.273464	-0.891703	0.932694	0.793975
638.0	114.0	0.219063	0.663811	0.699024	0.954653
527.0	121.0	0.200386	0.361637	0.413444	0.719830
199.0	121.0	0.246334	-0.598798	0.647487	0.708634
582.0	120.0	0.208735	0.518206	0.558666	0.957916
92.0	122.0	0.197498	-0.846998	0.869719	0.814071
605.0	122.0	0.188221	0.519100	0.552170	0.946851
423.0	124.0	0.209104	0.075679	0.222377	0.990182
217.0	129.0	0.178890	-0.502525	0.533417	0.812258
712.0	133.0	0.143926	0.874984	0.886742	0.764095
209.0	134.0	0.229100	-0.521977	0.570041	0.791116
572.0	138.0	0.151410	0.505209	0.527410	0.959977
692.0	137.0	-0.042262	0.829258	0.830334	0.968965
59.0	142.0	0.209570	-0.823503	0.849751	0.950516
629.0	141.0	0.166794	0.653446	0.674397	0.913242
641.0	141.0	0.131846	0.672588	0.685389	0.979009
381.0	142.0	-7.567594	-1.295377	7.677660	0.812743
388.0	144.0	0.169458	-0.027472	0.171671	0.793481
615.0	144.0	0.541723	0.629188	0.830265	0.803839
161.0	145.0	0.109229	-0.642895	0.652108	0.962052
279.0	146.0	0.147703	-0.341252	0.371846	0.924254
174.0	150.0	0.115469	-0.646141	0.656377	0.911298
500.0	155.0	0.113202	0.290274	0.311567	0.980413
32.0	156.0	0.187044	-1.017405	1.034455	0.946834
274.0	157.0	0.148924	-0.365440	0.394620	0.833335
96.0	160.0	0.247328	-1.030824	1.060080	0.905575
140.0	164.0	0.133753	-0.729588	0.741747	0.984353
574.0	166.0	0.163478	0.479211	0.506328	0.939546
559.0	168.0	0.271487	0.498912	0.567995	0.933254
608.0	170.0	0.056271	0.556621	0.559458	0.888758
53.0	170.0	0.124491	-0.960116	0.968153	0.994753
743.0	172.0	0.027516	0.958700	0.959094	0.979402
512.0	174.0	0.062199	0.313850	0.319954	0.982137
716.0	175.0	0.026022	0.882410	0.882794	0.997888
70.0	180.0	0.028821	-0.916461	0.916914	0.911904
186.0	183.0	0.073557	-0.632279	0.636543	0.905133
668.0	186.0	-0.097248	0.602961	0.610753	0.887575
621.0	193.0	-0.012387	0.433096	0.433273	0.921906
153.0	197.0	0.035653	-0.776030	0.776849	0.934322
117.0	200.0	0.012978	-0.872367	0.872463	0.938461
221.0	200.0	0.023955	-0.557514	0.558029	0.863864
644.0	201.0	0.017022	0.689119	0.689329	0.735162
178.0	201.0	0.010888	-0.724057	0.724139	0.896986
422.0	201.0	0.003704	0.058774	0.058890	0.995995
143.0	204.0	0.048213	-0.804732	0.806175	0.837972
510.0	204.0	-0.017044	0.282963	0.283476	0.826653
332.0	205.0	-0.002989	-0.194520	0.194543	0.703368
133.0	207.0	-0.092876	-0.746803	0.752556	0.803460
286.0	206.0	-0.001342	-0.320431	0.320434	0.985164
497.0	206.0	-0.187827	0.282409	0.339166	0.812807
656.0	205.0	-0.045952	0.690202	0.691730	0.759165
628.0	207.0	-0.015593	0.619490	0.619687	0.872094
309.0	211.0	-0.274799	-0.254583	0.374602	0.776183
756.0	211.0	-0.070187	1.260795	1.262747	0.890810
143.0	212.0	0.046054	-0.784401	0.785752	0.820132
183.0	214.0	0.008188	-0.606528	0.606583	0.910363
374.0	218.0	-0.044019	-0.074683	0.086690	0.984074
136.0	217.0	0.020005	-0.730941	0.731215	0.773602
110.0	223.0	-0.033698	-0.816477	0.817172	0.965152
252.0	223.0	-0.025536	-0.394493	0.395318	0.725013
540.0	223.0	-0.013170	0.593947	0.594093	0.715775
638.0	226.0	-0.103357	0.663168	0.671174	0.981816
406.0	227.0	-0.083709	-0.264260	0.277201	0.905206
266.0	229.0	-0.008393	-0.377709	0.377802	0.675439
335.0	227.0	-0.003348	-0.278506	0.278526	0.787977
269.0	227.0	-0.040809	-0.366827	0.369090	0.752611
283.0	230.0	-0.136376	-0.355725	0.380971	0.824391
487.0	230.0	-0.095366	0.246116	0.263946	0.875255
657.0	232.0	-0.175757	0.721282	0.742386	0.967354
563.0	236.0	-0.120256	0.516629	0.530441	0.888555
670.0	238.0	-0.118987	0.722002	0.731741	0.969477
196.0	239.0	-0.070798	-0.566727	0.571132	0.929348
403.0	241.0	-0.124196	0.084051	0.149964	0.751996
726.0	244.0	-0.191154	0.871407	0.892127	0.864931
64.0	245.0	-0.078563	-0.942342	0.945611	0.995688
117.0	243.0	-1.173945	-0.846013	1.447026	0.688819
101.0	245.0	-0.357927	-0.862995	0.934276	0.881251
411.0	248.0	-0.173417	-0.018092	0.174358	0.767301
234.0	252.0	-0.125064	-0.468735	0.485133	0.964151
147.0	251.0	-0.122756	-0.731781	0.742006	0.848218
618.0	254.0	-0.244049	0.601251	0.648893	0.961411
299.0	255.0	-0.143379	-0.284434	0.318528	0.816496
257.0	261.0	0.125644	0.135814	0.185018	0.935757
370.0	261.0	-0.169869	-0.091117	0.192764	0.952414
126.0	262.0	-0.352270	-0.725447	0.806454	0.856618
507.0	264.0	-0.192233	0.292789	0.350255	0.980836
639.0	270.0	-0.227461	0.716804	0.752029	0.912908
299.0	273.0	-0.270196	-0.329514	0.426128	0.941731
420.0	281.0	-0.231520	0.134837	0.267923	0.761725
45.0	285.0	-0.171532	-0.989804	1.004558	0.994303
106.0	286.0	-0.215929	-0.831736	0.859307	0.747084
431.0	290.0	-0.226401	0.046588	0.231144	0.812359
689.0	294.0	-0.268124	0.773491	0.818644	0.755221
393.0	294.0	-0.297601	0.005173	0.297646	0.954670
329.0	295.0	-0.244179	-0.211314	0.322920	0.788756
346.0	296.0	-0.180485	-0.140160	0.228516	0.894139
545.0	296.0	-0.134609	0.387427	0.410145	0.936613
481.0	298.0	-0.284268	0.213848	0.355724	0.981880
626.0	296.0	-0.300071	0.616271	0.685443	0.920646
244.0	300.0	-0.259637	-0.406308	0.482180	0.850820
682.0	299.0	-0.267520	0.766965	0.812282	0.756255
515.0	302.0	-0.314710	0.339860	0.463192	0.964380
528.0	303.0	-0.298353	0.340561	0.452765	0.962563
47.0	307.0	-0.262817	-1.181302	1.210184	0.905146
600.0	307.0	-0.313253	0.654199	0.725331	0.845976
199.0	311.0	-0.280265	-0.570088	0.635255	0.935643
376.0	310.0	-0.307640	-0.079443	0.317732	0.985531
100.0	311.0	-0.268753	-0.907378	0.946342	0.941559
91.0	312.0	-0.273740	-0.985592	1.022900	0.924555
346.0	316.0	-0.305571	-0.166862	0.348162	0.951450
700.0	318.0	-0.366683	0.815655	0.894288	0.866465
465.0	319.0	-0.348990	0.193190	0.398894	0.712066
643.0	317.0	-0.353688	0.671646	0.759081	0.951491
53.0	320.0	-0.339673	-1.010206	1.065783	0.875977
753.0	321.0	-0.379874	0.981321	1.052281	0.948424
121.0	322.0	-0.303349	-0.794419	0.850365	0.979265
90.0	327.0	-0.288652	-1.040937	1.080217	0.857252
313.0	328.0	-0.347023	-0.256313	0.431418	0.762967
38.0	331.0	-0.524358	-1.032768	1.158258	0.887163
97.0	331.0	-0.316832	-0.845248	0.902678	0.857733
429.0	332.0	-0.401234	0.244892	0.470064	0.826773
233.0	333.0	-0.349151	-0.480278	0.593779	0.928409
528.0	337.0	-0.284747	0.368156	0.465424	0.905613
284.0	339.0	-0.391579	-0.349956	0.525170	0.901532
740.0	342.0	-0.427738	0.964789	1.055356	0.743557
672.0	343.0	-0.551115	0.747003	0.928300	0.900860
437.0	345.0	-0.403698	0.086365	0.412833	0.841535
562.0	350.0	-0.597625	0.437240	0.740497	0.720879
342.0	350.0	-0.410765	-0.187793	0.451657	0.969723
401.0	353.0	-0.418594	-0.020222	0.419082	0.880113
237.0	352.0	-0.388131	-0.190833	0.432507	0.814784
768.0	356.0	-0.490682	1.040992	1.150841	0.818010
583.0	357.0	-0.461551	0.499492	0.680090	0.830347
590.0	357.0	-0.463317	0.499535	0.681320	0.895434
152.0	360.0	-0.305054	-0.730712	0.791832	0.791796
72.0	363.0	-0.423834	-0.976955	1.064930	0.961596
459.0	364.0	-0.463902	0.140738	0.484781	0.585681
39.0	368.0	-0.423781	-1.115686	1.193460	0.959774
230.0	368.0	-0.454926	-0.238162	0.513497	0.871662
