84.0	91.0	0.336695	-0.859612	0.923199	0.964847
117.0	93.0	0.318415	-0.777907	0.840552	0.977335
86.0	99.0	0.336695	-0.859612	0.923199	0.964849
479.0	108.0	0.222982	0.227425	0.318501	0.981067
126.0	148.0	0.183112	-0.752360	0.774323	0.986284
713.0	169.0	0.041906	0.872804	0.873809	0.997385
641.0	169.0	0.047268	0.678246	0.679892	0.984474
145.0	172.0	0.113267	-0.702294	0.711370	0.985377
321.0	184.0	0.055981	-0.215738	0.222883	0.992771
225.0	199.0	0.025978	-0.485941	0.486635	0.966099
517.0	206.0	-0.030023	0.329165	0.330531	0.982501
78.0	221.0	-0.012897	-0.900379	0.900472	0.997485
461.0	246.0	-0.148767	0.172918	0.228106	0.992166
326.0	260.0	-0.157703	-0.214389	0.266145	0.989726
633.0	260.0	-0.203170	0.640710	0.672152	0.975263
307.0	287.0	-0.233156	-0.271269	0.357699	0.980048
738.0	290.0	-0.301129	0.924850	0.972638	0.940764
328.0	308.0	-0.293731	-0.211887	0.362180	0.981132
546.0	329.0	-0.380325	0.418753	0.565686	0.944193
309.0	330.0	-0.354659	-0.264293	0.442305	0.971453
232.0	344.0	-0.379654	-0.488070	0.618344	0.945272
737.0	348.0	-0.460312	0.919864	1.028609	0.968779
503.0	363.0	-0.465017	0.266271	0.535855	0.959022
687.0	368.0	-0.515121	0.800359	0.951800	0.828886
