723.0	30.0	0.423843	1.034092	1.117582	0.926236
577.0	31.0	0.443383	0.540172	0.698838	0.936339
106.0	35.0	0.497052	-0.795549	0.938061	0.929299
275.0	34.0	0.457776	-0.353108	0.578139	0.784679
326.0	38.0	0.464108	-0.184383	0.499393	0.864057
533.0	39.0	0.424878	0.393860	0.579351	0.928448
285.0	40.0	0.474569	-0.310073	0.566887	0.857025
617.0	39.0	0.431223	0.640726	0.772324	0.890773
626.0	42.0	0.426036	0.486213	0.646459	0.880200
251.0	43.0	0.408954	-0.396857	0.569858	0.812761
33.0	45.0	0.569580	-0.999110	1.150062	0.916174
225.0	45.0	0.452368	-0.480089	0.659638	0.715722
758.0	44.0	0.386915	1.011484	1.082960	0.902713
709.0	47.0	0.393652	0.855433	0.941662	0.799631
194.0	47.0	0.448837	-0.795488	0.913376	0.909779
401.0	47.0	0.502338	0.034790	0.503541	0.641730
425.0	46.0	0.481891	0.174311	0.512448	0.841793
379.0	51.0	0.390163	-0.036444	0.391861	0.931429
53.0	53.0	0.455495	-0.943015	1.047260	0.964359
106.0	55.0	0.442761	-0.796159	0.910992	0.965844
201.0	61.0	0.443771	-0.566263	0.719435	0.821436
720.0	64.0	0.381719	-0.260042	0.461878	0.822119
418.0	67.0	0.395919	0.210551	0.448424	0.888222
740.0	66.0	0.294394	0.761283	0.816223	0.852977
640.0	79.0	0.326796	0.660677	0.737082	0.870521
734.0	78.0	0.306104	0.958184	1.005891	0.831564
484.0	80.0	0.198251	0.246393	0.316249	0.799593
575.0	80.0	0.302902	0.509230	0.592508	0.922186
476.0	81.0	0.309783	0.243440	0.393991	0.896437
125.0	83.0	0.363208	-0.753816	0.836755	0.971617
497.0	84.0	0.322931	0.254545	0.411190	0.753054
741.0	86.0	0.260952	0.957577	0.992497	0.856553
56.0	89.0	0.356156	-0.941692	1.006792	0.731913
433.0	92.0	0.392497	0.115921	0.409257	0.831850
182.0	95.0	0.257204	-0.588239	0.642011	0.882449
621.0	96.0	0.257953	0.579098	0.633951	0.814327
657.0	95.0	0.058322	0.757930	0.760170	0.741951
44.0	98.0	0.417165	-0.940719	1.029067	0.734009
371.0	99.0	0.335258	-0.076353	0.343843	0.873819
462.0	103.0	0.247820	0.205859	0.322168	0.964833
469.0	103.0	0.255830	0.211847	0.332157	0.966411
479.0	103.0	0.250591	0.250633	0.354419	0.881443
490.0	103.0	0.260193	0.310388	0.405020	0.838706
396.0	104.0	0.293700	0.002209	0.293708	0.924275
290.0	107.0	0.202540	-0.295220	0.358019	0.968689
650.0	110.0	0.051876	0.656878	0.658923	0.650073
719.0	110.0	0.239026	1.048157	1.075066	0.871712
457.0	112.0	0.242482	0.189388	0.307677	0.969297
636.0	115.0	0.211224	0.587112	0.623952	0.606646
138.0	118.0	0.260558	-0.862047	0.900564	0.738918
635.0	120.0	0.189476	0.746105	0.769789	0.614480
369.0	123.0	0.214712	-0.075920	0.227739	0.969551
422.0	124.0	0.207767	0.067527	0.218466	0.751914
189.0	125.0	0.200474	-0.576368	0.610238	0.965130
702.0	126.0	0.172818	0.842210	0.859757	0.882410
707.0	123.0	0.169518	0.851270	0.867985	0.851657
234.0	127.0	0.223685	-0.451073	0.503490	0.917271
603.0	128.0	0.342155	0.625603	0.713056	0.910515
208.0	129.0	0.238835	-0.380390	0.449153	0.896182
89.0	131.0	0.191013	-0.030709	0.193466	0.731393
101.0	135.0	-0.383735	-0.841330	0.924710	0.811080
133.0	136.0	0.152653	-0.675235	0.692276	0.907411
145.0	137.0	0.210076	-0.700134	0.730972	0.788016
653.0	138.0	0.140969	0.708998	0.722876	0.806988
38.0	143.0	0.126291	-1.005386	1.013287	0.827449
270.0	143.0	0.081912	-0.329059	0.339101	0.903848
561.0	143.0	0.138907	0.458099	0.478696	0.914736
446.0	143.0	0.160428	0.150709	0.220115	0.925532
83.0	146.0	0.197273	-0.689748	0.717404	0.786017
219.0	146.0	0.197624	-1.069688	1.087791	0.895897
693.0	150.0	0.034976	0.669464	0.670377	0.665862
364.0	150.0	0.143354	-0.098360	0.173853	0.993407
563.0	151.0	0.139390	0.457922	0.478667	0.914837
49.0	154.0	0.208255	-0.996495	1.018024	0.810089
319.0	155.0	0.116775	-0.211469	0.241568	0.913741
601.0	156.0	0.094655	0.562411	0.570320	0.884890
239.0	159.0	0.182662	-0.446199	0.482140	0.869632
492.0	160.0	0.142183	0.459323	0.480826	0.836917
143.0	165.0	0.133053	-0.706138	0.718564	0.985029
423.0	165.0	0.092557	0.069755	0.115899	0.998017
535.0	166.0	0.024867	0.369444	0.370280	0.815262
204.0	168.0	0.110692	-0.527962	0.539441	0.933032
225.0	166.0	0.243276	-0.482812	0.540640	0.893259
66.0	168.0	0.162963	-0.913044	0.927473	0.932066
213.0	170.0	0.100629	-0.526911	0.536434	0.874571
541.0	170.0	0.070869	0.369234	0.375974	0.810547
732.0	172.0	0.032780	0.928352	0.928931	0.724325
39.0	173.0	0.128957	-0.996173	1.004485	0.996986
769.0	173.0	0.025687	1.032923	1.033242	0.857800
482.0	177.0	0.004542	0.347987	0.348017	0.857936
393.0	178.0	0.055458	-0.084674	0.101218	0.936229
628.0	182.0	0.036185	0.632609	0.633643	0.955130
495.0	183.0	0.051747	0.237610	0.243179	0.918768
176.0	187.0	0.143797	-0.630393	0.646585	0.772707
143.0	191.0	0.038918	-0.713070	0.714131	0.985283
715.0	192.0	-3.227259	4.631839	5.645276	0.694932
226.0	194.0	0.054010	-0.463470	0.466606	0.865651
646.0	198.0	-0.072407	0.619196	0.623415	0.890531
570.0	201.0	-0.023649	0.482692	0.483271	0.962849
267.0	203.0	0.002561	-0.362964	0.362973	0.840822
354.0	201.0	-0.404415	-0.071140	0.410625	0.922262
737.0	202.0	-0.041674	0.994721	0.995593	0.872016
767.0	202.0	-9.334026	-0.087054	9.334432	0.935338
121.0	206.0	0.011291	-0.832202	0.832279	0.892736
257.0	205.0	0.040085	-0.379900	0.382009	0.636347
275.0	207.0	0.038308	-0.360875	0.362903	0.968577
474.0	209.0	-0.044446	0.192635	0.197696	0.993457
425.0	209.0	0.005168	0.205132	0.205197	0.937787
504.0	209.0	-0.046852	0.287078	0.290876	0.986240
667.0	210.0	-0.063845	0.743952	0.746686	0.989732
244.0	211.0	-0.012513	-0.425822	0.426006	0.886491
464.0	216.0	0.177455	0.146373	0.230033	0.924272
707.0	216.0	-0.081946	0.846788	0.850744	0.995089
535.0	216.0	0.262326	-0.026870	0.263699	0.715538
447.0	217.0	-0.064470	0.127457	0.142835	0.957561
90.0	222.0	-0.014526	-0.870833	0.870954	0.909150
57.0	223.0	-0.019423	-0.959041	0.959237	0.999701
191.0	225.0	-0.038831	-0.568341	0.569667	0.895678
298.0	224.0	-0.052606	-0.289023	0.293772	0.936895
367.0	227.0	-0.071039	-0.239906	0.250203	0.908010
449.0	228.0	0.383073	0.147650	0.410542	0.822150
628.0	231.0	-0.118870	0.842677	0.851020	0.687000
400.0	233.0	-0.098154	-0.003482	0.098216	0.980227
209.0	235.0	-0.129775	-0.533362	0.548923	0.956793
478.0	236.0	-0.112675	0.214584	0.242368	0.985006
601.0	239.0	-0.134693	0.498250	0.516135	0.921437
312.0	241.0	0.207805	-0.272066	0.342349	0.900970
736.0	246.0	-0.176252	0.932022	0.948541	0.982644
767.0	249.0	-0.271762	1.099463	1.132552	0.745527
63.0	249.0	-0.084567	-0.951159	0.954911	0.997683
129.0	251.0	-0.288215	-0.746344	0.800061	0.910620
541.0	252.0	-0.165159	0.387230	0.420980	0.960336
596.0	252.0	-0.120912	0.555913	0.568910	0.856312
678.0	257.0	-0.167249	0.771967	0.789876	0.984076
272.0	258.0	-0.180330	0.723131	0.745276	0.819197
436.0	261.0	-0.187959	0.152778	0.242219	0.737775
244.0	264.0	-0.138226	-0.451432	0.472120	0.951781
447.0	265.0	-0.220245	0.162109	0.273473	0.809616
518.0	265.0	-0.209162	0.303180	0.368330	0.941355
459.0	266.0	-0.301997	0.130493	0.328984	0.840060
227.0	267.0	-0.176828	-0.489999	0.520929	0.831943
473.0	269.0	-0.201225	0.904190	0.926310	0.845462
266.0	273.0	-0.315565	-0.350287	0.471468	0.831551
513.0	273.0	-0.212579	0.294008	0.362809	0.804429
40.0	275.0	-0.162952	-1.016945	1.029917	0.942929
636.0	274.0	-0.231729	1.069001	1.093829	0.848430
614.0	277.0	-0.245872	0.586080	0.635565	0.966790
555.0	277.0	-0.227175	0.395212	0.455852	0.964044
178.0	282.0	-0.200814	-0.603228	0.635775	0.728863
479.0	284.0	-0.242174	0.405348	0.472182	0.877689
280.0	286.0	-0.252545	-0.362807	0.442049	0.737618
69.0	289.0	-0.207976	-0.930011	0.952982	0.850797
426.0	289.0	-0.256998	0.061909	0.264350	0.789091
505.0	292.0	-0.267831	0.284048	0.390405	0.810112
749.0	298.0	-0.311906	0.968484	1.017471	0.896895
75.0	299.0	-0.185309	-1.095790	1.111349	0.824612
567.0	298.0	-0.306034	0.467237	0.558540	0.757795
403.0	301.0	-0.778732	-0.020174	0.778994	0.827685
763.0	302.0	-0.225234	0.974152	0.999851	0.960829
296.0	303.0	-0.251790	-0.238067	0.346517	0.866609
326.0	304.0	-0.271213	-0.219623	0.348985	0.813273
532.0	312.0	-0.345122	0.351979	0.492949	0.902991
122.0	315.0	-0.310077	-0.665198	0.733918	0.892963
354.0	315.0	-0.319909	-0.144765	0.351139	0.981963
75.0	314.0	-0.219969	-1.010354	1.034022	0.897478
155.0	317.0	-0.287763	-0.698162	0.755141	0.973537
37.0	322.0	-0.304215	-1.026822	1.070939	0.974229
118.0	328.0	-0.309682	-0.780523	0.839714	0.903211
480.0	328.0	-0.366632	0.299232	0.473243	0.917763
39.0	330.0	-0.308107	-1.079482	1.122592	0.966682
623.0	330.0	-0.393282	0.514387	0.647506	0.773085
512.0	331.0	-0.389263	0.313084	0.499547	0.947444
690.0	334.0	-0.357432	0.781698	0.859540	0.967889
194.0	334.0	-0.349072	-0.598049	0.692469	0.888936
760.0	337.0	-0.584603	0.966970	1.129952	0.956957
578.0	335.0	-0.386708	0.682015	0.784020	0.874674
598.0	337.0	-0.421454	1.570563	1.626128	0.728872
705.0	340.0	-0.464336	0.824660	0.946400	0.932156
315.0	340.0	-0.389569	-0.250276	0.463036	0.863483
449.0	342.0	-0.391789	0.139705	0.415952	0.753421
557.0	341.0	0.014973	0.049358	0.051579	0.814821
140.0	344.0	-0.373336	-0.736602	0.825810	0.958555
554.0	343.0	0.021741	0.049365	0.053940	0.811668
410.0	345.0	-0.429882	-0.043425	0.432070	0.761342
712.0	345.0	-0.507911	0.834603	0.977004	0.901914
744.0	347.0	-0.444405	0.975863	1.072289	0.729485
284.0	352.0	-0.412702	-0.340417	0.534983	0.959185
674.0	350.0	-0.366463	0.705697	0.795175	0.927223
603.0	353.0	-0.459236	0.678517	0.819319	0.794648
388.0	354.0	-0.512568	-0.035833	0.513819	0.921284
399.0	357.0	-0.431776	-0.029012	0.432749	0.825895
596.0	357.0	-0.480411	0.534436	0.718621	0.812281
738.0	355.0	-0.455905	0.975612	1.076879	0.701437
108.0	358.0	-0.399910	-0.834772	0.925620	0.958113
45.0	361.0	-0.570094	-0.844152	1.018626	0.836923
433.0	360.0	-0.454644	0.062832	0.458965	0.795794
660.0	368.0	-8.421102	-5.744040	10.193574	0.793944
