98.0	32.0	0.516242	-0.838528	0.984701	0.762545
277.0	37.0	0.481068	-0.121755	0.496237	0.867312
377.0	36.0	0.409328	0.013527	0.409551	0.898614
532.0	37.0	0.435388	0.388921	0.583800	0.951574
679.0	36.0	0.300955	0.866156	0.916952	0.901664
319.0	39.0	0.421887	0.816072	0.918674	0.823417
744.0	41.0	0.380699	0.979470	1.050854	0.977418
623.0	47.0	0.388305	0.639627	0.748267	0.846143
122.0	47.0	0.462632	-0.743797	0.875935	0.908298
392.0	47.0	0.365303	0.015862	0.365647	0.833127
219.0	51.0	0.439037	-0.486204	0.655094	0.936669
37.0	51.0	0.434446	-0.955188	1.049347	0.834543
178.0	54.0	0.434792	-0.595767	0.737551	0.945535
465.0	53.0	0.387624	0.038462	0.389527	0.938324
324.0	54.0	0.413910	-0.035631	0.415441	0.882556
458.0	61.0	0.370038	0.253069	0.448299	0.953791
30.0	64.0	0.433985	-0.994698	1.085250	0.860495
591.0	64.0	0.352123	0.550689	0.653642	0.764479
669.0	65.0	0.336458	0.760155	0.831288	0.962072
371.0	66.0	0.373775	-0.062176	0.378911	0.886801
555.0	69.0	0.348939	0.447972	0.567836	0.953827
440.0	71.0	0.521502	0.136159	0.538984	0.931434
510.0	70.0	0.132499	0.239859	0.274022	0.864745
406.0	74.0	0.305672	0.021108	0.306400	0.815063
456.0	76.0	0.556108	0.210960	0.594778	0.908163
269.0	78.0	0.357637	-0.340238	0.493626	0.964739
236.0	82.0	0.178492	-0.413841	0.450693	0.933606
494.0	82.0	-0.649758	0.248505	0.695658	0.770111
139.0	85.0	0.364345	-0.707035	0.795391	0.699682
396.0	85.0	0.333226	0.017309	0.333675	0.942782
145.0	85.0	0.250800	-0.706538	0.749731	0.628804
477.0	87.0	0.301599	0.234750	0.382190	0.974866
614.0	89.0	0.253630	0.582060	0.634919	0.789616
700.0	91.0	0.262508	0.847349	0.887080	0.986676
218.0	96.0	0.349489	-0.423806	0.549322	0.904089
557.0	101.0	0.254072	0.455151	0.521263	0.960930
602.0	101.0	0.192422	0.578424	0.609591	0.757643
260.0	105.0	0.275370	-0.382265	0.471121	0.840684
99.0	107.0	0.167553	-0.891392	0.907003	0.809511
532.0	111.0	0.226963	0.377052	0.440092	0.971440
494.0	115.0	0.226328	0.362647	0.427477	0.900367
359.0	116.0	0.233620	-0.107011	0.256963	0.989804
196.0	121.0	0.244883	-0.557059	0.608508	0.736393
412.0	120.0	-0.044249	0.044912	0.063048	0.933995
645.0	128.0	-0.333618	0.810115	0.876120	0.668208
570.0	132.0	0.193885	0.507286	0.543076	0.934243
80.0	134.0	0.224175	-0.883621	0.911614	0.987412
603.0	137.0	0.182287	0.651195	0.676228	0.712007
202.0	143.0	0.304252	-0.563168	0.640100	0.708370
289.0	142.0	0.212183	0.101011	0.234999	0.892395
725.0	144.0	0.109176	0.918134	0.924603	0.993940
390.0	145.0	0.170500	0.002829	0.170524	0.960708
158.0	146.0	0.166394	-0.664543	0.685058	0.789533
650.0	147.0	0.112120	0.723724	0.732357	0.985626
560.0	149.0	0.120219	0.622200	0.633707	0.862914
612.0	147.0	0.184803	0.625085	0.651831	0.793542
622.0	150.0	0.232111	0.691829	0.729728	0.825872
125.0	150.0	0.169047	-0.666890	0.687982	0.836914
614.0	152.0	0.188616	0.596834	0.625929	0.867142
115.0	155.0	0.171839	-0.758620	0.777839	0.895330
185.0	156.0	0.154662	-0.594531	0.614319	0.961772
510.0	158.0	0.104916	0.324822	0.341345	0.898248
75.0	157.0	0.134171	-0.867060	0.877380	0.955338
372.0	160.0	0.119966	-0.079614	0.143980	0.809450
475.0	165.0	0.011666	0.216766	0.217080	0.987068
132.0	165.0	0.254737	-0.776527	0.817243	0.952228
230.0	173.0	0.097222	-0.598713	0.606556	0.774580
340.0	174.0	0.080380	-0.104953	0.132197	0.990798
74.0	174.0	0.071960	-0.708090	0.711737	0.882607
173.0	176.0	0.124763	-0.623128	0.635496	0.976135
403.0	176.0	0.062001	0.014516	0.063677	0.897575
92.0	179.0	0.099386	-0.854168	0.859931	0.885649
747.0	180.0	-0.004655	0.987108	0.987119	0.821555
413.0	181.0	0.024469	0.014518	0.028452	0.895894
102.0	183.0	0.120388	-0.868435	0.876740	0.851034
686.0	183.0	0.209040	0.798247	0.825164	0.810985
480.0	187.0	0.022922	-0.124364	0.126458	0.806677
640.0	185.0	-0.084183	0.675754	0.680978	0.794856
34.0	189.0	0.048806	-1.004748	1.005932	0.990798
224.0	193.0	0.028710	-0.493914	0.494748	0.763976
88.0	195.0	0.594814	-0.775020	0.976964	0.841963
384.0	198.0	0.002906	-0.162914	0.162940	0.951829
754.0	199.0	-0.052628	1.238703	1.239820	0.839079
484.0	200.0	0.022045	0.231119	0.232168	0.731026
618.0	203.0	-0.042294	0.585238	0.586764	0.846131
641.0	209.0	0.354982	0.739913	0.820661	0.805695
705.0	209.0	-3.481376	-8.341983	9.039284	0.883281
383.0	213.0	0.047847	-0.092260	0.103929	0.890057
49.0	214.0	0.012645	-0.961492	0.961575	0.828397
453.0	219.0	-0.088561	0.154413	0.178007	0.871275
709.0	219.0	-0.096400	0.856719	0.862125	0.838511
487.0	220.0	-0.069383	0.251993	0.261371	0.938759
620.0	227.0	-0.101975	0.598701	0.607324	0.795762
113.0	228.0	-0.047831	-0.803559	0.804982	0.975087
164.0	232.0	-0.061837	-0.661268	0.664153	0.767533
320.0	232.0	-0.079535	-0.231031	0.244338	0.991339
53.0	237.0	-0.074012	-1.011150	1.013855	0.846530
671.0	236.0	-0.135943	0.765080	0.777063	0.952393
459.0	239.0	-0.152572	0.156398	0.218491	0.889208
354.0	239.0	-0.108089	-0.135972	0.173700	0.995501
560.0	243.0	-0.152088	0.444431	0.469734	0.612914
42.0	248.0	-0.096299	-0.910747	0.915824	0.869763
740.0	248.0	-0.180657	0.942657	0.959812	0.982329
606.0	248.0	-0.159176	0.526024	0.549580	0.868360
85.0	252.0	-0.123042	-0.859466	0.868229	0.988381
120.0	253.0	-0.137852	-0.776552	0.788692	0.719131
159.0	257.0	-0.003965	-0.674684	0.674696	0.751376
50.0	258.0	-0.098115	-0.987425	0.992287	0.996265
712.0	260.0	-0.034978	0.858483	0.859196	0.920162
143.0	258.0	-0.060184	-0.734455	0.736917	0.928905
371.0	259.0	-0.159535	-0.080233	0.178574	0.908959
295.0	261.0	-0.155959	-0.299298	0.337494	0.977042
121.0	259.0	-0.176461	-0.629719	0.653976	0.784388
250.0	262.0	-0.520332	-0.940485	1.074829	0.836053
81.0	265.0	-0.124629	-0.886347	0.895066	0.989071
137.0	264.0	-0.119047	-0.743406	0.752877	0.862087
229.0	263.0	-0.112653	-0.476792	0.489920	0.958739
482.0	268.0	-0.201457	0.221285	0.299253	0.783330
655.0	269.0	-0.204177	0.712014	0.740710	0.929214
116.0	272.0	-0.175943	-0.798051	0.817215	0.748082
30.0	272.0	-0.180133	-1.123290	1.137641	0.766654
184.0	274.0	-0.042629	-0.762449	0.763639	0.768293
566.0	277.0	-0.272629	0.439108	0.516858	0.911079
632.0	278.0	-0.100148	0.556386	0.565327	0.863173
40.0	283.0	0.008968	-1.069289	1.069327	0.696998
746.0	283.0	-0.276235	0.929250	0.969439	0.979403
344.0	284.0	-0.230465	-0.148408	0.274115	0.960516
733.0	284.0	-0.299500	0.928553	0.975659	0.910994
212.0	285.0	-0.441786	-0.530792	0.690591	0.918628
673.0	283.0	-0.301262	0.745719	0.804273	0.893620
169.0	287.0	1.146007	-0.665976	1.325465	0.645603
195.0	294.0	-0.153873	-0.574164	0.594425	0.882723
388.0	300.0	-0.250040	-0.031491	0.252016	0.959364
538.0	299.0	-0.212139	0.246596	0.325289	0.972084
372.0	305.0	-0.283084	-0.089530	0.296904	0.986728
474.0	304.0	-0.337885	0.166092	0.376500	0.978506
423.0	306.0	-0.303697	0.048582	0.307558	0.690396
33.0	309.0	-0.274803	-1.075963	1.110501	0.915606
159.0	307.0	-0.260816	-0.636274	0.687656	0.699978
490.0	310.0	-0.581964	0.211609	0.619242	0.940098
82.0	309.0	-0.279195	-0.942898	0.983365	0.877135
314.0	309.0	-0.418889	-0.225076	0.475528	0.936615
442.0	316.0	-0.327780	0.273012	0.426586	0.716972
473.0	316.0	-0.321372	0.191552	0.374129	0.977994
639.0	314.0	-0.363247	0.668520	0.760834	0.875007
647.0	317.0	-0.363247	0.668520	0.760833	0.875009
733.0	318.0	-0.378443	0.899005	0.975412	0.964655
68.0	320.0	-0.247462	-1.023573	1.053062	0.757285
295.0	321.0	-0.326119	-0.305732	0.447019	0.963493
726.0	322.0	-0.378479	0.883827	0.961455	0.958077
385.0	323.0	-0.371589	-0.068503	0.377851	0.976167
193.0	323.0	-0.305955	-0.581916	0.657445	0.959580
423.0	330.0	-0.366994	0.050092	0.370397	0.967261
397.0	335.0	-0.359667	-0.040221	0.361909	0.975801
138.0	340.0	-0.286879	-0.947814	0.990278	0.899665
525.0	343.0	-0.414394	0.354461	0.545312	0.950785
296.0	347.0	-0.426033	-0.178007	0.461726	0.736250
471.0	348.0	-0.420743	0.179158	0.457299	0.927719
681.0	347.0	-0.444936	0.751570	0.873399	0.960980
239.0	350.0	-0.400016	-0.465588	0.613828	0.922856
574.0	351.0	-0.463447	0.457950	0.651537	0.938144
629.0	354.0	-0.461335	0.619017	0.772018	0.947929
296.0	360.0	-0.426672	-0.190280	0.467178	0.767456
575.0	363.0	-0.464016	0.465679	0.657395	0.935482
419.0	365.0	-0.462891	0.030233	0.463877	0.883852
708.0	364.0	-0.567405	0.836813	1.011041	0.884873
727.0	364.0	-0.667511	0.877564	1.102583	0.829205
133.0	367.0	-0.525252	-0.779308	0.939793	0.676025
