522.0	31.0	0.438200	0.355194	0.564076	0.818391
101.0	35.0	0.493130	-0.682350	0.841890	0.763844
109.0	37.0	0.492950	-0.736626	0.886350	0.786512
650.0	37.0	-0.238574	0.695524	0.735303	0.612004
268.0	40.0	0.483284	-0.361794	0.603704	0.768282
634.0	41.0	0.041474	0.545880	0.547453	0.803124
524.0	43.0	0.429073	0.354600	0.556637	0.829903
504.0	47.0	0.397840	0.282582	0.487985	0.664549
131.0	49.0	0.529224	-0.888782	1.034413	0.937926
66.0	49.0	0.468825	-0.901979	1.016545	0.856549
113.0	54.0	0.484919	-1.181921	1.277530	0.902888
226.0	55.0	0.423427	-0.463462	0.627764	0.944323
522.0	55.0	0.468937	0.457873	0.655400	0.811581
321.0	55.0	-2.526640	-6.653214	7.116823	0.734127
426.0	61.0	0.368257	0.101992	0.382120	0.800029
158.0	63.0	0.409318	-0.963480	1.046822	0.806951
507.0	63.0	0.359330	-0.529827	0.640183	0.794401
134.0	64.0	0.424193	-0.937127	1.028662	0.806965
83.0	71.0	0.489099	-0.950903	1.069315	0.890701
456.0	70.0	0.367959	0.182673	0.410808	0.770896
100.0	73.0	0.416574	-0.839925	0.937555	0.864899
206.0	71.0	0.249205	-0.537314	0.592292	0.933723
103.0	71.0	0.388724	-0.730719	0.827681	0.849551
189.0	75.0	0.346721	-0.593704	0.687531	0.901391
235.0	75.0	0.368193	-0.473107	0.599497	0.914658
636.0	75.0	0.299607	0.652062	0.717599	0.827314
130.0	76.0	0.373117	-0.742710	0.831165	0.698280
160.0	76.0	0.432907	-0.705636	0.827847	0.744428
198.0	77.0	0.366921	-0.549838	0.661025	0.884474
622.0	82.0	0.259531	0.718465	0.763903	0.963926
41.0	82.0	0.372448	-0.966244	1.035541	0.838058
277.0	85.0	0.320114	-0.336837	0.464685	0.969286
201.0	88.0	0.369523	-0.514589	0.633521	0.874817
327.0	88.0	0.319374	-0.185882	0.369529	0.979990
592.0	92.0	0.270952	0.548476	0.611752	0.957162
276.0	97.0	0.320064	-0.327241	0.457742	0.968775
180.0	98.0	0.312820	-0.600235	0.676859	0.923936
714.0	102.0	0.041422	0.887285	0.888252	0.850005
96.0	104.0	0.298369	-0.816637	0.869437	0.961928
350.0	102.0	0.262368	-0.117080	0.287306	0.982260
156.0	106.0	0.252361	-0.499481	0.559614	0.866197
634.0	105.0	0.216877	0.639432	0.675210	0.763507
299.0	108.0	0.272135	-0.278334	0.389265	0.906916
371.0	111.0	0.250316	-0.066626	0.259031	0.976618
104.0	110.0	0.270041	-0.756126	0.802900	0.946341
623.0	113.0	0.206124	0.639579	0.671973	0.763448
557.0	115.0	0.188318	0.430000	0.469429	0.942553
34.0	120.0	0.274999	-1.003971	1.040953	0.986208
761.0	122.0	0.168940	1.014836	1.028802	0.994869
171.0	122.0	0.173166	-1.034715	1.049105	0.875740
112.0	127.0	0.208425	-0.803766	0.830350	0.978959
542.0	126.0	0.233091	0.404709	0.467034	0.926344
640.0	123.0	0.140205	0.716855	0.730437	0.832242
661.0	125.0	-0.083428	0.823683	0.827897	0.730400
126.0	126.0	0.209791	-0.770622	0.798668	0.954991
342.0	126.0	0.211051	-0.163142	0.266754	0.954586
391.0	126.0	-0.103643	-0.400817	0.414001	0.614362
436.0	126.0	-0.255996	0.091505	0.271858	0.715135
503.0	129.0	0.155648	0.306690	0.343926	0.759193
646.0	133.0	-0.073181	0.674674	0.678631	0.892925
417.0	135.0	0.199400	0.058824	0.207896	0.993396
662.0	134.0	-0.359272	0.713063	0.798458	0.774201
741.0	138.0	0.110664	1.020961	1.026941	0.842159
491.0	141.0	0.122885	0.311568	0.334926	0.787964
143.0	142.0	0.059728	-0.734421	0.736846	0.852297
580.0	142.0	0.131784	0.508486	0.525286	0.962600
630.0	142.0	0.134449	0.561895	0.577757	0.954334
394.0	146.0	0.155341	-0.002576	0.155362	0.995130
252.0	148.0	0.582749	0.482412	0.756517	0.733286
723.0	150.0	0.233539	0.903202	0.932907	0.961923
99.0	154.0	0.148471	-0.686083	0.701964	0.866728
126.0	154.0	0.162604	-0.750199	0.767619	0.707059
490.0	154.0	0.120935	0.257570	0.284548	0.853407
531.0	154.0	0.111226	0.376963	0.393029	0.971936
744.0	155.0	0.080889	1.074136	1.077178	0.839360
296.0	156.0	0.133761	-0.614375	0.628768	0.855683
638.0	157.0	0.120242	0.597250	0.609234	0.938180
707.0	159.0	0.007966	1.415983	1.416006	0.821318
192.0	170.0	0.106900	-0.623544	0.632641	0.863617
471.0	169.0	0.073622	0.210730	0.223221	0.983186
262.0	170.0	0.058690	-0.543577	0.546736	0.761836
173.0	172.0	0.113264	-0.456400	0.470244	0.861540
709.0	173.0	0.025039	0.884598	0.884952	0.875163
306.0	174.0	0.537252	-0.239507	0.588220	0.809002
633.0	176.0	0.034830	0.647072	0.648009	0.748147
717.0	176.0	0.023101	0.951682	0.951962	0.921422
93.0	176.0	0.112873	-0.824211	0.831904	0.963826
248.0	177.0	-0.108420	-0.415566	0.429476	0.761278
760.0	177.0	0.027411	1.020439	1.020807	0.956587
65.0	177.0	0.099367	-0.949852	0.955035	0.995257
187.0	183.0	0.018962	-0.595760	0.596062	0.790944
361.0	183.0	0.048886	-0.105515	0.116290	0.997697
711.0	183.0	0.024797	0.875421	0.875772	0.923965
123.0	184.0	0.093043	-0.767491	0.773110	0.942007
162.0	186.0	-0.010789	-0.696117	0.696201	0.827460
329.0	186.0	-0.134356	0.519042	0.536150	0.902577
186.0	191.0	0.004386	-0.573867	0.573884	0.753220
434.0	190.0	0.006634	0.117859	0.118046	0.996474
547.0	191.0	-0.010427	0.407761	0.407895	0.974777
634.0	193.0	-0.018265	0.588852	0.589135	0.680426
179.0	194.0	-0.008227	-0.595016	0.595073	0.780235
33.0	200.0	0.047584	-1.013179	1.014295	0.838191
691.0	199.0	-0.028718	0.767412	0.767949	0.976724
739.0	198.0	-0.045257	0.930165	0.931266	0.994040
642.0	207.0	0.116233	0.848035	0.855963	0.821241
193.0	209.0	0.027937	-0.542123	0.542842	0.765801
382.0	210.0	-0.062697	-0.092069	0.111390	0.875147
486.0	211.0	-0.041137	0.236931	0.240476	0.952474
692.0	215.0	-0.023684	0.475388	0.475978	0.921231
581.0	217.0	-0.460782	0.678879	0.820486	0.777640
111.0	221.0	-0.041733	-0.800843	0.801930	0.799698
293.0	225.0	-0.060777	-0.315002	0.320812	0.839170
161.0	226.0	-0.105315	-0.642783	0.651353	0.833440
540.0	225.0	-0.170798	0.071190	0.185041	0.811091
134.0	224.0	-0.045812	-0.745577	0.746983	0.603856
651.0	226.0	-0.132836	0.671560	0.684572	0.846694
46.0	230.0	-0.029785	-0.981865	0.982317	0.998220
448.0	230.0	-0.104330	0.112117	0.153150	0.945834
613.0	228.0	-0.030844	0.771688	0.772304	0.817317
565.0	230.0	-0.121737	0.511690	0.525972	0.721677
429.0	233.0	-0.042379	0.092484	0.101732	0.883428
627.0	230.0	-0.132909	0.588877	0.603690	0.906313
226.0	236.0	-0.077021	-0.484869	0.490949	0.957637
675.0	235.0	-0.147271	0.767541	0.781542	0.985426
84.0	239.0	-0.067226	-0.879422	0.881988	0.791758
266.0	243.0	-0.103361	-0.375827	0.389781	0.977823
719.0	244.0	-0.166914	0.857463	0.873558	0.790520
453.0	243.0	-0.107712	0.138495	0.175450	0.967664
536.0	247.0	-0.146697	0.441963	0.465673	0.665354
581.0	248.0	0.186676	0.398322	0.439896	0.748964
132.0	252.0	-0.127697	-0.764663	0.775252	0.957792
479.0	253.0	-0.167173	0.211470	0.269567	0.935170
123.0	256.0	-0.126652	-0.764167	0.774592	0.955291
165.0	258.0	-0.171745	-0.657559	0.679617	0.938259
130.0	262.0	-0.127358	-0.764224	0.774763	0.957798
320.0	263.0	-0.256580	-0.246747	0.355974	0.643897
290.0	266.0	-0.171833	-0.324615	0.367289	0.792114
499.0	266.0	-0.189310	0.241853	0.307133	0.903297
344.0	270.0	-0.191009	-0.164599	0.252145	0.873056
244.0	271.0	-0.173563	-0.444021	0.476738	0.872074
367.0	274.0	-0.197309	-0.133897	0.238452	0.586410
662.0	277.0	-0.257939	0.719145	0.764004	0.810831
160.0	289.0	-0.285073	-0.680622	0.737911	0.774910
453.0	289.0	-0.260175	0.138406	0.294698	0.791282
590.0	291.0	-0.479537	0.571917	0.746354	0.922267
113.0	290.0	-0.227207	-1.032273	1.056982	0.904983
395.0	291.0	-0.274397	0.129415	0.303384	0.931763
524.0	295.0	-0.284040	0.333365	0.437962	0.805498
278.0	298.0	-0.345580	-0.116877	0.364809	0.850624
72.0	300.0	-0.231925	-0.924801	0.953439	0.990799
338.0	300.0	-0.275176	-0.294182	0.402821	0.977852
666.0	301.0	-0.320460	0.740172	0.806567	0.961941
541.0	303.0	-0.306359	0.376371	0.485294	0.954565
115.0	302.0	-0.226307	-0.815975	0.846777	0.747000
564.0	304.0	-0.313767	0.340812	0.463252	0.773139
762.0	308.0	-0.353584	0.996452	1.057326	0.980687
366.0	310.0	-0.306553	-0.111980	0.326366	0.880635
414.0	314.0	-0.322766	0.020569	0.323421	0.911789
278.0	313.0	-0.315028	-0.089390	0.327465	0.923195
409.0	315.0	-0.328065	0.024368	0.328969	0.911785
96.0	319.0	-0.303309	-0.847984	0.900596	0.832915
355.0	321.0	-0.310798	-0.209828	0.374998	0.858343
160.0	324.0	-0.285402	-0.941320	0.983635	0.909034
514.0	323.0	-0.490894	0.349824	0.602788	0.859273
568.0	324.0	-0.357193	0.454105	0.577753	0.746761
68.0	324.0	-0.306704	-0.944149	0.992716	0.983053
631.0	324.0	-0.379803	0.610593	0.719079	0.746870
103.0	325.0	-0.301373	-0.847716	0.899693	0.832864
498.0	329.0	-0.409346	0.255107	0.482332	0.964010
674.0	328.0	-0.109778	0.738801	0.746913	0.897254
589.0	331.0	-0.365392	0.533854	0.646925	0.854062
452.0	331.0	-0.382101	0.136675	0.405810	0.927092
120.0	333.0	-0.221262	-0.818584	0.847961	0.917866
522.0	336.0	-0.370898	0.331119	0.497198	0.878276
353.0	335.0	-0.355218	-0.137017	0.380727	0.939980
600.0	336.0	-0.402011	0.529262	0.664628	0.812001
690.0	339.0	-0.348396	0.785572	0.859362	0.894686
704.0	339.0	-0.411902	0.796666	0.896850	0.919036
332.0	340.0	-0.393500	-0.231632	0.456613	0.916742
535.0	342.0	-0.398914	0.350976	0.531335	0.892665
546.0	343.0	-0.425066	0.244839	0.490538	0.800832
655.0	344.0	-0.447409	0.693114	0.824974	0.955886
323.0	348.0	-0.393324	-0.230107	0.455690	0.916870
689.0	348.0	-0.493257	0.785240	0.927311	0.904164
231.0	350.0	-0.395073	-0.519820	0.652914	0.938460
745.0	350.0	-0.468320	0.882973	0.999482	0.848379
533.0	354.0	-0.261592	0.383008	0.463816	0.800088
750.0	354.0	-0.469431	0.908504	1.022617	0.701636
555.0	356.0	-0.421533	0.386521	0.571917	0.745166
150.0	359.0	-0.412060	-0.711192	0.821941	0.963610
519.0	357.0	-0.245299	0.268221	0.363475	0.692426
507.0	361.0	-0.460769	0.335610	0.570036	0.670866
508.0	366.0	-0.457175	0.335608	0.567135	0.670848
