472.0	32.0	0.454180	0.228424	0.508387	0.962742
59.0	33.0	0.503817	-0.914782	1.044345	0.857835
77.0	34.0	0.582429	-0.876392	1.052277	0.961993
281.0	38.0	0.419994	-0.282154	0.505970	0.858815
451.0	37.0	0.825611	0.165244	0.841985	0.786629
752.0	37.0	0.394607	0.965874	1.043373	0.705542
38.0	39.0	0.459467	-0.750810	0.880242	0.789234
96.0	40.0	0.488059	-0.615917	0.785847	0.788081
688.0	40.0	0.030749	0.889595	0.890126	0.955920
701.0	41.0	0.288644	0.885508	0.931365	0.798676
717.0	41.0	0.390856	0.905443	0.986203	0.784856
377.0	42.0	0.477923	-0.010195	0.478032	0.882024
390.0	45.0	0.425940	-0.032780	0.427199	0.893596
740.0	48.0	0.369605	0.995652	1.062040	0.853055
231.0	51.0	0.407411	-0.444922	0.603274	0.871866
423.0	51.0	0.363607	0.068971	0.370091	0.722508
756.0	50.0	0.545856	1.000720	1.139912	0.862726
376.0	52.0	0.461693	0.479896	0.665929	0.787537
310.0	54.0	0.416339	-0.234712	0.477941	0.960780
521.0	53.0	0.383227	1.211727	1.270884	0.837382
178.0	56.0	-7.499608	1.940429	7.746572	0.688458
750.0	59.0	0.331119	0.998430	1.051905	0.837262
126.0	60.0	0.425253	-0.739022	0.852639	0.964328
481.0	61.0	0.388068	0.246274	0.459616	0.744355
628.0	60.0	0.375706	0.664767	0.763590	0.940212
622.0	63.0	0.377677	0.683731	0.781106	0.932363
669.0	65.0	0.362240	0.768695	0.849771	0.953418
364.0	67.0	0.334393	-0.019596	0.334967	0.938987
470.0	66.0	0.461392	0.239790	0.519982	0.753260
57.0	68.0	0.418079	-0.938967	1.027837	0.728134
486.0	69.0	0.574695	0.221190	0.615792	0.780288
507.0	69.0	0.450198	0.378533	0.588188	0.868321
762.0	70.0	0.327012	1.011293	1.062850	0.984018
632.0	72.0	0.383098	0.596530	0.708952	0.837493
342.0	75.0	0.222916	-0.150525	0.268978	0.878074
374.0	76.0	0.375325	-0.074583	0.382664	0.896014
534.0	77.0	0.313312	0.377819	0.490827	0.907466
145.0	80.0	0.426201	-0.662683	0.787906	0.834004
390.0	79.0	-0.495023	-0.049691	0.497511	0.649298
541.0	83.0	0.311002	0.400700	0.507231	0.879153
614.0	86.0	0.246695	0.585971	0.635783	0.654665
643.0	88.0	0.333907	0.001403	0.333910	0.698116
576.0	92.0	0.194035	0.432194	0.473752	0.813016
335.0	92.0	0.003574	-0.359754	0.359772	0.735544
571.0	91.0	0.197445	0.364983	0.414966	0.840266
275.0	94.0	0.308330	-0.332243	0.453269	0.950294
600.0	97.0	-0.062147	0.624519	0.627604	0.808469
570.0	101.0	0.201155	0.477244	0.517905	0.767683
461.0	108.0	0.241113	0.176482	0.298800	0.985208
459.0	106.0	0.241101	0.192224	0.308350	0.986452
312.0	108.0	0.254654	-0.229154	0.342579	0.958998
759.0	109.0	0.201062	1.014516	1.034248	0.772357
218.0	109.0	0.229937	0.797638	0.830119	0.670041
637.0	113.0	0.102237	0.680545	0.688182	0.753750
69.0	115.0	0.278579	-0.910496	0.952160	0.918020
196.0	113.0	0.998657	-0.521827	1.126774	0.793604
359.0	116.0	0.247197	0.220665	0.331360	0.880443
46.0	123.0	0.267261	-0.992453	1.027809	0.830846
732.0	124.0	0.167025	0.930725	0.945593	0.934365
210.0	124.0	0.326591	-0.382819	0.503202	0.782630
400.0	125.0	0.158503	0.020100	0.159772	0.975987
167.0	128.0	0.230264	-0.679686	0.717631	0.846913
713.0	129.0	0.259907	0.584913	0.640059	0.903254
268.0	132.0	0.204624	-0.358070	0.412414	0.975633
516.0	131.0	0.180534	0.330753	0.376816	0.717148
366.0	133.0	0.218361	0.129158	0.253699	0.950864
102.0	133.0	0.211312	-0.967035	0.989853	0.836467
371.0	139.0	0.218013	0.023751	0.219303	0.961774
138.0	140.0	0.217998	-0.726460	0.758464	0.784761
742.0	143.0	0.108932	0.960544	0.966701	0.950150
291.0	144.0	0.171074	-0.320505	0.363304	0.676697
698.0	144.0	1.129709	0.680597	1.318884	0.755229
466.0	146.0	0.127661	0.218979	0.253474	0.869103
76.0	145.0	0.522792	-0.865669	1.011284	0.729245
89.0	146.0	0.142414	-0.859833	0.871547	0.745628
125.0	144.0	0.360402	-0.725541	0.810123	0.705839
185.0	146.0	0.441518	-0.591147	0.737829	0.881449
41.0	148.0	0.197766	-0.916384	0.937481	0.896820
298.0	146.0	0.123421	-0.333262	0.355381	0.668199
169.0	146.0	0.106550	-0.678076	0.686396	0.774800
108.0	148.0	0.132799	-0.897533	0.907304	0.699810
332.0	150.0	0.180527	-0.192222	0.263703	0.947168
640.0	149.0	-0.014577	0.596540	0.596718	0.873512
654.0	152.0	0.075501	0.684693	0.688843	0.843540
160.0	153.0	0.165583	-0.658281	0.678787	0.754174
221.0	153.0	0.020726	-0.482342	0.482787	0.854020
295.0	157.0	0.172663	-0.322227	0.365572	0.803040
576.0	158.0	0.078236	0.473559	0.479978	0.893090
235.0	158.0	0.152125	-0.480929	0.504416	0.827199
313.0	158.0	0.347835	-0.339548	0.486088	0.722543
638.0	164.0	0.070421	0.614745	0.618766	0.904443
226.0	164.0	0.127628	-0.485396	0.501894	0.825109
302.0	163.0	0.153509	-0.217286	0.266042	0.770553
567.0	165.0	0.081953	0.473639	0.480677	0.895192
521.0	167.0	0.073953	0.198686	0.212003	0.969820
394.0	169.0	0.105373	-0.000255	0.105373	0.847446
422.0	172.0	0.074819	0.061342	0.096751	0.996382
488.0	176.0	0.052710	0.244438	0.250057	0.980365
666.0	178.0	0.023716	0.787877	0.788234	0.955196
358.0	180.0	0.047465	-0.108547	0.118471	0.916943
112.0	182.0	0.089779	-0.939336	0.943617	0.866565
84.0	183.0	0.055002	-0.887609	0.889311	0.953407
524.0	182.0	0.064294	0.075183	0.098925	0.791720
456.0	183.0	-0.233777	0.378526	0.444897	0.833523
628.0	188.0	0.006488	0.635390	0.635423	0.979616
238.0	190.0	0.029825	-0.159573	0.162336	0.913990
71.0	192.0	0.147208	-0.888649	0.900759	0.952896
177.0	192.0	0.053887	-0.628886	0.631191	0.974043
295.0	196.0	0.029170	-0.294002	0.295446	0.987067
441.0	196.0	-0.092275	0.123356	0.154050	0.892445
450.0	198.0	0.007674	0.225016	0.225147	0.884418
312.0	201.0	-0.003360	-0.247050	0.247073	0.984241
226.0	204.0	-0.171333	-0.485119	0.514486	0.708424
602.0	209.0	-0.122266	0.532924	0.546769	0.934239
639.0	208.0	-0.075699	0.646076	0.650496	0.980934
157.0	210.0	-0.000690	-0.674910	0.674910	0.984799
365.0	212.0	-0.066041	0.278806	0.286521	0.748664
733.0	213.0	-0.078147	0.918968	0.922285	0.963604
211.0	216.0	-0.225953	-0.519086	0.566131	0.801975
623.0	215.0	-0.051945	0.624719	0.626875	0.915413
416.0	214.0	-0.192369	0.062404	0.202237	0.958452
333.0	217.0	-0.122678	-0.146628	0.191180	0.705114
575.0	216.0	-0.044127	0.463791	0.465885	0.828949
256.0	220.0	-0.042798	-0.411521	0.413740	0.881475
180.0	224.0	-0.046840	-0.707293	0.708843	0.810034
362.0	226.0	-0.068641	-0.084033	0.108504	0.780499
664.0	229.0	-0.183699	1.589391	1.599971	0.821337
528.0	232.0	-0.107069	0.352378	0.368285	0.969340
605.0	231.0	-0.115118	0.619730	0.630331	0.934683
77.0	237.0	-0.027959	-0.953019	0.953429	0.831585
210.0	237.0	-0.078334	-0.601432	0.606512	0.943550
181.0	237.0	0.077641	-0.592754	0.597817	0.826257
76.0	244.0	-0.019862	-0.885222	0.885444	0.811030
195.0	244.0	0.376014	-0.553082	0.668795	0.804004
669.0	244.0	-0.172947	0.942306	0.958045	0.809965
355.0	245.0	-0.123803	-0.129486	0.179148	0.993351
435.0	251.0	-0.145004	0.079020	0.165137	0.992929
517.0	250.0	-0.158723	0.340133	0.375344	0.980278
719.0	251.0	-0.187380	0.864288	0.884367	0.751885
278.0	253.0	-0.152458	-0.371355	0.401432	0.829867
387.0	254.0	-0.166642	-0.030266	0.169368	0.988173
298.0	258.0	-0.140151	-0.292287	0.324151	0.983898
334.0	259.0	-0.157748	-0.189910	0.246881	0.991140
415.0	263.0	-0.096847	0.028060	0.100830	0.970847
689.0	263.0	-0.208239	0.796224	0.823004	0.986045
442.0	268.0	-0.212651	0.020266	0.213615	0.976241
757.0	269.0	-0.243550	0.985349	1.015002	0.809290
257.0	275.0	-0.187336	-0.021169	0.188528	0.806840
478.0	276.0	-0.225260	0.171109	0.282879	0.740145
149.0	283.0	-0.203328	-0.705170	0.733899	0.771244
320.0	282.0	-0.217954	-0.225996	0.313971	0.965664
382.0	283.0	-0.268975	-0.058147	0.275189	0.897786
216.0	285.0	-0.313992	-0.513449	0.601848	0.807017
195.0	290.0	-0.165612	-0.591280	0.614036	0.793862
559.0	290.0	-0.277117	0.432290	0.513486	0.960944
649.0	291.0	-0.460086	0.728083	0.861269	0.721249
47.0	292.0	-0.268291	-0.867260	0.907811	0.866617
452.0	294.0	-0.270692	0.134724	0.302365	0.981871
156.0	294.0	-0.207418	-0.704045	0.733963	0.775257
589.0	301.0	-0.308728	0.500845	0.588353	0.821566
34.0	304.0	-0.417203	-0.907024	0.998374	0.874800
192.0	301.0	-0.226915	-0.580976	0.623717	0.751486
105.0	302.0	-0.521356	-0.843445	0.991571	0.929417
351.0	301.0	-0.280547	-0.147690	0.317047	0.730407
321.0	301.0	-0.281238	-0.215512	0.354316	0.922259
329.0	303.0	-0.282635	-0.198538	0.345398	0.931746
258.0	306.0	-0.276104	-0.408925	0.493410	0.919647
402.0	306.0	-0.394482	-0.070735	0.400774	0.817254
88.0	307.0	-0.270174	-0.880787	0.921292	0.987969
392.0	307.0	-0.319334	-0.033734	0.321111	0.838055
649.0	308.0	-0.292592	-0.725848	0.782601	0.812057
460.0	312.0	-0.320084	0.158783	0.357304	0.974940
673.0	312.0	-0.349501	0.789047	0.862987	0.954667
767.0	314.0	-0.380196	0.962520	1.034889	0.961856
192.0	314.0	-0.255547	-0.398594	0.473478	0.763473
289.0	323.0	-0.364211	-0.337860	0.496789	0.895546
378.0	323.0	0.182186	-0.660143	0.684821	0.869891
397.0	326.0	-0.353418	-0.048858	0.356779	0.834759
569.0	325.0	-0.336001	0.401726	0.523718	0.701030
331.0	331.0	-0.364654	-0.228311	0.430231	0.819166
232.0	332.0	-0.368678	-0.484798	0.609059	0.719038
659.0	334.0	-0.409439	0.702354	0.812983	0.963538
684.0	334.0	-0.410225	0.752899	0.857404	0.960746
719.0	336.0	-0.469232	0.875092	0.992957	0.853569
578.0	337.0	-0.402837	0.436077	0.593667	0.699501
493.0	340.0	-0.399793	0.170130	0.434487	0.909116
736.0	341.0	-0.428002	0.912224	1.007640	0.808940
342.0	341.0	-0.297033	-0.207448	0.362303	0.874862
415.0	342.0	-0.431940	0.018099	0.432319	0.957342
327.0	343.0	-0.392109	-0.206691	0.443250	0.824853
31.0	344.0	-0.362367	-1.046670	1.107623	0.958684
107.0	345.0	-0.365177	-0.833924	0.910376	0.976513
731.0	344.0	-0.459915	0.905194	1.015331	0.811966
569.0	347.0	-0.546038	0.452602	0.709229	0.794865
380.0	349.0	-0.466610	-0.072541	0.472215	0.922659
389.0	351.0	-0.423775	-0.061513	0.428216	0.887143
534.0	348.0	-0.423452	0.377405	0.567227	0.819139
273.0	351.0	-0.423205	-0.375236	0.565601	0.908820
553.0	352.0	-0.326678	0.408265	0.522876	0.806840
31.0	352.0	-0.362173	-1.047506	1.108350	0.960570
641.0	351.0	-0.460295	0.616549	0.769418	0.942824
193.0	358.0	-0.412689	-0.596248	0.725137	0.952701
301.0	360.0	-0.372241	-0.281405	0.466639	0.805082
675.0	361.0	-0.588849	0.699734	0.914533	0.709798
82.0	364.0	-0.416967	-0.905852	0.997211	0.973697
126.0	364.0	-0.427017	-0.797492	0.904620	0.964276
237.0	365.0	-0.383103	-0.471661	0.607645	0.804112
582.0	367.0	-0.672234	0.486617	0.829876	0.879275
115.0	368.0	-0.428524	-0.830181	0.934256	0.938714
149.0	368.0	-0.438868	-0.720579	0.843705	0.959668
31.0	369.0	-0.106527	-0.993985	0.999677	0.938218
