316.0	32.0	0.476104	-0.203128	0.517625	0.874418
266.0	33.0	0.469458	-0.392424	0.611872	0.932669
686.0	42.0	0.400536	0.818749	0.911471	0.797310
72.0	42.0	0.484133	-0.887707	1.011142	0.950732
183.0	43.0	0.464204	-0.579091	0.742181	0.944487
103.0	44.0	0.419578	-0.771844	0.878515	0.947232
445.0	46.0	0.422013	0.124023	0.439860	0.957903
643.0	46.0	0.654788	0.676905	0.941779	0.800241
117.0	48.0	0.455361	-0.756715	0.883160	0.891005
212.0	51.0	0.434358	-0.497919	0.660750	0.753112
769.0	51.0	0.358451	1.049644	1.109161	0.980617
617.0	54.0	0.378140	0.628820	0.733761	0.775256
335.0	54.0	0.417278	-0.161267	0.447356	0.768383
413.0	58.0	0.382913	0.056601	0.387074	0.927294
316.0	62.0	0.396038	-0.586347	0.707566	0.844457
421.0	61.0	0.382913	0.056601	0.387073	0.927289
459.0	62.0	0.391796	-0.238634	0.458748	0.916988
52.0	65.0	0.551040	-0.964552	1.110858	0.826574
411.0	65.0	0.382821	0.056601	0.386983	0.927301
256.0	65.0	-0.596363	-8.710497	8.730888	0.873962
734.0	69.0	0.317143	0.948564	1.000176	0.984657
45.0	70.0	0.548350	-1.045029	1.180158	0.787278
218.0	70.0	0.386339	-0.494722	0.627701	0.940053
591.0	70.0	0.325215	0.515354	0.609389	0.711615
81.0	73.0	0.399678	-0.868420	0.955979	0.973723
257.0	73.0	0.337553	-0.393039	0.518094	0.825261
514.0	77.0	0.310345	0.326894	0.450748	0.866516
459.0	85.0	0.309257	0.177478	0.356564	0.960521
594.0	84.0	0.328516	0.551417	0.641859	0.875447
52.0	85.0	-0.088762	-0.937947	0.942138	0.826331
394.0	87.0	0.294111	0.001304	0.294114	0.982234
667.0	86.0	0.498695	0.833531	0.971324	0.584121
33.0	91.0	0.316838	-0.944265	0.996003	0.847171
359.0	92.0	0.301918	-0.095732	0.316731	0.873381
318.0	94.0	0.315034	-0.130213	0.340884	0.859922
523.0	97.0	0.275362	0.355223	0.449453	0.968889
626.0	97.0	0.273281	0.759171	0.806860	0.966117
412.0	101.0	0.188863	0.045741	0.194324	0.678395
339.0	107.0	0.253564	-0.169273	0.304874	0.738409
477.0	109.0	0.400070	0.223804	0.458414	0.964611
210.0	108.0	0.295962	-0.498439	0.579685	0.931597
386.0	109.0	0.050547	-0.026428	0.057039	0.782522
443.0	113.0	0.228332	0.139965	0.267817	0.918835
83.0	115.0	0.277112	-0.873598	0.916496	0.975307
676.0	117.0	0.055950	1.258875	1.260118	0.811197
454.0	119.0	0.231136	-0.094154	0.249577	0.814376
39.0	122.0	0.266242	-1.005990	1.040625	0.898590
34.0	122.0	0.283680	-1.006607	1.045816	0.898185
713.0	125.0	0.160977	0.945468	0.959074	0.823838
303.0	131.0	0.362464	-0.199393	0.413688	0.896724
671.0	131.0	0.103867	0.773646	0.780587	0.948693
72.0	132.0	0.235069	-1.112562	1.137124	0.811351
166.0	134.0	0.210332	-0.639509	0.673210	0.950545
444.0	133.0	0.207397	0.056813	0.215038	0.676370
751.0	135.0	0.305210	0.978231	1.024738	0.633759
293.0	136.0	0.318970	-0.277204	0.422592	0.888462
656.0	138.0	0.348089	0.717390	0.797379	0.835645
641.0	139.0	1.046522	0.699629	1.258845	0.814268
716.0	141.0	0.130481	0.824096	0.834361	0.989365
237.0	146.0	0.170696	-0.442487	0.474270	0.967735
481.0	148.0	0.198819	0.218632	0.295514	0.794510
266.0	149.0	0.159564	-0.364551	0.397942	0.977109
171.0	153.0	0.159551	-0.624745	0.644797	0.848807
131.0	154.0	0.170772	-0.801326	0.819321	0.866835
373.0	155.0	0.121350	-0.073582	0.141916	0.769579
423.0	157.0	0.119659	0.206085	0.238305	0.732676
178.0	157.0	0.167827	-0.624034	0.646207	0.857048
607.0	159.0	0.087149	0.573555	0.580138	0.968165
655.0	157.0	0.182971	0.530074	0.560764	0.763849
341.0	165.0	0.099150	-0.158126	0.186640	0.845872
488.0	165.0	0.019508	0.090958	0.093027	0.839648
80.0	165.0	0.014046	-0.884778	0.884890	0.981456
715.0	173.0	0.012633	0.968577	0.968660	0.982348
596.0	176.0	0.042158	0.553284	0.554888	0.964449
272.0	177.0	0.066205	-0.364587	0.370549	0.744448
395.0	178.0	0.057999	0.013370	0.059520	0.994996
106.0	178.0	0.058431	-0.773649	0.775853	0.840166
49.0	181.0	0.111617	-0.970130	0.976530	0.971216
750.0	179.0	0.135344	0.981844	0.991129	0.810671
142.0	183.0	0.055680	-0.234421	0.240943	0.781194
75.0	183.0	0.080303	-0.871269	0.874962	0.995020
102.0	185.0	-0.024370	-0.812329	0.812695	0.969114
117.0	184.0	0.069332	-0.799669	0.802669	0.874146
688.0	186.0	-0.004595	0.837003	0.837015	0.978060
713.0	186.0	0.009664	0.883413	0.883466	0.978151
321.0	187.0	0.045156	-0.226067	0.230533	0.804096
466.0	187.0	0.026571	0.187847	0.189717	0.790613
106.0	187.0	0.047270	-0.813898	0.815269	0.891619
277.0	189.0	0.048667	-0.390870	0.393888	0.730674
521.0	192.0	0.007954	0.336178	0.336272	0.983114
658.0	192.0	-0.016142	0.679037	0.679229	0.858455
355.0	193.0	0.022225	-0.140139	0.141890	0.995756
147.0	198.0	0.046892	-0.711347	0.712891	0.813004
220.0	198.0	-0.009438	-0.395771	0.395883	0.877904
633.0	198.0	-0.030835	0.653308	0.654036	0.981948
560.0	203.0	-0.123427	0.449892	0.466516	0.884609
435.0	212.0	-0.118742	0.200886	0.233356	0.906577
204.0	214.0	-0.058277	-0.541805	0.544930	0.968746
41.0	213.0	0.109641	-0.698623	0.707174	0.733492
105.0	214.0	-0.048628	-0.809589	0.811048	0.983892
576.0	214.0	-0.660913	0.450524	0.799861	0.766913
688.0	219.0	-0.095343	0.798205	0.803879	0.892807
409.0	220.0	0.172348	-0.071968	0.186770	0.934514
328.0	223.0	-0.056026	-0.180976	0.189450	0.889250
309.0	226.0	-0.058843	-0.264443	0.270910	0.982305
388.0	226.0	-0.076588	-0.065812	0.100980	0.789984
761.0	228.0	-0.150012	0.984495	0.995858	0.994779
502.0	226.0	-0.082862	0.277012	0.289140	0.982430
268.0	231.0	-0.071744	-0.368397	0.375318	0.979236
429.0	233.0	-0.066278	0.140301	0.155168	0.769255
181.0	235.0	-0.060400	-0.606146	0.609148	0.782212
94.0	235.0	-0.561556	-1.053682	1.193981	0.872514
440.0	239.0	-0.076439	0.140166	0.159654	0.769209
645.0	239.0	-0.174010	0.623480	0.647307	0.824562
347.0	240.0	-0.090989	-0.157057	0.181510	0.853261
765.0	241.0	-0.147199	1.013226	1.023862	0.995047
318.0	243.0	-0.185488	-0.225758	0.292186	0.970604
535.0	247.0	-0.123855	0.350727	0.371954	0.755291
77.0	247.0	-0.091988	-0.904040	0.908708	0.854718
375.0	248.0	0.058165	-0.050741	0.077187	0.968466
196.0	250.0	-0.116523	-0.588268	0.599697	0.975177
692.0	249.0	-0.205405	1.567167	1.580571	0.828331
41.0	250.0	-0.159131	-1.098168	1.109638	0.769549
268.0	252.0	-0.221447	-0.363660	0.425778	0.696151
334.0	252.0	-0.279587	-0.175888	0.330311	0.877975
287.0	256.0	-0.137623	-0.315571	0.344275	0.743326
556.0	255.0	-0.167428	0.425928	0.457653	0.746582
667.0	256.0	-0.189318	0.631372	0.659145	0.762163
389.0	257.0	-0.134051	-0.011365	0.134532	0.944880
434.0	257.0	-0.178384	0.126760	0.218836	0.904020
694.0	257.0	-0.231909	0.803271	0.836078	0.828736
197.0	263.0	-0.133091	-0.569663	0.585004	0.860732
233.0	262.0	-0.147222	-0.501240	0.522413	0.685655
412.0	263.0	-0.170093	0.004186	0.170144	0.896551
713.0	262.0	-0.239560	0.875189	0.907383	0.602848
56.0	264.0	-0.060743	-0.983284	0.985158	0.815971
401.0	264.0	-0.172187	-0.023902	0.173838	0.949954
141.0	265.0	-0.349966	-0.660386	0.747387	0.851920
594.0	267.0	-0.203130	0.471548	0.513438	0.674177
692.0	265.0	-0.220001	0.902300	0.928734	0.867155
73.0	268.0	-0.061738	-0.986296	0.988226	0.796775
97.0	268.0	-0.059268	-0.847837	0.849906	0.756040
442.0	269.0	-0.169630	0.095775	0.194800	0.960644
486.0	270.0	-0.226429	0.247042	0.335112	0.980509
519.0	271.0	-0.175689	0.427154	0.461874	0.836508
61.0	273.0	-0.127593	-0.939776	0.948398	0.822241
534.0	273.0	-0.304439	0.436166	0.531905	0.798980
498.0	274.0	-0.213083	0.246530	0.325855	0.979909
68.0	279.0	-0.126426	-0.878083	0.887138	0.754348
384.0	280.0	-0.219855	-0.055170	0.226671	0.952728
682.0	282.0	-0.234720	0.817567	0.850594	0.975400
357.0	286.0	-0.235403	-0.129707	0.268772	0.872666
458.0	285.0	-0.268568	0.003292	0.268588	0.933976
705.0	283.0	-0.302834	0.876330	0.927180	0.907772
365.0	285.0	-0.235907	-0.129671	0.269196	0.872627
142.0	287.0	-0.218259	-0.722311	0.754566	0.825512
713.0	289.0	-0.303425	0.840480	0.893573	0.908588
497.0	292.0	-0.285778	0.169406	0.332216	0.796571
521.0	292.0	-0.275353	0.333398	0.432404	0.782659
702.0	296.0	-0.365303	0.834225	0.910702	0.809395
312.0	298.0	-0.260473	-0.270305	0.375381	0.863137
691.0	307.0	-0.131283	0.822543	0.832954	0.840692
74.0	309.0	-0.257004	-0.921200	0.956378	0.987893
289.0	314.0	-0.306438	-0.336974	0.455474	0.964444
438.0	313.0	-0.326683	-0.208789	0.387704	0.874151
240.0	314.0	-0.296317	-0.453532	0.541752	0.845403
705.0	315.0	-0.297552	0.826263	0.878207	0.772004
247.0	316.0	0.147934	-0.424982	0.449994	0.859363
281.0	317.0	-0.284652	-0.358581	0.457828	0.955022
471.0	315.0	-0.303603	0.121996	0.327197	0.570052
506.0	316.0	-0.337255	0.281018	0.438990	0.839360
357.0	318.0	-0.325425	-0.137995	0.353474	0.981222
262.0	323.0	-0.268705	-0.408170	0.488677	0.918562
625.0	323.0	-0.375321	0.581567	0.692161	0.806969
311.0	325.0	-0.244936	-0.181554	0.304886	0.690881
442.0	327.0	-0.443430	0.083911	0.451300	0.800368
579.0	331.0	-0.430908	0.484263	0.648222	0.931252
746.0	334.0	-0.418457	0.938880	1.027911	0.908408
53.0	336.0	-0.332585	-0.974748	1.029925	0.983698
382.0	337.0	-0.380268	-0.067691	0.386246	0.946197
619.0	335.0	-0.375399	0.615750	0.721160	0.806847
642.0	342.0	-0.441999	0.646182	0.782888	0.952559
405.0	346.0	-0.411631	-0.006972	0.411690	0.975168
149.0	349.0	-0.408193	-0.717831	0.825774	0.885294
315.0	354.0	-0.422180	-0.244321	0.487779	0.924103
322.0	355.0	-0.422380	-0.280654	0.507121	0.935567
753.0	358.0	-0.486144	0.960409	1.076440	0.879086
466.0	361.0	-0.426775	0.164355	0.457329	0.900791
505.0	362.0	-0.467342	-0.110285	0.480178	0.794014
97.0	364.0	-0.423924	-0.882617	0.979144	0.967381
288.0	365.0	-0.456708	-0.251350	0.521305	0.780019
613.0	368.0	-0.497089	0.571339	0.757315	0.876315
61.0	368.0	-0.421872	-0.964343	1.052584	0.899445
423.0	367.0	-0.604349	0.037190	0.605492	0.695251
231.0	367.0	-0.446126	-0.508218	0.676249	0.746104
