649.0	78.0	0.306067	0.713400	0.776284	0.970569
246.0	90.0	0.328146	-0.412619	0.527195	0.960222
445.0	110.0	0.245285	0.065792	0.253955	0.983720
63.0	117.0	0.273363	-0.924007	0.963595	0.987724
318.0	157.0	0.128226	-0.225294	0.259228	0.988194
451.0	158.0	0.109726	0.146716	0.183209	0.995128
576.0	180.0	0.030431	0.493308	0.494245	0.965064
421.0	185.0	0.038752	0.065181	0.075831	0.999158
750.0	186.0	-0.010722	0.975082	0.975141	0.999884
455.0	187.0	0.030235	0.154621	0.157550	0.996371
607.0	195.0	-0.017446	0.577093	0.577357	0.974287
222.0	246.0	-0.098003	-0.495381	0.504982	0.961466
596.0	248.0	-0.160821	0.540273	0.563700	0.966148
318.0	264.0	-0.171330	-0.236460	0.292005	0.987677
207.0	271.0	-0.174035	-0.544314	0.571459	0.965968
639.0	270.0	-0.228262	0.653540	0.692255	0.974282
181.0	287.0	-0.212385	-0.616364	0.651929	0.972436
457.0	296.0	-0.274898	0.146343	0.311424	0.985688
516.0	312.0	-0.329172	0.309362	0.451729	0.970782
701.0	318.0	-0.373938	0.825972	0.906675	0.972131
138.0	322.0	-0.302367	-0.743096	0.802258	0.977457
557.0	324.0	-0.348282	0.415067	0.541831	0.950799
212.0	325.0	-0.318148	-0.543819	0.630045	0.953720
315.0	326.0	-0.339214	-0.251244	0.422125	0.974286
242.0	357.0	-0.417934	-0.457421	0.619599	0.945392
77.0	357.0	-0.394160	-0.909084	0.990856	0.972900
577.0	362.0	-0.479136	0.471926	0.672522	0.936037
670.0	368.0	-0.507610	0.724730	0.884817	0.954639
