82.0	35.0	0.498184	-0.869300	1.001933	0.733508
670.0	39.0	0.416589	0.768633	0.874268	0.951250
213.0	40.0	0.481867	-0.624833	0.789057	0.926777
304.0	40.0	0.457425	-0.241773	0.517389	0.945764
505.0	41.0	0.443466	0.316370	0.544750	0.953838
630.0	42.0	0.409218	0.648481	0.766803	0.950742
79.0	42.0	0.498282	-0.858550	0.992670	0.733016
127.0	43.0	0.431489	-0.542983	0.693551	0.632471
619.0	46.0	0.392909	0.648469	0.758215	0.949414
100.0	47.0	0.475620	-0.843929	0.968726	0.960093
285.0	50.0	0.349436	-0.101580	0.363901	0.900238
599.0	52.0	0.576447	0.573231	0.812948	0.850588
452.0	54.0	0.386247	0.147660	0.413509	0.968158
135.0	56.0	0.431435	-0.633642	0.766576	0.702683
39.0	59.0	0.731732	-0.870311	1.137046	0.652476
91.0	63.0	0.477025	-1.031772	1.136708	0.716763
446.0	62.0	0.386227	0.159793	0.417977	0.962158
762.0	63.0	0.343166	1.029116	1.084823	0.968969
726.0	63.0	0.327076	0.935074	0.990627	0.820862
56.0	67.0	0.578307	-0.951410	1.113382	0.945770
487.0	67.0	0.358118	0.291612	0.461829	0.849997
650.0	67.0	0.379088	0.682982	0.781135	0.826776
296.0	69.0	0.374707	-0.225828	0.437497	0.852709
684.0	70.0	0.615776	0.809612	1.017178	0.746151
517.0	70.0	0.344141	0.337503	0.482018	0.935848
176.0	71.0	0.355639	-0.570196	0.672013	0.603790
374.0	74.0	0.112614	-0.058735	0.127010	0.909915
393.0	76.0	0.413704	0.019742	0.414175	0.867511
174.0	77.0	0.350232	-0.637555	0.727419	0.684614
286.0	77.0	0.359939	-0.283389	0.458111	0.824266
294.0	79.0	0.356921	-0.282786	0.455369	0.861362
438.0	80.0	0.331763	0.194920	0.384786	0.977602
133.0	80.0	0.356880	-0.716926	0.800841	0.955428
358.0	87.0	0.265708	-0.093269	0.281602	0.953728
86.0	89.0	0.340618	-0.846559	0.912514	0.900492
136.0	90.0	0.357160	-0.717094	0.801116	0.955446
248.0	90.0	0.329627	-0.408562	0.524954	0.955949
465.0	92.0	0.259624	0.087475	0.273965	0.940980
484.0	93.0	0.292389	0.086999	0.305058	0.882017
749.0	93.0	0.220468	1.044149	1.067171	0.962761
589.0	91.0	0.254104	0.533719	0.591122	0.939303
522.0	96.0	0.270034	0.394171	0.477796	0.800044
157.0	94.0	0.326151	-0.646739	0.724324	0.948750
427.0	101.0	0.272251	0.067632	0.280525	0.982659
682.0	107.0	0.220052	0.801781	0.831430	0.950673
761.0	107.0	0.227284	0.951810	0.978571	0.930516
359.0	107.0	0.682932	-0.101070	0.690370	0.851523
122.0	108.0	0.296073	-0.759295	0.814977	0.939277
577.0	112.0	0.045870	0.498523	0.500629	0.831077
394.0	113.0	0.218876	-0.003416	0.218903	0.983034
342.0	119.0	0.246610	-0.146385	0.286784	0.799810
287.0	122.0	0.231016	-0.304202	0.381978	0.978947
704.0	121.0	0.198845	0.879335	0.901537	0.986516
762.0	125.0	0.155888	1.026830	1.038596	0.889491
640.0	126.0	0.163802	0.672445	0.692108	0.965164
249.0	129.0	0.204026	-0.405954	0.454341	0.941904
37.0	136.0	0.254206	-1.006252	1.037865	0.703468
459.0	139.0	0.134569	0.174882	0.220664	0.987709
642.0	141.0	0.120767	0.648123	0.659278	0.970370
217.0	144.0	-0.024224	-0.469142	0.469767	0.937230
556.0	148.0	0.566308	0.837125	1.010685	0.820482
760.0	147.0	0.201348	1.023399	1.043018	0.942766
515.0	150.0	0.139693	0.309039	0.339145	0.810303
220.0	153.0	-0.024224	-0.469142	0.469767	0.937235
569.0	152.0	0.388622	0.631833	0.741782	0.893492
433.0	151.0	0.127383	0.142788	0.191350	0.991843
768.0	152.0	0.075141	1.037301	1.040019	0.946498
352.0	156.0	0.151508	-0.144914	0.209654	0.896784
165.0	158.0	0.300398	-0.560778	0.636169	0.756504
111.0	159.0	-0.139863	-0.795631	0.807831	0.761132
503.0	159.0	0.195566	0.299404	0.357615	0.794765
686.0	159.0	0.073626	0.800243	0.803623	0.993273
467.0	160.0	0.095181	0.155115	0.181989	0.849550
397.0	161.0	0.119821	-0.008314	0.120109	0.798026
453.0	164.0	0.018258	0.149658	0.150768	0.889317
282.0	166.0	0.083103	-0.333822	0.344011	0.835025
729.0	165.0	0.210744	0.921558	0.945347	0.815852
38.0	167.0	0.143282	-1.013331	1.023410	0.851649
424.0	171.0	0.083185	0.072084	0.110072	0.899754
630.0	171.0	0.066331	0.732302	0.735300	0.922419
653.0	172.0	0.019230	0.687086	0.687355	0.978584
449.0	175.0	0.038641	0.151815	0.156655	0.903622
301.0	175.0	-0.698292	-0.301317	0.760528	0.810272
161.0	177.0	0.046460	0.358667	0.361663	0.941639
284.0	178.0	0.069204	-0.292189	0.300272	0.873488
77.0	182.0	0.083017	-0.844885	0.848954	0.975086
428.0	180.0	3.422620	9.473670	10.072971	0.924200
632.0	184.0	0.107500	0.702913	0.711085	0.828852
87.0	188.0	0.085546	-0.879983	0.884131	0.990043
539.0	185.0	-0.000802	0.627791	0.627792	0.650049
378.0	190.0	0.005762	-0.027091	0.027696	0.923384
451.0	192.0	0.018577	0.239042	0.239763	0.977225
679.0	191.0	-0.005141	0.726024	0.726042	0.976444
211.0	191.0	-0.114244	-0.554421	0.566069	0.840323
731.0	193.0	-0.028578	0.966124	0.966547	0.934224
131.0	199.0	0.039350	-0.903490	0.904346	0.962935
370.0	203.0	-0.075528	0.025327	0.079661	0.748279
732.0	203.0	-0.031454	0.919653	0.920191	0.941475
481.0	207.0	-0.031932	0.205070	0.207541	0.990425
90.0	208.0	0.021047	-0.863899	0.864156	0.995639
241.0	209.0	-0.137193	-0.442412	0.463196	0.912387
326.0	210.0	-0.028007	-0.204284	0.206195	0.966716
623.0	212.0	-3.383457	8.143295	8.818222	0.644668
368.0	216.0	-0.011801	-0.088728	0.089509	0.691282
433.0	215.0	-0.058330	0.103926	0.119176	0.857628
766.0	217.0	-0.096515	1.014946	1.019525	0.792725
586.0	218.0	-0.076117	0.517835	0.523400	0.965877
70.0	218.0	-0.039226	-0.918819	0.919656	0.971888
321.0	221.0	-0.274240	-0.228970	0.357260	0.934268
442.0	221.0	0.112913	0.109100	0.157009	0.912440
556.0	227.0	-0.101832	0.424974	0.437004	0.893807
305.0	228.0	-0.090842	-0.266685	0.281732	0.891036
371.0	227.0	-0.041990	-0.092369	0.101466	0.759759
539.0	237.0	-0.151079	0.383921	0.412577	0.840999
768.0	237.0	-0.145535	1.047889	1.057947	0.817903
448.0	241.0	-0.118219	0.131677	0.176960	0.995506
691.0	247.0	-0.175255	0.800763	0.819717	0.887241
349.0	247.0	-0.102117	-0.288710	0.306237	0.642385
131.0	248.0	-0.114064	-0.769733	0.778138	0.908071
726.0	247.0	-0.149079	0.862158	0.874951	0.791136
92.0	250.0	-0.311456	-0.994527	1.042156	0.738169
578.0	251.0	-0.109647	0.460520	0.473393	0.868275
274.0	252.0	-0.131349	-0.310428	0.337072	0.683766
548.0	254.0	-0.068983	0.435760	0.441187	0.766791
171.0	253.0	0.008062	-0.633354	0.633405	0.938061
187.0	256.0	0.409184	-0.588066	0.716417	0.860175
761.0	254.0	-0.116727	0.833643	0.841775	0.871248
119.0	256.0	-0.184988	-0.015643	0.185648	0.689564
481.0	257.0	-0.167210	0.217449	0.274305	0.988238
501.0	258.0	-0.209322	0.272837	0.343883	0.771523
374.0	258.0	-0.166472	-0.060733	0.177204	0.724120
214.0	265.0	-0.160483	-0.536644	0.560126	0.922912
669.0	265.0	-0.222249	0.681307	0.716641	0.887632
202.0	268.0	-0.156976	-0.553453	0.575284	0.914991
104.0	271.0	-0.248050	-0.926509	0.959139	0.834862
264.0	270.0	-0.178610	-0.325371	0.371171	0.738503
135.0	273.0	0.057694	-0.720628	0.722934	0.880747
98.0	272.0	-0.161287	-0.980433	0.993611	0.807401
477.0	279.0	-0.219778	0.193533	0.292844	0.891515
711.0	279.0	2.886032	-7.309659	7.858772	0.941708
657.0	282.0	-0.291663	0.699092	0.757494	0.964472
60.0	283.0	-0.497243	-0.940464	1.063825	0.783191
424.0	282.0	-0.270850	0.140896	0.305305	0.972328
708.0	287.0	-0.320449	0.882013	0.938421	0.887767
348.0	286.0	-0.189627	-0.143015	0.237512	0.788641
459.0	287.0	-0.251441	0.196558	0.319151	0.962217
516.0	290.0	-0.360665	0.319666	0.481939	0.941020
44.0	292.0	-0.438913	-1.005826	1.097419	0.848071
604.0	291.0	-0.275107	0.558419	0.622507	0.908816
668.0	294.0	-0.290948	0.719060	0.775692	0.967015
748.0	296.0	-0.312530	0.976718	1.025502	0.928381
582.0	297.0	-0.310747	0.466314	0.560368	0.862220
39.0	299.0	-0.211640	-1.003569	1.025642	0.952843
439.0	300.0	-0.285216	0.086753	0.298118	0.986343
701.0	301.0	-0.328323	0.809296	0.873359	0.934051
156.0	302.0	-0.254387	-0.689822	0.735232	0.726038
569.0	304.0	-0.394363	0.465875	0.610378	0.912858
115.0	308.0	-0.129175	-0.807137	0.817408	0.956436
270.0	311.0	-0.273441	-0.433518	0.512550	0.882255
633.0	311.0	-0.344643	0.636524	0.723838	0.796663
492.0	313.0	-0.328324	0.241919	0.407825	0.976089
450.0	317.0	-0.353039	0.098618	0.366555	0.797007
671.0	320.0	-0.373071	0.719221	0.810223	0.738491
374.0	321.0	-0.333579	-0.087131	0.344770	0.943899
445.0	326.0	-0.354620	0.113318	0.372285	0.791812
261.0	326.0	-0.308036	-0.617127	0.689733	0.761247
406.0	326.0	-0.347248	-0.036833	0.349196	0.982125
150.0	331.0	-0.254650	-0.711946	0.756118	0.767779
303.0	331.0	-0.443625	-0.268922	0.518770	0.959108
639.0	332.0	-0.268802	0.649522	0.702946	0.719571
391.0	333.0	-0.215825	-0.039098	0.219338	0.970548
524.0	335.0	-0.393498	0.331366	0.514436	0.962256
603.0	335.0	-0.368787	0.596818	0.701566	0.917056
736.0	334.0	-0.422984	0.919034	1.011701	0.972484
202.0	340.0	-0.355150	-0.571122	0.672542	0.841033
414.0	342.0	-0.363760	-0.529100	0.642081	0.801621
482.0	343.0	-0.408773	0.205648	0.457587	0.968908
665.0	347.0	-0.424276	0.707520	0.824981	0.747322
208.0	349.0	-0.355086	-0.572996	0.674100	0.844933
537.0	353.0	-0.402331	0.257641	0.477755	0.777840
593.0	360.0	-0.472397	0.502008	0.689327	0.756276
410.0	365.0	-0.466488	0.014231	0.466705	0.968107
484.0	366.0	-0.476900	0.216525	0.523752	0.957837
697.0	367.0	-0.596142	0.804597	1.001380	0.942598
718.0	366.0	-0.610612	0.871199	1.063877	0.704764
