476.0	39.0	0.437387	0.232399	0.495294	0.964689
237.0	46.0	0.449460	-0.431321	0.622938	0.945081
163.0	51.0	0.446811	-0.638090	0.778973	0.953122
659.0	67.0	0.339377	0.744498	0.818202	0.972362
762.0	79.0	0.282962	1.025521	1.063842	0.988283
435.0	90.0	0.296226	0.117266	0.318593	0.985233
458.0	110.0	0.238946	0.182099	0.300426	0.868262
464.0	118.0	0.238612	0.182043	0.300126	0.874741
696.0	129.0	0.158059	0.833602	0.848454	0.790297
362.0	129.0	0.205538	-0.097064	0.227305	0.991994
323.0	140.0	0.174643	-0.206771	0.270656	0.980424
543.0	143.0	0.140559	0.407447	0.431010	0.973256
44.0	162.0	0.157280	-0.993163	1.005539	0.924181
509.0	172.0	0.058151	0.311515	0.316896	0.985528
703.0	174.0	0.029239	0.836128	0.836639	0.994470
262.0	189.0	0.099884	-0.383115	0.395921	0.915910
311.0	243.0	-0.109199	-0.256733	0.278991	0.988672
218.0	274.0	-0.215408	0.527949	0.570203	0.817012
55.0	278.0	-0.174225	-0.970992	0.986498	0.995317
222.0	290.0	-0.227627	-0.304710	0.380345	0.910304
125.0	301.0	-0.248039	-0.800283	0.837840	0.977347
273.0	307.0	-0.284188	-0.366344	0.463649	0.968913
218.0	309.0	-0.281162	-0.513658	0.585574	0.955160
541.0	317.0	-0.349240	0.377362	0.514170	0.960463
515.0	335.0	-0.397873	0.303499	0.500415	0.963207
129.0	344.0	-0.377250	-0.767330	0.855052	0.970465
