566.0	32.0	0.629209	0.473594	0.787524	0.904011
37.0	34.0	0.477047	-1.021178	1.127110	0.879996
636.0	34.0	0.415508	0.654655	0.775384	0.917284
202.0	35.0	0.481998	-0.529054	0.715696	0.928293
46.0	37.0	0.504006	-1.069049	1.181900	0.727726
661.0	37.0	0.430134	0.740649	0.856491	0.952787
370.0	42.0	0.419898	-0.066172	0.425080	0.965506
460.0	42.0	0.433584	0.190289	0.473503	0.966519
485.0	41.0	0.418158	0.251363	0.487893	0.861785
622.0	42.0	0.320868	0.647358	0.722515	0.887756
430.0	43.0	0.429936	0.119049	0.446114	0.896066
592.0	41.0	0.427405	-0.015299	0.427679	0.738839
167.0	51.0	0.232463	-0.605794	0.648865	0.920422
242.0	50.0	0.437012	-0.432229	0.614655	0.605841
307.0	54.0	0.417821	-0.237131	0.480422	0.966994
662.0	53.0	0.363570	0.691314	0.781088	0.856300
87.0	56.0	0.449470	-1.079233	1.169088	0.772347
419.0	63.0	0.377617	0.079130	0.385819	0.976168
658.0	61.0	0.323613	0.714734	0.784583	0.876794
769.0	63.0	0.326688	1.043177	1.093134	0.894419
348.0	67.0	0.375255	-0.125829	0.395789	0.977415
650.0	69.0	0.328585	0.781098	0.847398	0.897213
234.0	68.0	0.387931	-0.384562	0.546240	0.927960
366.0	73.0	0.364755	-0.132583	0.388103	0.873809
610.0	74.0	0.322590	0.605731	0.686276	0.738343
106.0	75.0	0.263652	-0.723255	0.769812	0.644710
147.0	79.0	0.386164	-0.679645	0.781690	0.962655
467.0	82.0	0.324238	0.210195	0.386410	0.933972
569.0	85.0	0.294375	0.475645	0.559370	0.881758
97.0	88.0	0.355420	-0.788024	0.864468	0.649375
531.0	92.0	0.346632	0.348694	0.491672	0.844420
250.0	92.0	0.352229	-0.404049	0.536023	0.949031
126.0	93.0	0.299132	-0.826678	0.879134	0.744223
627.0	95.0	0.327252	0.632774	0.712388	0.912759
216.0	97.0	0.307670	-0.496477	0.584081	0.789677
738.0	97.0	0.241591	0.958639	0.988612	0.953831
717.0	98.0	0.240605	0.895554	0.927312	0.972525
141.0	99.0	0.240552	-0.736774	0.775049	0.893005
374.0	102.0	0.419977	0.020519	0.420478	0.884022
285.0	103.0	0.284100	-0.307654	0.418765	0.973488
469.0	106.0	0.024246	0.209578	0.210976	0.812341
119.0	106.0	0.334308	-0.765930	0.835710	0.736827
514.0	105.0	0.920549	0.307684	0.970608	0.875814
388.0	107.0	0.278684	-0.051412	0.283387	0.910483
482.0	107.0	0.251056	0.210169	0.327414	0.785010
380.0	110.0	0.257453	-0.049291	0.262129	0.908727
692.0	110.0	0.200940	0.836971	0.860754	0.952546
698.0	114.0	0.200985	0.835016	0.858863	0.952516
217.0	118.0	0.267141	-0.682541	0.732957	0.885117
662.0	118.0	0.189946	0.743618	0.767494	0.984925
738.0	120.0	0.159117	0.972789	0.985716	0.733764
75.0	122.0	0.274250	-0.944997	0.983988	0.888497
185.0	123.0	0.203382	-0.647664	0.678847	0.794935
748.0	123.0	0.167378	0.972755	0.987050	0.733805
93.0	125.0	0.303408	-0.989020	1.034513	0.893134
522.0	124.0	0.202141	0.374409	0.425491	0.952987
414.0	124.0	0.151159	0.087933	0.174875	0.983836
540.0	125.0	0.229035	0.409084	0.468836	0.951109
235.0	125.0	0.021020	-0.460234	0.460713	0.942199
597.0	131.0	0.165418	0.557397	0.581425	0.967214
683.0	131.0	0.306430	0.602506	0.675954	0.867785
354.0	135.0	-0.002745	-0.117922	0.117953	0.865751
197.0	135.0	0.231274	-0.581051	0.625387	0.741470
396.0	139.0	0.189962	0.001266	0.189966	0.993764
111.0	142.0	0.147132	-1.245346	1.254008	0.735982
533.0	144.0	0.139555	0.374283	0.399454	0.958059
87.0	149.0	0.174557	-0.882012	0.899119	0.610245
679.0	148.0	0.127787	0.236114	0.268476	0.880932
463.0	151.0	0.167380	0.069599	0.181273	0.899731
743.0	155.0	0.061232	0.893381	0.895477	0.978007
470.0	159.0	0.116879	0.191707	0.224527	0.943674
640.0	158.0	0.156183	0.608885	0.628597	0.739517
205.0	160.0	0.139411	-0.500027	0.519097	0.955016
405.0	160.0	0.086128	0.002774	0.086173	0.947700
145.0	162.0	0.148114	-0.955477	0.966889	0.840116
318.0	165.0	0.124536	-0.192723	0.229459	0.961359
370.0	163.0	0.076485	-0.175672	0.191600	0.885808
449.0	164.0	0.426339	0.166765	0.457794	0.841861
245.0	167.0	-0.055588	-0.569449	0.572155	0.839260
732.0	167.0	0.058470	0.945487	0.947293	0.977749
300.0	169.0	0.100474	-0.273676	0.291536	0.986785
398.0	171.0	0.086127	0.004700	0.086255	0.936269
604.0	171.0	0.053023	0.571578	0.574032	0.973230
626.0	170.0	0.463937	0.658721	0.805699	0.726563
362.0	174.0	0.033672	-0.075128	0.082329	0.851466
52.0	175.0	0.089796	-0.965291	0.969459	0.908615
189.0	178.0	0.371804	-0.440470	0.576413	0.958186
378.0	177.0	-0.378204	-0.064094	0.383596	0.859127
429.0	177.0	0.050722	0.104095	0.115795	0.972658
689.0	183.0	0.104219	1.128830	1.133631	0.863063
357.0	190.0	0.049023	-0.237575	0.242580	0.870857
665.0	189.0	-0.009168	0.756165	0.756220	0.757022
308.0	191.0	0.034684	-0.256399	0.258734	0.989182
492.0	190.0	0.006487	0.267787	0.267866	0.745243
429.0	194.0	-0.121476	0.255237	0.282671	0.906683
473.0	201.0	-0.018152	0.231976	0.232685	0.949106
733.0	199.0	-0.047129	0.913130	0.914345	0.993696
191.0	206.0	0.010386	-0.586367	0.586459	0.964394
444.0	205.0	-0.035933	0.086713	0.093863	0.926450
327.0	206.0	0.004242	-0.212213	0.212255	0.971592
43.0	209.0	0.042944	-0.990727	0.991657	0.987860
629.0	213.0	-0.084046	0.612120	0.617863	0.974103
432.0	216.0	-0.068677	0.094278	0.116640	0.860985
223.0	217.0	-0.117920	-0.506960	0.520493	0.935422
146.0	216.0	0.004839	-0.738497	0.738513	0.984760
766.0	219.0	0.705302	1.333390	1.508436	0.828403
761.0	221.0	0.682573	1.285475	1.455456	0.808277
554.0	225.0	-0.052071	0.437102	0.440192	0.831101
635.0	225.0	-0.099022	0.808437	0.814479	0.970084
256.0	226.0	-0.057301	-0.399001	0.403094	0.973032
465.0	227.0	-0.102870	0.175694	0.203594	0.876713
392.0	227.0	0.802414	0.784866	1.122445	0.831704
35.0	235.0	-0.057208	-1.019116	1.020721	0.979709
694.0	233.0	-0.105082	0.828250	0.834889	0.969511
747.0	234.0	-0.314254	0.980633	1.029756	0.944271
464.0	236.0	-0.102719	0.175632	0.203465	0.876859
587.0	238.0	-0.147855	0.422717	0.447829	0.817980
646.0	239.0	-0.131162	0.686159	0.698583	0.959047
104.0	240.0	-0.072819	-0.900769	0.903707	0.972694
576.0	241.0	-0.156082	0.507325	0.530792	0.796713
147.0	242.0	-0.097993	-0.693670	0.700558	0.878068
584.0	251.0	-0.155487	0.507188	0.530487	0.799998
720.0	252.0	-0.190904	0.881340	0.901779	0.992705
158.0	254.0	-0.100877	-0.694356	0.701646	0.931455
342.0	258.0	-0.164966	-0.296095	0.338948	0.846644
364.0	261.0	-0.164449	-0.106854	0.196115	0.817616
51.0	262.0	-0.123099	-0.808045	0.817368	0.862085
682.0	265.0	-0.229633	0.776526	0.809768	0.841327
539.0	272.0	-0.138163	0.377612	0.402095	0.957803
83.0	275.0	-0.099182	-0.979739	0.984746	0.834624
334.0	277.0	-0.208982	-0.187368	0.280678	0.988336
425.0	277.0	-0.213901	0.059221	0.221948	0.696988
485.0	278.0	-0.231578	0.231882	0.327716	0.965513
262.0	279.0	-0.237983	-0.406688	0.471202	0.806242
70.0	282.0	-0.279992	-0.896767	0.939460	0.915536
311.0	282.0	-0.209599	-0.258160	0.332533	0.723554
522.0	284.0	-0.192799	0.343460	0.393874	0.854505
378.0	291.0	-0.250670	-0.105267	0.271876	0.965198
741.0	292.0	0.647254	2.294862	2.384392	0.740051
567.0	291.0	-0.288609	0.449373	0.534071	0.912593
78.0	295.0	-0.208112	-0.916987	0.940306	0.950730
124.0	295.0	-0.255545	-0.787244	0.827681	0.888016
704.0	299.0	-0.318213	0.812238	0.872347	0.955622
693.0	300.0	-0.318608	0.790787	0.852557	0.952960
433.0	300.0	-0.278245	-0.217530	0.353185	0.833894
60.0	302.0	-0.244172	-0.956522	0.987195	0.991202
120.0	305.0	-0.255989	-0.832433	0.870904	0.800494
558.0	300.0	-0.189963	0.458831	0.496600	0.863253
664.0	303.0	-0.322916	0.643851	0.720290	0.840073
30.0	307.0	-0.246733	-1.043582	1.072353	0.907249
403.0	307.0	-0.303401	0.142084	0.335023	0.951534
530.0	308.0	-0.322464	0.410793	0.522239	0.939795
570.0	308.0	-0.334467	0.448204	0.559245	0.759942
222.0	311.0	-0.290626	-0.732670	0.788206	0.836071
574.0	313.0	-0.271767	0.461919	0.535935	0.767716
608.0	316.0	-0.356655	0.563968	0.667280	0.801906
690.0	316.0	-0.326027	-0.045459	0.329181	0.739206
85.0	320.0	-0.300586	-1.125982	1.165413	0.839190
200.0	320.0	-0.304972	-0.571731	0.647984	0.959684
656.0	321.0	-0.357610	0.683112	0.771056	0.774214
418.0	323.0	-0.475444	-0.261727	0.542723	0.727423
690.0	325.0	-0.392476	0.761498	0.856690	0.928236
251.0	326.0	-0.340559	-0.448280	0.562970	0.944822
408.0	328.0	-0.357875	0.011830	0.358070	0.802022
641.0	329.0	0.038247	0.651030	0.652152	0.887487
732.0	330.0	-0.410833	0.909216	0.997727	0.974495
448.0	331.0	-0.284041	0.178543	0.335495	0.879122
472.0	332.0	-0.385638	0.289986	0.482502	0.880164
760.0	334.0	-0.423831	0.994897	1.081413	0.823545
78.0	333.0	-0.299861	-0.936468	0.983305	0.741247
552.0	335.0	-5.859809	4.835954	7.597619	0.762126
484.0	339.0	-0.373891	0.253778	0.451882	0.802605
315.0	340.0	-0.376498	-0.253153	0.453693	0.917866
683.0	343.0	-0.440899	0.867698	0.973289	0.939137
62.0	348.0	-0.333967	-0.955255	1.011952	0.683887
460.0	348.0	-0.420980	0.154591	0.448467	0.871399
336.0	349.0	-0.366616	-0.197910	0.416624	0.940027
760.0	352.0	-0.474213	0.987075	1.095078	0.690350
175.0	354.0	-0.404262	-0.543701	0.677524	0.937765
229.0	356.0	-0.417958	-0.536350	0.679971	0.879776
614.0	354.0	-0.478953	0.592282	0.761704	0.935919
105.0	361.0	-0.256755	-0.845873	0.883982	0.918385
39.0	365.0	-0.351994	-1.011647	1.071134	0.726713
591.0	363.0	-0.510994	0.505186	0.718560	0.921532
380.0	365.0	-0.320012	-0.020931	0.320696	0.818739
181.0	369.0	-0.438545	-0.587759	0.733336	0.942928
214.0	369.0	-0.279431	-0.535437	0.603965	0.932607
