476.0	39.0	0.440168	0.240040	0.501365	0.961049
237.0	46.0	0.444980	-0.431643	0.619938	0.945420
163.0	51.0	0.449983	-0.642569	0.784462	0.952161
539.0	66.0	0.368617	0.405418	0.547943	0.956156
762.0	79.0	0.282642	1.021650	1.060026	0.988387
458.0	110.0	0.241326	0.177433	0.299534	0.830372
570.0	122.0	0.192048	0.479576	0.516600	0.961155
48.0	155.0	0.154171	-0.983164	0.995178	0.875729
44.0	162.0	0.155013	-0.983199	0.995344	0.875709
509.0	173.0	0.061375	0.307255	0.313325	0.985737
262.0	189.0	0.046847	-0.381905	0.384767	0.974587
597.0	258.0	-0.296843	0.528593	0.606239	0.941583
154.0	265.0	-0.150056	-0.687579	0.703763	0.982277
81.0	267.0	-0.143441	-0.890052	0.901536	0.995229
218.0	274.0	-0.185542	-0.604780	0.632601	0.959162
55.0	278.0	-0.171588	-0.968752	0.983831	0.995606
767.0	282.0	-0.270918	1.007756	1.043537	0.988951
222.0	290.0	-0.200733	-0.894655	0.916898	0.868315
273.0	307.0	-0.278921	-0.368992	0.462549	0.969399
218.0	309.0	-0.280166	-0.514401	0.585749	0.954621
768.0	313.0	-0.372682	1.010144	1.076700	0.979404
52.0	330.0	-0.318596	-0.979610	1.030116	0.980322
461.0	331.0	-0.342234	0.145452	0.371861	0.977177
129.0	344.0	-0.363467	-0.771806	0.853108	0.973612
438.0	347.0	-0.347120	0.082329	0.356750	0.966049
