49.0	33.0	0.509334	-0.951243	1.079020	0.862124
350.0	32.0	0.469052	-0.135529	0.488240	0.941880
545.0	33.0	0.517682	0.424633	0.669558	0.862418
246.0	34.0	-3.209421	8.473141	9.060601	0.838013
538.0	36.0	0.447487	0.438642	0.626619	0.920033
198.0	37.0	0.479845	-0.537779	0.720733	0.769017
30.0	38.0	0.416454	-1.006898	1.089622	0.735735
44.0	39.0	0.498784	-0.976397	1.096420	0.900269
666.0	40.0	0.399722	0.759956	0.858668	0.947495
175.0	40.0	0.469898	-0.619117	0.777245	0.921963
453.0	39.0	0.434196	0.187129	0.472804	0.961117
734.0	42.0	0.350072	0.929576	0.993308	0.767732
243.0	43.0	-3.052321	8.242955	8.789936	0.956940
724.0	42.0	0.397683	0.876598	0.962589	0.811110
122.0	46.0	0.462378	-0.978782	1.082501	0.892576
427.0	46.0	0.425261	0.095755	0.435909	0.972769
84.0	47.0	0.462140	-0.853656	0.970722	0.957530
591.0	55.0	0.394651	0.522150	0.654515	0.812500
710.0	56.0	0.410727	0.902484	0.991551	0.804621
101.0	59.0	-0.051854	-0.934849	0.936286	0.865159
347.0	59.0	0.394490	-0.125798	0.414062	0.788454
152.0	62.0	0.420836	-0.666104	0.787907	0.958550
633.0	65.0	0.304032	0.676923	0.742065	0.933832
172.0	64.0	0.381222	-0.608083	0.717701	0.950358
645.0	65.0	0.346417	0.675687	0.759314	0.941212
287.0	69.0	0.294805	-0.321586	0.436266	0.572612
378.0	72.0	0.400946	-0.068530	0.406760	0.930655
535.0	75.0	0.328132	0.392289	0.511431	0.962523
398.0	79.0	0.412669	-0.041792	0.414780	0.787177
264.0	80.0	0.144485	-0.360987	0.388829	0.782391
710.0	78.0	0.397026	1.290600	1.350288	0.822838
355.0	81.0	0.337510	-0.108295	0.354459	0.913998
736.0	84.0	0.261720	0.930045	0.966168	0.958916
308.0	85.0	0.331000	-0.300129	0.446809	0.873596
612.0	84.0	0.289504	0.618357	0.682773	0.893284
80.0	86.0	0.357819	-0.762766	0.842524	0.799611
277.0	85.0	0.340576	-0.317952	0.465925	0.702067
489.0	92.0	0.273635	0.203380	0.340939	0.955029
462.0	94.0	0.337099	0.190558	0.387231	0.965831
674.0	94.0	-0.238087	0.764199	0.800429	0.919289
106.0	94.0	0.325233	-0.792701	0.856827	0.977285
732.0	97.0	0.214082	1.037127	1.058992	0.857957
246.0	97.0	0.868919	-0.371048	0.944826	0.822529
37.0	106.0	0.370862	-0.993926	1.060861	0.899491
319.0	101.0	0.328651	-0.728218	0.798944	0.820381
478.0	102.0	0.294616	0.238668	0.379158	0.971220
657.0	102.0	0.217317	0.723556	0.755486	0.813286
621.0	105.0	0.331317	0.589122	0.675896	0.717878
413.0	106.0	0.259208	0.050711	0.264122	0.971297
135.0	107.0	0.284441	-0.758633	0.810204	0.931781
260.0	109.0	0.428935	-0.435443	0.611225	0.755179
58.0	110.0	0.310709	-0.891973	0.944540	0.971504
552.0	111.0	0.320749	0.433537	0.539290	0.762058
210.0	112.0	0.299579	-0.421848	0.517401	0.826918
658.0	114.0	0.224777	0.731002	0.764780	0.813293
366.0	116.0	0.223406	-0.083445	0.238481	0.893912
444.0	119.0	0.218608	0.138681	0.258886	0.777386
631.0	117.0	0.232914	0.628336	0.670116	0.663191
97.0	122.0	0.258918	-0.826063	0.865689	0.864148
367.0	124.0	0.223506	-0.085945	0.239461	0.875950
239.0	127.0	0.223516	-0.436468	0.490371	0.872278
288.0	131.0	0.203135	-0.336699	0.393230	0.862025
769.0	134.0	0.132461	1.037626	1.046047	0.990935
555.0	134.0	0.303794	0.432050	0.528165	0.847592
154.0	133.0	0.192136	-0.673558	0.700426	0.974620
275.0	135.0	0.096583	-0.337788	0.351324	0.872623
650.0	134.0	0.148170	0.708756	0.724078	0.982739
570.0	142.0	0.026212	0.486662	0.487367	0.852997
488.0	142.0	0.129913	0.263286	0.293593	0.974435
108.0	144.0	0.153610	-0.801853	0.816434	0.917253
609.0	147.0	0.126332	0.610519	0.623453	0.973351
44.0	154.0	0.178219	-0.989272	1.005197	0.994935
86.0	155.0	0.220935	-0.868910	0.896558	0.850587
769.0	158.0	0.063491	1.035550	1.037494	0.841064
659.0	160.0	0.258894	0.879960	0.917254	0.872970
267.0	159.0	0.118885	-0.366403	0.385207	0.968143
490.0	161.0	0.102518	0.274530	0.293047	0.984612
319.0	162.0	-0.001448	-0.219190	0.219195	0.897584
215.0	162.0	0.116031	-0.495795	0.509192	0.877656
359.0	168.0	0.092026	-0.107378	0.141417	0.997082
663.0	167.0	0.167099	0.881071	0.896777	0.869325
176.0	171.0	0.112465	-0.619053	0.629186	0.977065
247.0	177.0	0.085451	-0.424574	0.433088	0.970583
493.0	180.0	0.062774	0.262210	0.269619	0.989211
156.0	181.0	0.044213	-0.691863	0.693274	0.967053
476.0	182.0	0.036268	0.208801	0.211927	0.783049
84.0	182.0	0.090726	-0.870854	0.875567	0.923637
423.0	182.0	0.060269	0.138140	0.150715	0.987768
720.0	183.0	0.005216	0.864567	0.864583	0.992279
685.0	188.0	-0.007857	0.631435	0.631484	0.940776
533.0	187.0	-0.010491	0.355950	0.356105	0.728502
371.0	191.0	0.050258	-0.079508	0.094061	0.997967
463.0	191.0	0.025257	0.209241	0.210760	0.721118
107.0	192.0	0.043454	-0.814362	0.815520	0.908255
170.0	194.0	0.071026	-0.649493	0.653365	0.936121
128.0	196.0	0.034587	-0.753286	0.754079	0.983395
541.0	198.0	-0.011929	0.383489	0.383674	0.723600
205.0	198.0	0.026463	-0.541216	0.541863	0.956024
419.0	203.0	-0.011603	0.144246	0.144712	0.992364
695.0	203.0	-0.116938	0.619568	0.630507	0.817056
767.0	205.0	-0.053889	1.020643	1.022064	0.998811
247.0	208.0	-0.001536	-0.410103	0.410106	0.953808
388.0	212.0	-0.029178	0.008131	0.030290	0.850026
86.0	213.0	0.001408	-0.874380	0.874381	0.990828
329.0	213.0	-0.030141	-0.215068	0.217170	0.992531
598.0	213.0	0.037020	0.547064	0.548315	0.956225
280.0	217.0	-0.041044	-0.325044	0.327625	0.749249
705.0	222.0	0.044890	1.022672	1.023657	0.924102
483.0	229.0	-0.084440	0.223778	0.239179	0.970727
219.0	229.0	-0.091434	-0.147992	0.173959	0.756222
316.0	230.0	0.261463	-1.358536	1.383467	0.598774
126.0	234.0	-0.058380	-0.763714	0.765942	0.987116
719.0	236.0	-0.100459	0.888456	0.894117	0.977860
164.0	238.0	-0.105533	-0.658836	0.667234	0.763582
225.0	242.0	-0.089007	-0.470311	0.478659	0.757747
685.0	244.0	-0.169587	0.840635	0.857570	0.744701
168.0	246.0	-0.076485	-0.668900	0.673259	0.757785
514.0	252.0	-0.170025	0.303526	0.347903	0.888160
691.0	250.0	-0.174824	0.851105	0.868874	0.757943
731.0	254.0	0.102700	0.930749	0.936398	0.902697
715.0	253.0	-0.341486	0.638364	0.723962	0.745390
248.0	258.0	-0.141539	-0.426153	0.449043	0.970862
595.0	260.0	-0.198633	0.541007	0.576319	0.884025
506.0	263.0	-0.170248	0.305933	0.350114	0.946000
280.0	264.0	-0.161418	-0.447308	0.475542	0.845503
384.0	265.0	-0.179182	-0.077131	0.195078	0.922772
539.0	265.0	-0.202105	0.382229	0.432372	0.973033
700.0	265.0	-0.385487	1.076629	1.143560	0.793841
591.0	270.0	-0.198710	0.536674	0.572280	0.884136
419.0	271.0	-0.203099	0.040705	0.207138	0.972819
462.0	271.0	-0.038364	0.048726	0.062016	0.731154
719.0	273.0	-0.265334	0.750214	0.795753	0.893310
620.0	278.0	-0.284390	0.599444	0.663484	0.918907
326.0	284.0	-0.227824	-0.210670	0.310299	0.985489
176.0	287.0	-0.213601	-0.596869	0.633938	0.759802
203.0	285.0	-0.147893	-0.659286	0.675670	0.878499
603.0	290.0	-0.385548	0.532153	0.657141	0.897175
715.0	294.0	-0.323074	0.860127	0.918801	0.837456
266.0	300.0	-0.271511	-0.432622	0.510764	0.714068
546.0	297.0	-0.143643	0.378394	0.404741	0.907716
107.0	298.0	-0.242231	-0.816662	0.851829	0.966352
297.0	297.0	-0.287873	-0.294459	0.411797	0.840688
587.0	301.0	-0.305527	0.507247	0.592154	0.825316
334.0	304.0	-0.369836	-0.195227	0.418202	0.885415
713.0	302.0	-0.323534	0.859225	0.918118	0.840951
525.0	304.0	-0.307838	0.326332	0.448616	0.938770
686.0	306.0	-0.335718	0.804970	0.872172	0.965884
261.0	304.0	-0.271529	-0.385213	0.471293	0.712796
85.0	308.0	-0.280105	-0.998497	1.037041	0.976955
299.0	309.0	-0.287725	-0.294586	0.411785	0.856320
501.0	310.0	-0.316922	0.266862	0.414312	0.972827
582.0	310.0	-4.472740	9.701413	10.682828	0.764033
142.0	314.0	-0.368693	-0.729295	0.817194	0.723291
731.0	316.0	-0.342211	0.894857	0.958060	0.977792
368.0	318.0	-0.322611	-0.114947	0.342477	0.901232
63.0	323.0	-0.519947	-0.944985	1.078583	0.921191
95.0	323.0	-0.250200	-0.959143	0.991239	0.938120
630.0	327.0	-0.348265	0.617294	0.708760	0.848443
487.0	329.0	-0.590419	0.486798	0.765224	0.765589
77.0	331.0	-0.301345	-0.949827	0.996484	0.876138
42.0	332.0	-0.323144	-1.015195	1.065384	0.849325
31.0	334.0	-0.386987	-1.015215	1.086472	0.847696
466.0	336.0	-0.400019	0.179032	0.438255	0.960905
616.0	336.0	0.088714	0.610513	0.616925	0.839745
705.0	337.0	-0.199851	0.831017	0.854710	0.953674
732.0	339.0	-0.433534	0.897143	0.996403	0.932469
721.0	340.0	-0.332297	0.896421	0.956029	0.925010
44.0	341.0	-0.321063	-1.014069	1.063681	0.796231
244.0	341.0	-0.378362	-0.451686	0.589219	0.675240
472.0	343.0	-0.438847	0.186771	0.476938	0.961659
570.0	347.0	-0.449082	0.460960	0.643552	0.882246
527.0	351.0	-0.437802	0.324415	0.544900	0.949247
74.0	351.0	-0.556115	-0.922346	1.077026	0.922366
197.0	351.0	-0.413983	-0.851104	0.946446	0.904783
218.0	353.0	-0.437654	0.741915	0.861382	0.648697
563.0	354.0	-0.443341	0.443318	0.626963	0.909766
321.0	356.0	-0.427742	-0.129441	0.446899	0.733531
633.0	358.0	-0.475699	0.625708	0.786003	0.947626
272.0	357.0	-0.417478	-0.408519	0.584102	0.826697
737.0	359.0	-0.813130	0.919900	1.227761	0.898878
302.0	362.0	-0.443377	-0.314069	0.543344	0.945610
751.0	364.0	-0.505150	0.921403	1.050790	0.769983
495.0	366.0	-0.516343	0.166401	0.542493	0.916911
221.0	368.0	-0.453665	-0.492959	0.669941	0.726314
369.0	369.0	-0.467547	-0.049410	0.470151	0.964907
477.0	368.0	-0.478910	0.197126	0.517893	0.938853
587.0	368.0	-0.529507	0.451195	0.695669	0.824955
