200.0	30.0	0.497379	-0.530481	0.727184	0.693656
349.0	32.0	0.471363	-0.121338	0.486730	0.964037
49.0	33.0	0.500806	-0.962076	1.084618	0.858670
731.0	35.0	0.409712	1.145432	1.216503	0.645984
545.0	33.0	0.262939	0.380220	0.462282	0.813613
246.0	34.0	0.481314	-0.378276	0.612173	0.650358
538.0	36.0	0.451275	0.304436	0.544363	0.836571
577.0	37.0	0.397138	0.549363	0.677878	0.891218
687.0	36.0	0.419121	0.975701	1.061911	0.841128
30.0	38.0	0.850733	-0.976638	1.295210	0.820612
44.0	39.0	0.525257	-0.969555	1.102693	0.837503
175.0	40.0	0.488241	-0.637208	0.802753	0.879482
666.0	40.0	0.405740	0.748988	0.851827	0.966534
373.0	42.0	0.467592	-0.049789	0.470235	0.963971
122.0	46.0	0.472557	-0.791354	0.921711	0.946102
84.0	47.0	0.463858	-0.826685	0.947931	0.893682
427.0	46.0	0.429564	0.109652	0.443339	0.968823
592.0	51.0	0.343239	0.564204	0.660408	0.772967
258.0	50.0	0.592733	-0.508196	0.780766	0.750686
335.0	52.0	0.427515	-0.107756	0.440886	0.945761
574.0	57.0	0.384179	0.507630	0.636617	0.930819
592.0	56.0	0.359089	0.809743	0.885792	0.720416
666.0	56.0	0.406595	0.172655	0.441734	0.845139
347.0	59.0	0.434489	-0.108420	0.447812	0.932805
172.0	64.0	0.410918	-0.614376	0.739129	0.954643
693.0	64.0	0.354372	0.856451	0.926870	0.866812
645.0	65.0	0.438862	0.698681	0.825079	0.752550
287.0	69.0	0.309304	-0.334099	0.455293	0.812356
378.0	71.0	0.365629	-0.044485	0.368325	0.978243
311.0	71.0	0.364029	-0.037803	0.365986	0.883337
709.0	77.0	0.403276	0.947654	1.029893	0.908992
745.0	76.0	0.288035	0.959850	1.002136	0.925937
300.0	76.0	0.363162	-0.274383	0.455162	0.787057
355.0	81.0	0.338675	-0.112150	0.356761	0.922569
264.0	80.0	0.252924	-0.361016	0.440798	0.849378
181.0	81.0	0.396067	-1.474422	1.526693	0.833460
80.0	86.0	0.362727	-0.855782	0.929481	0.958853
308.0	85.0	0.338358	0.011998	0.338570	0.889681
736.0	85.0	0.250044	1.000717	1.031482	0.862008
600.0	88.0	0.272186	0.540644	0.605294	0.775653
462.0	94.0	0.190541	0.189585	0.268791	0.980093
489.0	92.0	0.275525	0.486017	0.558683	0.818129
246.0	97.0	0.244846	-0.413089	0.480200	0.963149
732.0	98.0	0.217524	1.013193	1.036280	0.889345
319.0	100.0	0.297811	-0.054498	0.302757	0.888715
478.0	102.0	-0.201912	0.203825	0.286903	0.740247
494.0	106.0	0.261044	0.295964	0.394638	0.814630
135.0	107.0	0.296533	-0.823621	0.875376	0.879330
413.0	106.0	0.260333	0.048506	0.264813	0.930827
185.0	107.0	0.297939	-0.581259	0.653169	0.935418
260.0	109.0	0.273402	-0.467468	0.541549	0.911996
751.0	110.0	0.221358	0.984310	1.008894	0.964416
552.0	111.0	-0.109949	0.422044	0.436130	0.889211
93.0	115.0	0.269284	-0.835304	0.877637	0.885533
535.0	114.0	0.202216	0.389569	0.438925	0.940298
658.0	114.0	0.205018	0.734302	0.762386	0.735344
444.0	119.0	0.224540	0.134520	0.261752	0.940435
245.0	121.0	0.402650	-0.416526	0.579328	0.718605
97.0	122.0	0.272082	-0.837880	0.880949	0.885971
555.0	121.0	0.231630	0.364299	0.431702	0.875087
256.0	122.0	0.387133	-0.395276	0.553276	0.875660
366.0	124.0	0.231543	-0.085097	0.246686	0.801792
240.0	128.0	0.202299	-0.422547	0.468477	0.722464
288.0	131.0	0.216320	-0.310508	0.378431	0.798842
769.0	134.0	0.130673	1.037773	1.045967	0.990217
275.0	135.0	0.317940	-0.313924	0.446805	0.797242
361.0	133.0	0.252990	-0.021612	0.253912	0.933041
555.0	134.0	0.092143	0.402165	0.412586	0.795116
121.0	144.0	0.206059	-0.756658	0.784214	0.795083
570.0	142.0	0.139742	0.454836	0.475818	0.778833
609.0	147.0	0.121508	0.589341	0.601737	0.973739
581.0	148.0	0.174156	0.457979	0.489974	0.728201
329.0	149.0	0.115954	-0.021764	0.117979	0.866718
562.0	149.0	0.150492	0.365222	0.395013	0.931524
634.0	152.0	0.086673	0.649152	0.654913	0.976384
67.0	155.0	0.165529	-0.922174	0.936912	0.961939
86.0	155.0	0.172097	-0.863051	0.880043	0.977086
267.0	158.0	0.132755	-0.365841	0.389183	0.968094
769.0	158.0	0.048487	1.035257	1.036392	0.958263
661.0	164.0	-0.077340	0.529708	0.535324	0.900195
724.0	160.0	0.062548	0.915501	0.917635	0.996423
319.0	162.0	0.109317	-0.203521	0.231022	0.879515
359.0	168.0	0.093439	-0.108189	0.142954	0.997018
176.0	171.0	0.133373	-0.625298	0.639364	0.969302
82.0	174.0	0.094711	-0.867985	0.873137	0.930824
247.0	177.0	0.081456	-0.421907	0.429698	0.973484
493.0	180.0	0.085080	0.262191	0.275649	0.981491
156.0	181.0	-0.195833	-0.725383	0.751353	0.882219
84.0	182.0	0.094439	-0.874274	0.879360	0.930232
476.0	182.0	0.031990	0.194315	0.196930	0.832968
720.0	182.0	0.004313	0.892736	0.892747	0.998312
685.0	188.0	-0.026993	1.391826	1.392087	0.852039
107.0	192.0	0.060523	-0.811752	0.814005	0.990479
347.0	192.0	0.024934	-0.133730	0.136034	0.929792
371.0	191.0	0.033178	-0.040144	0.052080	0.996280
565.0	193.0	0.017083	0.464181	0.464495	0.958195
205.0	198.0	0.039386	-0.589095	0.590410	0.966513
539.0	198.0	-0.011865	0.403159	0.403333	0.838664
169.0	199.0	0.043094	-0.927249	0.928250	0.712843
534.0	198.0	-0.011882	0.403158	0.403333	0.838668
695.0	203.0	-0.049415	0.948735	0.950021	0.905595
419.0	203.0	-0.010606	0.081279	0.081968	0.995744
664.0	204.0	-0.081661	0.739644	0.744138	0.917397
767.0	205.0	-0.059795	1.020663	1.022413	0.998553
581.0	212.0	-0.062110	0.504901	0.508707	0.964377
598.0	213.0	-0.153255	0.544485	0.565642	0.930401
86.0	213.0	0.006180	-0.871685	0.871707	0.946059
329.0	213.0	-0.029806	-0.138527	0.141698	0.981278
709.0	214.0	-0.107293	0.829466	0.836377	0.820692
103.0	228.0	-0.265438	-0.771703	0.816078	0.928562
316.0	229.0	-0.107349	-0.141864	0.177902	0.862156
623.0	230.0	-0.194609	0.618660	0.648547	0.926239
335.0	233.0	-0.208964	-0.479451	0.523010	0.791938
303.0	236.0	0.013597	-0.247059	0.247433	0.811075
164.0	238.0	-0.083153	-0.660308	0.665523	0.855740
568.0	238.0	-0.144211	0.456778	0.479002	0.940132
225.0	242.0	-0.062450	-0.476208	0.480285	0.835728
685.0	244.0	-0.156951	0.796250	0.811571	0.881653
366.0	247.0	-0.079123	-0.277907	0.288951	0.818052
457.0	249.0	-0.133259	0.017113	0.134353	0.977041
437.0	255.0	-0.151562	0.101237	0.182264	0.845383
731.0	255.0	-0.047390	0.924052	0.925267	0.948775
595.0	260.0	4.023157	-9.323940	10.154883	0.936034
358.0	261.0	-0.058087	-0.026081	0.063673	0.832271
280.0	264.0	-0.163286	-0.349147	0.385443	0.968357
443.0	264.0	-0.092433	0.089454	0.128631	0.925731
539.0	265.0	-0.201021	0.380071	0.429957	0.973440
384.0	265.0	-0.184896	-0.071660	0.198297	0.986194
636.0	267.0	-0.251781	0.677667	0.722929	0.932722
591.0	270.0	-0.214939	0.525985	0.568207	0.843439
462.0	271.0	-0.188810	0.155063	0.244323	0.965564
174.0	272.0	-0.174155	-0.835116	0.853082	0.902301
719.0	273.0	-0.248064	0.895069	0.928808	0.986164
620.0	278.0	-0.088725	0.596690	0.603250	0.933503
370.0	280.0	-0.165568	-0.039286	0.170165	0.994825
489.0	283.0	-0.237288	0.236991	0.335366	0.983274
203.0	285.0	-0.214349	-0.674080	0.707340	0.801595
176.0	287.0	-0.184367	-0.724417	0.747509	0.840592
286.0	289.0	-0.248920	-0.302906	0.392063	0.851389
758.0	291.0	-0.433285	0.990429	1.081058	0.966753
603.0	291.0	-0.375447	0.543493	0.660565	0.928240
347.0	294.0	-0.250816	-0.159524	0.297249	0.746720
742.0	294.0	-0.340105	0.937918	0.997678	0.980766
263.0	297.0	-0.261637	-0.401947	0.479599	0.868320
296.0	297.0	-0.267591	-0.320101	0.417216	0.789708
546.0	297.0	-0.728711	0.387531	0.825349	0.766419
198.0	298.0	-0.215118	-0.556249	0.596397	0.775491
267.0	302.0	-0.261705	-0.390170	0.469811	0.847404
586.0	301.0	-0.337327	0.495320	0.599275	0.732982
137.0	305.0	-0.312382	-0.792865	0.852184	0.953790
334.0	304.0	-0.120149	-0.158863	0.199181	0.743434
641.0	306.0	-0.333992	0.658810	0.738635	0.948351
686.0	306.0	-0.329962	0.781501	0.848304	0.956207
229.0	306.0	-0.280470	-0.514409	0.585901	0.949613
85.0	308.0	-0.264951	-0.785830	0.829294	0.979596
299.0	309.0	-0.267592	-0.299245	0.401439	0.842707
530.0	309.0	-0.381292	0.312067	0.492716	0.750624
583.0	311.0	-0.333138	0.496906	0.598244	0.716188
760.0	309.0	-0.541642	-0.299544	0.618953	0.720266
142.0	314.0	-0.310880	-0.719605	0.783886	0.930848
417.0	315.0	-0.381167	0.035946	0.382858	0.858412
199.0	316.0	-0.294299	-0.493431	0.574531	0.806520
368.0	318.0	-0.323201	-0.103615	0.339404	0.979814
150.0	319.0	-0.305464	-0.708108	0.771184	0.926542
94.0	323.0	-0.214415	-0.881380	0.907085	0.972604
535.0	321.0	-0.366482	0.377289	0.525981	0.819538
279.0	326.0	-0.338660	-0.345433	0.483751	0.884365
630.0	327.0	-0.388433	0.600364	0.715064	0.949048
487.0	329.0	-0.186936	0.101175	0.212560	0.827983
42.0	332.0	-0.329682	-1.023359	1.075153	0.920302
31.0	333.0	-0.295374	-1.023805	1.065562	0.922277
616.0	336.0	-0.460213	0.595198	0.752368	0.944563
466.0	336.0	-0.393310	0.202649	0.442447	0.887968
704.0	337.0	-0.431944	0.835242	0.940322	0.969217
88.0	339.0	-0.389042	-1.103570	1.170137	0.840251
44.0	341.0	-0.338617	-1.008413	1.063747	0.932703
244.0	341.0	-0.371514	-0.452093	0.585159	0.892235
721.0	340.0	-0.710915	0.860855	1.116455	0.761986
732.0	339.0	10.362779	-0.128928	10.363581	0.727719
472.0	343.0	-0.069140	0.196504	0.208313	0.895739
656.0	346.0	-0.457506	0.750115	0.878626	0.946941
527.0	350.0	-0.433952	0.336771	0.549298	0.914960
54.0	350.0	-0.356128	-0.972205	1.035379	0.970341
73.0	350.0	-0.435202	-0.922771	1.020248	0.937146
197.0	351.0	-0.394257	-0.634249	0.746800	0.914952
218.0	353.0	-0.402875	-0.723534	0.828136	0.895645
563.0	354.0	-0.449338	0.436990	0.626789	0.760976
321.0	356.0	-0.435422	-0.070465	0.441087	0.917068
407.0	356.0	-0.441037	0.021797	0.441575	0.826687
165.0	363.0	-0.890920	-0.704679	1.135918	0.890968
495.0	366.0	-0.471877	0.195400	0.510734	0.939553
97.0	369.0	-0.430391	-0.868573	0.969358	0.753744
221.0	368.0	-0.409137	-0.749660	0.854039	0.643983
276.0	369.0	-0.458199	-0.368922	0.588260	0.819168
369.0	369.0	-0.466854	-0.091721	0.475779	0.966614
