81.0	32.0	0.502886	-0.879074	1.012751	0.955273
449.0	33.0	0.453841	0.138765	0.474581	0.969673
176.0	35.0	0.479670	-0.560908	0.738039	0.773895
762.0	35.0	0.406799	1.038251	1.115101	0.823352
92.0	36.0	0.507798	-0.842652	0.983830	0.912575
560.0	35.0	0.414733	0.735059	0.843988	0.842622
687.0	36.0	0.416678	0.806726	0.907980	0.961580
287.0	39.0	0.462908	-0.293533	0.548129	0.957291
175.0	42.0	0.479739	-0.560917	0.738090	0.773867
42.0	43.0	0.501984	-1.126591	1.233368	0.608933
482.0	46.0	0.414860	0.251205	0.484987	0.966261
356.0	49.0	0.429425	-0.021089	0.429942	0.790186
507.0	47.0	0.431880	0.362694	0.563975	0.937471
556.0	49.0	0.406821	0.533377	0.670816	0.861571
258.0	50.0	0.436118	-0.350851	0.559727	0.947322
326.0	50.0	0.319363	-0.472087	0.569963	0.811162
689.0	51.0	0.394287	0.499088	0.636044	0.856462
592.0	51.0	0.445913	0.593911	0.742677	0.884351
337.0	55.0	0.323728	-0.395552	0.511137	0.775239
330.0	57.0	0.325264	-0.458998	0.562562	0.810829
666.0	57.0	0.357960	0.819730	0.894479	0.966826
574.0	57.0	0.345451	0.498525	0.606517	0.940376
74.0	65.0	0.430149	-0.885200	0.984179	0.837934
205.0	66.0	0.403118	-0.523122	0.660424	0.944656
629.0	66.0	0.358764	0.653391	0.745407	0.871770
693.0	65.0	9.046849	-4.400067	10.060122	0.748952
603.0	68.0	0.343913	0.578447	0.672961	0.836614
684.0	69.0	0.357339	0.819991	0.894470	0.764420
112.0	70.0	0.397329	-0.781398	0.876615	0.966296
311.0	72.0	0.357950	-0.285826	0.458067	0.816356
481.0	74.0	0.362328	0.246484	0.438219	0.968850
300.0	76.0	0.354602	-0.261171	0.440401	0.756812
731.0	77.0	0.054241	0.941800	0.943361	0.906826
745.0	76.0	0.277892	0.946245	0.986206	0.842856
500.0	79.0	0.247005	0.276212	0.370546	0.938995
343.0	82.0	0.340057	-0.113660	0.358549	0.770774
181.0	81.0	0.359196	-0.474878	0.595425	0.892901
765.0	83.0	0.274842	1.031555	1.067541	0.982984
263.0	86.0	0.524236	-0.381677	0.648460	0.803295
606.0	92.0	0.262962	0.586658	0.642897	0.741896
43.0	94.0	0.341055	-0.925079	0.985947	0.961728
409.0	96.0	0.279577	0.049746	0.283968	0.959180
107.0	98.0	0.322676	-0.826314	0.887082	0.976511
357.0	98.0	0.307861	-0.129933	0.334157	0.982763
662.0	97.0	0.252614	0.741024	0.782899	0.871220
418.0	103.0	0.279625	0.048746	0.283842	0.959246
185.0	107.0	0.288917	-0.580003	0.647979	0.923858
494.0	106.0	0.268983	0.283516	0.390811	0.944804
746.0	106.0	0.218170	0.988701	1.012486	0.861794
704.0	111.0	0.204257	0.870765	0.894401	0.987622
751.0	110.0	0.219309	0.980368	1.004598	0.909112
59.0	113.0	0.293130	-0.956966	1.000854	0.958452
292.0	119.0	0.240003	-0.301699	0.385518	0.804117
345.0	119.0	0.198832	-0.142329	0.244524	0.988994
557.0	119.0	-0.067305	0.668658	0.672037	0.816906
127.0	120.0	0.260359	-0.743787	0.788040	0.816728
471.0	122.0	0.208057	0.206104	0.292859	0.918744
256.0	122.0	0.256750	-0.386088	0.463664	0.733007
369.0	123.0	0.146782	-0.074646	0.164673	0.921861
489.0	125.0	0.231499	0.265951	0.352593	0.983341
361.0	133.0	-0.009972	-0.091843	0.092383	0.925592
148.0	133.0	0.222631	-0.687993	0.723117	0.975229
583.0	145.0	0.020865	0.633499	0.633843	0.795744
702.0	144.0	0.112357	0.848269	0.855677	0.994868
121.0	144.0	0.186878	-0.768739	0.791128	0.982434
329.0	148.0	0.155885	-0.330789	0.365679	0.880921
192.0	150.0	0.163916	-0.570523	0.593603	0.969510
278.0	150.0	0.159925	-0.297158	0.337460	0.707558
562.0	150.0	0.115887	0.484775	0.498434	0.939280
635.0	152.0	0.097665	0.664582	0.671720	0.979520
67.0	155.0	0.161923	-0.928293	0.942310	0.994090
306.0	157.0	-0.072820	-0.234887	0.245916	0.713322
724.0	160.0	-0.053449	0.945404	0.946913	0.932340
508.0	163.0	0.085290	0.092833	0.126065	0.900221
589.0	165.0	0.071202	0.798443	0.801611	0.948595
652.0	169.0	0.043938	0.675039	0.676467	0.577766
179.0	170.0	0.062336	-0.577300	0.580656	0.946293
476.0	171.0	0.065018	0.219250	0.228688	0.910084
82.0	174.0	0.112965	-0.877859	0.885097	0.924099
300.0	180.0	0.036076	-0.271761	0.274145	0.863158
432.0	184.0	0.037749	0.091457	0.098941	0.996831
50.0	189.0	0.078497	-0.969926	0.973098	0.907244
593.0	189.0	0.000405	0.540025	0.540025	0.969680
187.0	191.0	0.126659	-0.588609	0.602082	0.969570
677.0	193.0	-0.017772	0.768330	0.768536	0.749075
347.0	192.0	0.028596	-0.138092	0.141022	0.996702
564.0	193.0	-0.000586	0.459332	0.459332	0.969588
531.0	194.0	-0.656737	0.314113	0.727990	0.744636
461.0	198.0	-0.023016	0.180968	0.182426	0.989602
169.0	199.0	0.088287	-0.611052	0.617397	0.946394
405.0	199.0	-0.209797	-0.011275	0.210099	0.914831
537.0	200.0	-0.656234	0.313751	0.727381	0.744644
186.0	211.0	0.205906	-0.595133	0.629746	0.937848
96.0	213.0	0.004973	-1.107777	1.107788	0.892415
212.0	213.0	-0.015260	-0.347148	0.347483	0.865452
605.0	213.0	-0.069875	0.572540	0.576789	0.807968
616.0	214.0	-0.046178	0.556715	0.558627	0.849086
637.0	218.0	0.051476	0.586726	0.588979	0.780239
248.0	219.0	-0.035191	-0.425725	0.427177	0.896007
362.0	219.0	-0.034910	-0.188957	0.192155	0.987562
461.0	220.0	-0.057355	0.169672	0.179104	0.976174
384.0	222.0	-0.065319	-0.040629	0.076924	0.919128
63.0	228.0	-0.032124	-0.937689	0.938239	0.999279
103.0	227.0	0.027898	-0.883231	0.883671	0.794685
239.0	227.0	-0.036132	-0.438270	0.439757	0.898766
484.0	228.0	-0.183931	0.289177	0.342715	0.939930
334.0	231.0	-0.045478	0.061890	0.076802	0.945812
414.0	229.0	-0.081376	0.038180	0.089888	0.998665
483.0	235.0	-0.183859	0.289842	0.343238	0.939847
522.0	234.0	-0.094959	0.337360	0.350470	0.980415
303.0	236.0	2.998505	-8.344160	8.866569	0.722327
568.0	238.0	-0.107088	0.489380	0.500959	0.767094
600.0	239.0	-0.129506	0.555932	0.570817	0.968758
659.0	237.0	-0.735087	1.801889	1.946062	0.775655
632.0	241.0	-0.173448	0.663071	0.685381	0.786342
300.0	243.0	-0.147027	-0.278007	0.314491	0.841480
270.0	244.0	-0.106728	-0.368508	0.383652	0.978641
580.0	244.0	-0.144954	0.489612	0.510619	0.767082
153.0	246.0	-0.077409	-0.753364	0.757331	0.712523
208.0	250.0	-0.118745	-0.540089	0.552989	0.946829
305.0	252.0	-0.119455	-0.109672	0.162165	0.961542
643.0	252.0	-0.181391	0.578246	0.606029	0.903805
481.0	255.0	-0.177752	0.242804	0.300915	0.965062
423.0	255.0	-0.473182	0.056747	0.476573	0.820613
106.0	256.0	-0.145813	-0.819892	0.832757	0.992277
729.0	257.0	-0.179346	0.738975	0.760427	0.963636
358.0	261.0	-0.166549	-0.035934	0.170382	0.792851
521.0	262.0	-0.183211	0.330347	0.377751	0.880880
443.0	264.0	-0.308586	0.195086	0.365080	0.756772
123.0	268.0	-0.075658	-0.600939	0.605683	0.864933
203.0	273.0	-0.178762	-0.585587	0.612264	0.797675
173.0	272.0	-0.190338	-0.673220	0.699609	0.747150
72.0	279.0	-0.174930	-0.920642	0.937114	0.818557
166.0	279.0	-0.223677	-0.679201	0.715084	0.822294
79.0	279.0	-0.174987	-0.920646	0.937128	0.818629
110.0	281.0	-0.263549	-0.802317	0.844494	0.895175
370.0	280.0	-0.267261	-0.076427	0.277974	0.960551
489.0	283.0	-0.241323	0.240086	0.340408	0.981819
632.0	284.0	-0.265778	0.921046	0.958625	0.858745
435.0	286.0	-0.243015	0.084826	0.257394	0.943514
152.0	290.0	-0.099052	-0.874252	0.879845	0.945124
255.0	289.0	0.068741	-9.204579	9.204836	0.956547
285.0	289.0	-0.219927	-0.326911	0.394004	0.762004
549.0	293.0	-0.284160	1.426990	1.455007	0.801759
696.0	297.0	-0.312757	0.810720	0.868956	0.920044
255.0	297.0	-0.282212	-0.419631	0.505701	0.762280
198.0	298.0	-0.247091	-0.572960	0.623968	0.783226
610.0	303.0	-0.313599	0.569454	0.650094	0.944455
652.0	305.0	-0.325665	0.685698	0.759104	0.696353
229.0	306.0	-0.285836	0.130316	0.314141	0.869064
408.0	308.0	-0.302400	0.009582	0.302551	0.775401
549.0	308.0	-0.277713	0.371662	0.463958	0.816984
760.0	308.0	-0.424063	1.159191	1.234323	0.804739
316.0	312.0	-0.258071	-0.243231	0.354629	0.972055
199.0	316.0	-0.294956	-0.797554	0.850348	0.938268
417.0	315.0	-0.306714	0.009591	0.306864	0.775074
711.0	319.0	-0.479420	0.777461	0.913394	0.953793
138.0	319.0	0.037943	-0.820233	0.821110	0.774210
147.0	320.0	0.043653	-0.736956	0.738248	0.786800
233.0	321.0	-0.308526	-0.266848	0.407917	0.842521
534.0	323.0	0.227732	0.308745	0.383648	0.728403
472.0	324.0	-0.412956	0.171902	0.447306	0.922249
39.0	325.0	-0.296191	-1.072278	1.112433	0.728257
114.0	330.0	-0.338745	-0.853255	0.918038	0.973458
274.0	331.0	-0.337553	-0.197302	0.390986	0.684799
725.0	332.0	-0.392048	0.873205	0.957177	0.901759
680.0	334.0	-0.416568	0.757858	0.864800	0.966571
88.0	338.0	-0.309771	-0.749902	0.811364	0.752549
120.0	343.0	-0.353869	-0.820077	0.893168	0.952478
403.0	344.0	-0.403262	-0.036157	0.404879	0.803327
65.0	345.0	-0.364750	-0.852609	0.927353	0.718008
472.0	346.0	-0.422904	0.133047	0.443339	0.812640
478.0	344.0	-0.418431	0.200708	0.464078	0.775527
242.0	347.0	-0.421038	-0.398040	0.579404	0.691166
280.0	347.0	-0.391819	-0.248767	0.464120	0.931469
321.0	348.0	-0.400814	-0.239447	0.466890	0.848533
446.0	354.0	-0.450921	0.107372	0.463528	0.953779
585.0	352.0	-0.313240	0.429986	0.531984	0.879905
192.0	355.0	-0.582393	-0.764192	0.960818	0.807015
608.0	355.0	-0.461118	0.561652	0.726693	0.942001
407.0	356.0	-0.401723	-0.002638	0.401732	0.803024
74.0	359.0	-0.370755	-0.941691	1.012048	0.870125
164.0	362.0	2.488590	-8.550985	8.905752	0.908678
466.0	366.0	-0.471555	0.164590	0.499453	0.959363
