72.0	37.0	0.711983	-0.890200	1.139902	0.932189
270.0	36.0	0.277162	-0.365525	0.458724	0.907476
252.0	40.0	0.457537	-0.389394	0.600806	0.857210
744.0	44.0	0.322538	1.067793	1.115443	0.947388
90.0	46.0	0.384070	-0.839147	0.922864	0.954805
152.0	47.0	0.649984	-0.113628	0.659841	0.888550
576.0	49.0	0.385728	0.461542	0.601504	0.733066
262.0	51.0	0.458761	-0.268117	0.531365	0.770126
184.0	55.0	0.438727	-0.753978	0.872332	0.742639
236.0	59.0	0.378906	-0.019837	0.379425	0.901527
597.0	58.0	0.349949	0.562018	0.662064	0.762897
126.0	63.0	0.396702	-0.741748	0.841167	0.900134
493.0	63.0	0.217303	0.265031	0.342727	0.721645
764.0	65.0	0.264840	1.014715	1.048707	0.972277
365.0	66.0	0.354296	-0.040856	0.356643	0.952337
693.0	67.0	0.290910	0.833540	0.882846	0.821475
347.0	68.0	0.621976	-0.116621	0.632815	0.779540
426.0	70.0	0.358646	0.090113	0.369794	0.878841
293.0	73.0	0.131708	-0.090245	0.159659	0.840923
464.0	72.0	0.334875	0.060696	0.340331	0.930978
468.0	76.0	0.392571	0.190893	0.436522	0.840796
747.0	77.0	0.291196	0.980753	1.023070	0.855486
204.0	79.0	0.358785	-0.565310	0.669554	0.640491
153.0	80.0	0.332916	-0.364444	0.493611	0.825699
130.0	84.0	0.461484	-0.733541	0.866631	0.857134
191.0	84.0	0.189458	-0.366334	0.412425	0.716120
485.0	83.0	0.495266	0.249908	0.554745	0.846643
395.0	84.0	0.322701	-0.018339	0.323221	0.983142
367.0	87.0	0.257103	-0.123922	0.285410	0.897939
270.0	86.0	0.326400	-0.367807	0.491751	0.962650
288.0	90.0	0.337036	-0.048579	0.340519	0.891937
765.0	92.0	0.117872	1.010559	1.017410	0.847680
620.0	94.0	0.265223	0.627447	0.681200	0.969999
510.0	95.0	0.195794	0.325454	0.379810	0.953351
754.0	95.0	0.250483	0.831119	0.868045	0.750036
443.0	101.0	0.129056	0.127600	0.181486	0.888721
583.0	102.0	0.128090	0.488465	0.504980	0.799045
305.0	106.0	0.165648	-0.313622	0.354680	0.775443
556.0	108.0	0.223747	0.463211	0.514419	0.820275
568.0	110.0	0.299023	0.466083	0.553758	0.816855
94.0	112.0	0.292109	-0.788185	0.840573	0.786724
639.0	110.0	0.122519	0.684360	0.695240	0.868778
58.0	110.0	0.321366	-0.835800	0.895454	0.764501
197.0	111.0	0.265247	-0.550940	0.611466	0.929561
74.0	113.0	0.287400	-0.855680	0.902655	0.902124
574.0	114.0	0.224232	0.501877	0.549691	0.827990
655.0	114.0	0.099130	0.613329	0.621288	0.748504
478.0	117.0	0.218663	0.230598	0.317787	0.966083
679.0	117.0	0.140491	0.760336	0.773207	0.907469
420.0	124.0	0.204736	0.105342	0.230247	0.966559
755.0	121.0	0.166815	1.000359	1.014172	0.841396
667.0	123.0	0.181929	0.761456	0.782887	0.779284
732.0	123.0	0.168703	0.934328	0.949436	0.916183
416.0	124.0	0.344397	0.109193	0.361293	0.857525
639.0	129.0	0.138228	0.682653	0.696507	0.753022
649.0	129.0	0.172695	0.837496	0.855116	0.721335
281.0	133.0	-0.077407	-0.241649	0.253744	0.899728
370.0	132.0	0.194433	-0.075007	0.208399	0.919815
154.0	133.0	0.291169	-0.529667	0.604423	0.898636
424.0	134.0	0.196491	0.016720	0.197201	0.956426
243.0	134.0	0.205861	-0.462350	0.506109	0.780861
178.0	136.0	0.199841	-0.605350	0.637484	0.968989
334.0	138.0	0.179812	-0.179740	0.254242	0.975598
484.0	138.0	0.157644	0.225177	0.274875	0.900203
187.0	139.0	0.174380	-0.598034	0.622939	0.969404
712.0	138.0	0.382472	0.903629	0.981239	0.932251
170.0	142.0	0.348225	-0.623711	0.714336	0.926945
476.0	142.0	0.112008	0.210345	0.238308	0.832038
695.0	141.0	-0.559929	0.787608	0.966358	0.671079
637.0	148.0	0.078930	0.736177	0.740396	0.980028
679.0	149.0	-0.005489	0.784365	0.784384	0.985404
403.0	148.0	0.020392	0.019423	0.028161	0.829192
451.0	151.0	0.125577	0.116790	0.171493	0.982865
711.0	162.0	0.060513	0.871693	0.873791	0.996188
267.0	161.0	0.118012	-0.380476	0.398357	0.917175
621.0	163.0	0.098544	0.617809	0.625619	0.772409
66.0	164.0	0.108174	-0.929113	0.935389	0.914119
743.0	165.0	0.050735	0.967106	0.968436	0.949701
560.0	168.0	0.058227	0.516549	0.519821	0.894907
247.0	171.0	0.064989	-0.424261	0.429209	0.651958
593.0	172.0	-0.043951	0.541189	0.542971	0.698785
624.0	171.0	0.068495	0.586915	0.590899	0.762264
259.0	174.0	0.102641	-0.386551	0.399946	0.664039
672.0	175.0	0.043404	0.762989	0.764222	0.930915
416.0	176.0	0.064792	0.053261	0.083873	0.998663
218.0	177.0	0.090293	-0.830208	0.835104	0.836732
692.0	177.0	0.015197	0.811478	0.811620	0.889567
382.0	180.0	0.056771	-0.044866	0.072359	0.998873
324.0	178.0	0.068617	-0.156010	0.170433	0.943569
559.0	181.0	0.037112	0.452159	0.453679	0.873704
441.0	183.0	0.043469	0.118563	0.126280	0.949667
360.0	186.0	0.018338	-0.257762	0.258414	0.942100
713.0	184.0	-0.002081	0.875246	0.875248	0.996625
73.0	185.0	0.082280	-0.904485	0.908220	0.970562
277.0	185.0	0.081973	-0.334896	0.344782	0.858170
736.0	186.0	-0.004205	0.961160	0.961169	0.788866
49.0	186.0	0.417705	-1.111862	1.187735	0.689827
746.0	189.0	-0.026999	0.961182	0.961562	0.788187
748.0	187.0	-0.023887	0.961178	0.961475	0.787591
571.0	190.0	0.019681	0.412488	0.412957	0.860555
769.0	197.0	-0.017312	1.016854	1.017001	0.760586
538.0	200.0	-0.022194	0.337669	0.338398	0.871233
136.0	202.0	0.029414	-0.731207	0.731799	0.989396
469.0	205.0	-0.032134	0.210552	0.212990	0.916987
206.0	206.0	0.010286	-0.503490	0.503595	0.769385
442.0	207.0	-0.026753	0.116197	0.119237	0.994521
544.0	211.0	-0.006894	0.263124	0.263214	0.834349
265.0	211.0	0.115950	-0.405311	0.421571	0.816835
251.0	211.0	0.291961	-0.395076	0.491250	0.735612
231.0	214.0	0.254900	-0.594377	0.646729	0.927433
37.0	214.0	0.016168	-1.039894	1.040020	0.960975
617.0	216.0	-0.076526	0.284720	0.294825	0.850703
672.0	217.0	-0.090877	0.756653	0.762090	0.861289
729.0	217.0	-0.105268	0.889902	0.896107	0.901085
746.0	220.0	-0.342975	0.952355	1.012231	0.896136
340.0	224.0	-0.101206	-0.204187	0.227893	0.848202
326.0	227.0	-0.186330	-0.210895	0.281417	0.872166
214.0	227.0	-0.044841	-0.512582	0.514539	0.874333
715.0	227.0	-0.082700	0.847375	0.851401	0.855736
220.0	229.0	0.169867	-0.703490	0.723708	0.755755
627.0	230.0	-0.078632	0.547420	0.553038	0.682622
330.0	233.0	-0.071581	-0.207287	0.219298	0.763884
633.0	235.0	-0.139209	0.635994	0.651051	0.904392
39.0	239.0	-0.060268	-1.005131	1.006937	0.995358
151.0	241.0	-0.079443	-0.679858	0.684484	0.982098
272.0	241.0	-0.123283	-0.364787	0.385057	0.731292
108.0	242.0	-0.069670	-0.980693	0.983164	0.760191
609.0	245.0	-0.165196	0.698341	0.717614	0.969386
490.0	247.0	-0.593431	0.317397	0.672980	0.734375
586.0	247.0	-0.171958	0.516696	0.544558	0.742780
264.0	252.0	-0.105002	-0.380646	0.394863	0.723748
343.0	255.0	-0.167480	-0.160003	0.231626	0.952951
750.0	252.0	-0.118119	0.961040	0.968272	0.880248
694.0	255.0	-0.204559	0.661537	0.692442	0.779914
472.0	258.0	-0.246583	0.095750	0.264521	0.892371
612.0	259.0	-0.172874	0.582226	0.607349	0.954581
43.0	261.0	-0.121654	-1.000913	1.008279	0.997837
215.0	263.0	-0.134822	-0.524683	0.541728	0.881975
401.0	270.0	-0.206797	0.007155	0.206921	0.980642
506.0	270.0	-0.207755	0.273068	0.343115	0.934390
260.0	271.0	-0.112998	-0.397505	0.413254	0.951246
410.0	278.0	-0.208369	0.007239	0.208494	0.980978
240.0	279.0	-0.198604	-0.456271	0.497621	0.835872
309.0	277.0	-0.237025	-0.242795	0.339308	0.744428
454.0	279.0	-0.240092	0.118767	0.267861	0.745786
60.0	282.0	-0.181135	-0.955216	0.972238	0.994984
309.0	282.0	-0.237025	-0.242820	0.339327	0.744428
175.0	284.0	-0.206560	-0.634466	0.667243	0.974508
381.0	300.0	-0.223851	-0.065480	0.233232	0.979822
721.0	308.0	-0.347426	0.877270	0.943561	0.775907
521.0	308.0	-0.324057	0.308139	0.447171	0.735086
639.0	312.0	-0.322928	0.801200	0.863831	0.925151
57.0	315.0	-0.010682	-0.959960	0.960019	0.854500
70.0	315.0	-0.161587	-1.034072	1.046621	0.919618
668.0	315.0	-0.371979	0.739526	0.827809	0.830996
675.0	316.0	-0.371772	0.740063	0.828195	0.830987
679.0	321.0	-0.370619	0.773452	0.857664	0.905415
543.0	322.0	-0.376343	0.373488	0.530214	0.715809
40.0	324.0	-0.323378	-1.027733	1.077408	0.855363
210.0	324.0	-0.355233	-0.561777	0.664668	0.895450
281.0	325.0	-0.331005	-0.349889	0.481650	0.965454
234.0	327.0	-0.324420	-0.481467	0.580568	0.930895
368.0	332.0	-0.336672	-0.105955	0.352951	0.952371
658.0	335.0	-0.428921	0.654700	0.782691	0.957143
638.0	341.0	-0.435155	0.650483	0.782616	0.875882
451.0	342.0	-0.274477	0.124797	0.301516	0.948208
101.0	343.0	-0.317996	-0.852688	0.910054	0.794946
767.0	346.0	-0.461800	0.993431	1.095520	0.959085
654.0	348.0	-0.635704	0.679913	0.930807	0.927900
493.0	349.0	-0.426173	0.313585	0.529112	0.888886
700.0	355.0	-0.485646	0.799639	0.935562	0.922641
323.0	358.0	-0.425521	-0.236598	0.486875	0.954537
693.0	361.0	-0.395990	0.797372	0.890287	0.902372
515.0	364.0	-0.471152	0.421578	0.632228	0.723070
286.0	363.0	-0.287799	-0.332196	0.439525	0.897677
678.0	363.0	0.728169	0.790271	1.074596	0.833403
749.0	365.0	-0.518849	1.044795	1.166534	0.752429
