118.0	32.0	0.505827	-0.756957	0.910409	0.955083
426.0	32.0	0.468572	0.113880	0.482212	0.936157
216.0	33.0	0.378212	-0.496102	0.623828	0.677333
583.0	34.0	0.465406	0.525503	0.701966	0.876115
544.0	38.0	0.430033	0.421892	0.602430	0.827940
568.0	35.0	0.691729	0.555523	0.887184	0.849503
453.0	38.0	0.445892	0.085242	0.453967	0.961027
524.0	38.0	-0.004511	0.353444	0.353473	0.703060
327.0	42.0	0.482347	-0.210191	0.526155	0.948897
342.0	41.0	0.453340	-0.144634	0.475853	0.884998
323.0	41.0	0.449976	-0.189119	0.488103	0.961051
79.0	48.0	0.468738	-0.867608	0.986133	0.897892
576.0	51.0	0.394031	0.703407	0.806252	0.898844
226.0	50.0	0.476713	-1.921165	1.979427	0.659110
698.0	55.0	0.363317	0.848220	0.922755	0.732333
549.0	56.0	0.510453	0.386998	0.640571	0.706252
370.0	58.0	0.400429	-0.064878	0.405651	0.805590
333.0	60.0	0.405454	-0.209585	0.456419	0.907819
537.0	60.0	0.342884	0.433496	0.552710	0.766263
255.0	63.0	0.398440	-0.382032	0.551999	0.956609
135.0	69.0	0.401735	-0.723558	0.827603	0.903671
542.0	69.0	0.363728	0.422615	0.557585	0.852102
59.0	71.0	0.404299	-0.930051	1.014127	0.975830
647.0	71.0	0.326523	0.998453	1.050488	0.885711
596.0	73.0	0.323688	0.560975	0.647663	0.925516
274.0	77.0	0.369849	-0.332400	0.497270	0.964958
190.0	79.0	0.404670	-0.432159	0.592046	0.873643
361.0	78.0	0.311967	-0.089695	0.324606	0.916846
719.0	84.0	0.271264	0.983654	1.020373	0.985586
128.0	85.0	0.369952	-0.849699	0.926743	0.920780
619.0	85.0	0.282981	0.626241	0.687209	0.965746
329.0	86.0	0.327631	-0.181977	0.374777	0.979839
360.0	88.0	0.294686	-0.053461	0.299496	0.944827
567.0	87.0	0.312353	0.487206	0.578735	0.857227
220.0	89.0	0.330645	-0.513951	0.611123	0.931121
372.0	90.0	0.262128	-0.090591	0.277340	0.941813
447.0	89.0	0.201896	0.118605	0.234157	0.761300
670.0	94.0	0.260498	0.751866	0.795714	0.913297
358.0	100.0	0.322950	-0.096117	0.336950	0.983311
206.0	98.0	0.253948	-0.518213	0.577091	0.872126
112.0	101.0	1.002377	-1.014118	1.425901	0.684315
301.0	107.0	0.257048	-0.262480	0.367382	0.978554
219.0	110.0	0.333501	-0.509487	0.608933	0.877012
521.0	115.0	0.217660	0.339486	0.403270	0.926518
513.0	116.0	0.218840	0.339201	0.403669	0.926605
613.0	118.0	0.140545	0.604562	0.620684	0.957531
453.0	121.0	0.240260	-0.130903	0.273607	0.834066
194.0	125.0	0.208399	-0.559904	0.597430	0.843935
48.0	126.0	0.262336	-0.969771	1.004627	0.984026
475.0	127.0	0.138336	0.242959	0.279582	0.971459
537.0	129.0	0.029082	0.380608	0.381718	0.949656
545.0	131.0	0.174868	0.352507	0.393497	0.929499
488.0	132.0	0.186153	0.253328	0.314370	0.968730
683.0	133.0	0.109935	1.547112	1.551013	0.857939
429.0	134.0	0.025924	0.075071	0.079421	0.916344
518.0	140.0	0.185875	0.198302	0.271797	0.939767
618.0	145.0	0.097745	0.609097	0.616890	0.820632
422.0	145.0	0.166305	0.083398	0.186045	0.980154
608.0	149.0	0.107595	0.587971	0.597735	0.795599
472.0	149.0	0.388605	0.592975	0.708966	0.838508
504.0	153.0	-0.730587	0.271935	0.779555	0.768270
628.0	158.0	0.165313	0.642518	0.663444	0.859705
86.0	162.0	0.158773	-0.680765	0.699035	0.948363
152.0	162.0	0.129453	-0.682948	0.695109	0.982637
487.0	163.0	-0.354833	0.207513	0.411057	0.782706
553.0	163.0	0.094542	0.518147	0.526701	0.929501
414.0	168.0	0.094997	-0.279426	0.295132	0.795222
692.0	169.0	0.043555	0.816042	0.817203	0.994566
374.0	169.0	0.077129	-0.088171	0.117145	0.940590
760.0	170.0	0.032105	1.001739	1.002253	0.920014
192.0	178.0	0.066363	-0.580815	0.584594	0.921902
61.0	177.0	0.114519	-0.920725	0.927820	0.994073
352.0	178.0	0.055647	-0.252958	0.259007	0.943988
369.0	177.0	-0.181495	0.089539	0.202380	0.788164
294.0	179.0	0.060175	-0.307017	0.312859	0.899431
542.0	180.0	0.033246	0.558964	0.559951	0.927871
420.0	186.0	0.065785	-0.047492	0.081137	0.836463
445.0	189.0	0.018053	0.181000	0.181898	0.851667
96.0	189.0	0.046330	-0.828793	0.830087	0.921342
288.0	189.0	0.023748	-0.200700	0.202100	0.813436
367.0	190.0	0.016208	-0.103435	0.104698	0.780556
723.0	194.0	-0.030138	0.900464	0.900968	0.998418
104.0	199.0	0.053196	-0.828402	0.830108	0.919788
297.0	199.0	0.011676	-0.398728	0.398899	0.803881
266.0	201.0	0.017157	-0.372615	0.373010	0.975209
290.0	204.0	0.010702	-0.218567	0.218829	0.791827
626.0	203.0	0.009407	0.621941	0.622012	0.869280
47.0	209.0	0.033712	-1.047675	1.048217	0.987010
512.0	208.0	-0.023715	0.320877	0.321752	0.862209
406.0	213.0	-0.043271	-0.144751	0.151080	0.863770
425.0	212.0	-0.052658	0.036909	0.064305	0.711742
484.0	214.0	-0.045998	0.107301	0.116745	0.958939
414.0	217.0	-0.032970	0.013290	0.035548	0.674864
83.0	223.0	-0.021227	-0.884663	0.884917	0.993573
32.0	225.0	0.353725	-0.568706	0.669737	0.807836
246.0	226.0	-0.065899	-0.436396	0.441344	0.738557
383.0	225.0	-0.080523	-0.052021	0.095865	0.829126
669.0	226.0	-0.125373	0.754105	0.764456	0.846528
377.0	230.0	-0.130453	-0.063107	0.144915	0.902069
568.0	231.0	0.120302	0.483879	0.498610	0.878986
125.0	233.0	-0.070369	-0.798753	0.801847	0.989827
669.0	233.0	-0.124900	0.749262	0.759600	0.846594
547.0	233.0	-0.115713	0.448755	0.463433	0.843644
582.0	234.0	-0.135234	0.488713	0.507079	0.919617
485.0	233.0	-0.045903	0.259356	0.263387	0.738276
283.0	237.0	-0.090831	-0.326647	0.339041	0.983450
35.0	240.0	-0.029705	-0.889609	0.890104	0.945676
154.0	244.0	-0.091559	-0.678603	0.684752	0.970306
415.0	246.0	-0.563698	0.166748	0.587844	0.770318
426.0	250.0	-0.548800	0.053355	0.551388	0.780319
638.0	249.0	-0.180901	0.652103	0.676730	0.714104
636.0	256.0	-0.181618	0.652139	0.676957	0.714111
70.0	256.0	-0.117923	-0.956147	0.963391	0.901371
264.0	257.0	-0.140756	-0.388223	0.412952	0.975701
388.0	259.0	-0.173697	-0.039722	0.178181	0.777483
563.0	258.0	-0.185259	0.445312	0.482311	0.966494
381.0	259.0	-0.173630	-0.039714	0.178114	0.777484
467.0	261.0	-0.182503	0.223135	0.288265	0.977421
713.0	261.0	-0.074150	0.864639	0.867812	0.937327
406.0	264.0	-0.171052	0.001162	0.171056	0.979421
63.0	268.0	-0.133500	-0.939294	0.948734	0.841658
758.0	268.0	-0.235516	0.970622	0.998787	0.984199
196.0	270.0	-0.213670	-0.579574	0.617706	0.818483
212.0	269.0	-0.265581	-0.543150	0.604604	0.863253
203.0	272.0	-0.205610	-0.559076	0.595686	0.810637
267.0	274.0	-0.182863	-0.357689	0.401721	0.827419
329.0	274.0	-0.220387	-0.069967	0.231227	0.545066
193.0	278.0	-0.185400	-0.579752	0.608675	0.819349
276.0	277.0	-0.183284	-0.401324	0.441196	0.822080
55.0	278.0	-0.187597	-0.900573	0.919905	0.970110
118.0	283.0	-0.169685	-0.713754	0.733647	0.964812
757.0	285.0	-0.287030	0.854561	0.901477	0.955338
85.0	286.0	-0.185723	-1.152636	1.167503	0.912324
728.0	290.0	-0.298208	0.900818	0.948895	0.981280
327.0	291.0	-0.280820	-0.198460	0.343869	0.755035
54.0	292.0	-0.127205	-0.945390	0.953910	0.917630
264.0	293.0	-0.306760	-0.315407	0.439981	0.816863
370.0	293.0	-0.246018	-0.085915	0.260589	0.944090
488.0	293.0	-0.271439	0.240779	0.362841	0.979198
275.0	297.0	-0.252384	-0.343064	0.425900	0.807351
54.0	298.0	-0.096564	-1.029195	1.033715	0.847516
77.0	300.0	-0.199597	-0.897530	0.919456	0.888512
415.0	308.0	-0.291369	0.031278	0.293043	0.896545
208.0	313.0	-0.289745	-0.545372	0.617562	0.906191
182.0	313.0	-0.335008	-0.628988	0.712640	0.781943
50.0	313.0	-0.235408	-1.185743	1.208885	0.736006
109.0	317.0	-0.285664	-0.828136	0.876021	0.767120
258.0	317.0	-0.311072	-0.418536	0.521477	0.818449
511.0	318.0	-0.344985	0.294857	0.453823	0.780449
768.0	327.0	-0.404459	1.008957	1.087006	0.959826
579.0	327.0	-0.376320	0.479765	0.609746	0.705450
562.0	329.0	-0.381168	0.434357	0.577889	0.703048
466.0	337.0	-0.390735	0.167328	0.425056	0.972081
372.0	338.0	-0.382042	-0.094604	0.393580	0.839957
224.0	338.0	-0.362799	-0.513162	0.628457	0.935728
727.0	341.0	-0.429734	0.786141	0.895929	0.786654
706.0	342.0	-0.437963	0.835860	0.943649	0.701634
165.0	345.0	-0.407279	-0.563339	0.695145	0.898532
442.0	349.0	-0.422399	0.103451	0.434883	0.717812
213.0	355.0	-0.417156	-0.590638	0.723100	0.819914
755.0	356.0	-0.465070	0.959986	1.066706	0.964313
158.0	358.0	-0.398894	-0.740023	0.840684	0.875749
367.0	358.0	-0.435491	-0.107077	0.448462	0.930755
308.0	361.0	-0.240336	-0.259699	0.353843	0.937070
534.0	361.0	-0.472323	0.352242	0.589206	0.950629
215.0	362.0	-0.425514	-0.538762	0.686532	0.806605
321.0	362.0	-0.437219	-0.258235	0.507785	0.925814
283.0	364.0	-0.445352	-0.338035	0.559111	0.800294
640.0	364.0	-0.488917	0.644112	0.808653	0.947615
728.0	367.0	-0.549875	1.037147	1.173898	0.780156
