112.0	32.0	0.490162	-0.674958	0.834162	0.816642
57.0	37.0	0.520527	-0.931763	1.067300	0.743584
198.0	36.0	0.492869	-0.544557	0.734481	0.880993
258.0	35.0	0.465243	-0.362323	0.589686	0.859024
668.0	35.0	0.410397	0.885251	0.975754	0.657708
264.0	38.0	0.470255	-0.362311	0.593641	0.859163
373.0	39.0	0.485476	-0.051568	0.488207	0.940332
632.0	37.0	0.425796	0.665243	0.789842	0.682376
714.0	38.0	0.432778	0.886471	0.986472	0.853554
257.0	42.0	0.465243	-0.362323	0.589686	0.859024
703.0	42.0	0.404165	0.976528	1.056861	0.756319
110.0	44.0	0.495515	-0.793239	0.935288	0.863757
451.0	45.0	0.418828	0.155673	0.446823	0.971221
477.0	44.0	0.348312	0.200358	0.401826	0.853185
766.0	46.0	0.366104	1.061281	1.122653	0.882894
673.0	47.0	0.397558	0.806062	0.898770	0.814561
497.0	49.0	0.399794	0.261167	0.477539	0.687688
177.0	50.0	0.444764	-0.610118	0.755022	0.949065
537.0	50.0	0.407413	0.368963	0.549654	0.897352
169.0	51.0	0.444720	-0.683880	0.815762	0.933664
664.0	52.0	0.380522	0.760510	0.850395	0.784750
316.0	56.0	0.415162	-0.221038	0.470337	0.965229
556.0	62.0	0.339382	0.451675	0.564970	0.950364
454.0	64.0	0.485879	0.153326	0.509497	0.926247
269.0	67.0	0.385150	-0.346243	0.517904	0.953861
700.0	67.0	0.154371	0.849872	0.863779	0.965194
218.0	70.0	0.399192	-0.543891	0.674664	0.550628
438.0	69.0	0.374522	0.132162	0.397157	0.726948
119.0	72.0	0.413303	-0.681787	0.797278	0.946951
460.0	75.0	0.370275	0.175225	0.409643	0.967310
301.0	75.0	0.361083	-0.255313	0.442229	0.970150
483.0	76.0	0.242639	0.227522	0.332626	0.968779
587.0	77.0	0.314313	0.532536	0.618375	0.946461
404.0	79.0	0.335283	0.026931	0.336363	0.983679
443.0	79.0	0.349321	-0.061686	0.354725	0.806802
330.0	81.0	0.335769	-0.189299	0.385454	0.978915
243.0	84.0	0.343746	-0.420960	0.543479	0.929538
725.0	85.0	0.266776	0.857748	0.898277	0.912066
641.0	85.0	0.254979	1.190686	1.217681	0.728721
759.0	90.0	0.247156	1.014609	1.044279	0.753255
374.0	89.0	0.322029	0.006825	0.322101	0.884430
713.0	91.0	0.230537	0.894871	0.924089	0.919202
455.0	95.0	0.154271	0.194717	0.248423	0.902093
636.0	94.0	0.255945	0.652414	0.700823	0.729871
320.0	97.0	0.318804	-0.230413	0.393353	0.966732
628.0	99.0	0.132412	0.692829	0.705369	0.749067
714.0	99.0	0.252558	0.930117	0.963796	0.919041
219.0	99.0	0.312136	-0.480968	0.573375	0.891664
559.0	102.0	0.250705	0.458755	0.522790	0.904625
132.0	104.0	0.306029	-0.917584	0.967272	0.940638
494.0	114.0	0.242118	0.268614	0.361628	0.895922
236.0	114.0	0.339295	-0.419223	0.539323	0.906401
346.0	119.0	0.231149	-0.199049	0.305041	0.946037
152.0	123.0	0.501339	-0.780105	0.927311	0.685641
136.0	119.0	0.679015	-1.078816	1.274718	0.651653
769.0	122.0	0.158272	1.056289	1.068081	0.970042
671.0	122.0	0.153744	0.796565	0.811266	0.738419
38.0	124.0	0.244303	-1.000948	1.030331	0.881609
644.0	126.0	0.173354	0.682047	0.703733	0.977773
124.0	127.0	0.239975	-0.746205	0.783844	0.889668
35.0	131.0	0.244108	-1.056684	1.084513	0.877974
220.0	131.0	0.133511	-0.479318	0.497565	0.949096
571.0	131.0	0.310023	0.427366	0.527973	0.657246
590.0	131.0	0.166675	0.538405	0.563614	0.954614
682.0	132.0	0.057372	0.835605	0.837572	0.761174
302.0	136.0	0.056136	-0.299695	0.304907	0.774712
261.0	135.0	0.219432	-0.343433	0.407549	0.942451
696.0	136.0	0.103792	0.802000	0.808689	0.838986
172.0	137.0	0.200524	-0.765315	0.791150	0.883059
570.0	140.0	0.226893	0.483472	0.534065	0.636487
133.0	150.0	0.172830	-0.721276	0.741694	0.890323
169.0	150.0	0.213839	-0.648056	0.682425	0.868252
317.0	150.0	0.049439	-0.284221	0.288489	0.691564
748.0	151.0	0.081560	0.946705	0.950211	0.750655
305.0	152.0	0.151269	-1.098902	1.109265	0.600779
685.0	153.0	0.205475	0.871215	0.895118	0.848934
398.0	158.0	0.095918	-0.005837	0.096096	0.900888
463.0	160.0	0.102985	0.174697	0.202792	0.993062
693.0	159.0	0.077070	0.803640	0.807327	0.872586
151.0	159.0	-0.190752	-0.666344	0.693110	0.737216
277.0	161.0	0.120664	-0.417338	0.434431	0.863585
709.0	165.0	0.342126	0.826159	0.894197	0.887889
119.0	166.0	0.308501	-0.883892	0.936182	0.964862
232.0	164.0	0.257567	-0.464489	0.531122	0.944647
645.0	166.0	0.061894	0.685409	0.688198	0.969622
157.0	166.0	0.089613	-0.683383	0.689233	0.852397
526.0	166.0	-0.281991	0.280464	0.397717	0.718345
608.0	166.0	0.062950	0.739279	0.741954	0.882694
169.0	167.0	0.167420	-0.649111	0.670354	0.940633
252.0	172.0	0.075281	-0.406353	0.413267	0.884953
500.0	171.0	0.042653	0.280571	0.283795	0.775656
523.0	171.0	-0.060054	0.326390	0.331869	0.720875
442.0	177.0	0.032467	0.122048	0.126292	0.984701
510.0	177.0	0.023982	0.318179	0.319081	0.739128
48.0	179.0	0.127574	-1.139800	1.146917	0.942045
255.0	180.0	0.054833	-0.400883	0.404616	0.837684
490.0	181.0	0.040283	0.269016	0.272015	0.714734
115.0	182.0	0.100818	-0.687024	0.694382	0.963011
469.0	183.0	0.010260	0.360898	0.361044	0.806747
307.0	183.0	0.056435	-0.257371	0.263486	0.946988
538.0	182.0	0.029813	0.465014	0.465969	0.705375
447.0	190.0	0.100121	0.097585	0.139810	0.940889
366.0	192.0	-0.079204	-0.092351	0.121664	0.609249
547.0	194.0	0.000482	0.410984	0.410985	0.730163
277.0	194.0	0.114461	-0.332370	0.351527	0.960581
257.0	196.0	0.040417	-0.175494	0.180088	0.947477
409.0	195.0	0.005303	0.023853	0.024436	0.999521
502.0	200.0	-0.012648	0.236311	0.236650	0.972334
698.0	200.0	-0.074486	0.856695	0.859927	0.864772
431.0	202.0	0.884463	0.177072	0.902014	0.830701
581.0	204.0	-0.036617	0.493778	0.495134	0.924167
703.0	207.0	-0.064429	0.832120	0.834611	0.867653
131.0	209.0	0.013087	-0.745016	0.745131	0.990289
32.0	210.0	-0.170939	-1.027996	1.042111	0.895539
329.0	212.0	0.045373	-0.198829	0.203940	0.977192
501.0	216.0	-0.026929	-0.320089	0.321220	0.763100
416.0	218.0	-0.099877	-0.003435	0.099936	0.682185
457.0	218.0	-0.061694	0.166913	0.177949	0.724083
736.0	223.0	0.041205	1.168289	1.169016	0.915277
170.0	228.0	-0.050872	-0.662381	0.664331	0.869652
133.0	227.0	-0.041891	-0.949839	0.950762	0.875842
85.0	232.0	-0.025494	-0.902063	0.902424	0.983816
178.0	232.0	-0.028990	-0.633785	0.634447	0.883870
750.0	231.0	-0.000818	1.150066	1.150066	0.912608
231.0	232.0	-0.077611	-0.456477	0.463027	0.963631
608.0	235.0	-0.224044	0.515473	0.562057	0.832724
613.0	235.0	-0.234967	0.515472	0.566499	0.830756
34.0	237.0	-0.050126	-1.013890	1.015129	0.965213
326.0	241.0	-0.079390	-0.090361	0.120282	0.810600
424.0	242.0	-0.042456	0.002958	0.042559	0.889282
375.0	244.0	-0.036829	-0.099731	0.106313	0.837224
672.0	249.0	-0.250715	0.866249	0.901801	0.796640
285.0	253.0	-0.128020	-0.329345	0.353352	0.789077
372.0	253.0	-0.123353	-0.073517	0.143599	0.802332
155.0	259.0	-0.151078	-0.660592	0.677648	0.966915
502.0	259.0	-0.161261	0.277296	0.320778	0.848147
590.0	257.0	-0.183940	0.690423	0.714505	0.876755
248.0	260.0	-0.158595	-0.425903	0.454473	0.920736
58.0	262.0	-0.212549	-0.873178	0.898675	0.893216
467.0	264.0	-0.175411	0.222361	0.283220	0.672354
249.0	267.0	-0.174182	-0.425091	0.459393	0.916353
644.0	271.0	-0.276503	0.682064	0.735979	0.972585
181.0	273.0	-0.038644	-0.613394	0.614610	0.936866
592.0	273.0	-0.231355	0.716665	0.753083	0.919770
712.0	273.0	-0.252687	0.999940	1.031374	0.908412
227.0	282.0	-0.200482	-0.474039	0.514690	0.959408
325.0	282.0	-0.190850	-0.139068	0.236144	0.754509
343.0	282.0	-0.073779	-0.147371	0.164807	0.899895
712.0	288.0	-0.278782	0.932948	0.973710	0.877848
551.0	289.0	-0.340616	0.408460	0.531845	0.939433
47.0	290.0	-0.366930	-0.988200	1.054124	0.821985
404.0	291.0	-0.281620	-0.124054	0.307732	0.949509
491.0	293.0	-0.287354	0.234957	0.371184	0.974630
647.0	294.0	-0.072932	0.462593	0.468307	0.856501
162.0	295.0	-0.247295	-0.576124	0.626955	0.811231
42.0	300.0	-0.195481	-1.006381	1.025190	0.916313
60.0	300.0	-0.198593	-0.983890	1.003733	0.816167
397.0	301.0	-0.376935	-0.026931	0.377896	0.956724
630.0	301.0	-0.328019	0.602177	0.685722	0.788686
382.0	306.0	-0.284447	-0.060561	0.290823	0.734132
676.0	304.0	-0.350230	0.726052	0.806109	0.928149
411.0	305.0	-0.264634	-0.031414	0.266492	0.820675
251.0	307.0	-0.280734	-0.425514	0.509778	0.960410
593.0	310.0	-0.319956	0.528987	0.618223	0.838059
436.0	309.0	-0.276040	0.098875	0.293214	0.983673
101.0	313.0	-0.274830	-0.843885	0.887510	0.921228
336.0	313.0	-0.306997	-0.192201	0.362199	0.782833
308.0	314.0	-0.321690	-0.264387	0.416395	0.787325
665.0	314.0	-0.347900	0.721511	0.801007	0.826734
300.0	315.0	-0.285107	-0.267684	0.391076	0.785644
581.0	316.0	-0.329538	0.526189	0.620862	0.839856
766.0	316.0	-0.379828	1.023184	1.091410	0.822476
309.0	326.0	-0.326274	-0.306137	0.447408	0.784120
237.0	330.0	-0.354352	-0.474886	0.592522	0.949125
510.0	332.0	-0.383505	0.287234	0.479144	0.966617
687.0	331.0	-0.378869	0.721822	0.815211	0.685571
137.0	333.0	-0.240999	-0.728990	0.767793	0.881116
98.0	340.0	-0.347682	-0.851022	0.919304	0.751812
340.0	341.0	-0.385493	-0.185250	0.427694	0.785737
85.0	342.0	-0.050719	-0.887642	0.889090	0.698143
116.0	341.0	-1.973120	-0.836872	2.143258	0.743863
181.0	345.0	-0.374519	-0.534919	0.652995	0.937469
308.0	345.0	-0.388865	-0.300027	0.491154	0.903394
719.0	349.0	-0.404791	0.806926	0.902766	0.929692
138.0	350.0	-0.403398	-0.740388	0.843151	0.689021
562.0	352.0	-0.468231	0.447847	0.647925	0.868293
583.0	352.0	-0.464329	0.475237	0.664418	0.825024
421.0	355.0	-0.444541	0.044924	0.446805	0.771268
167.0	362.0	-0.407255	-0.644289	0.762211	0.819103
573.0	362.0	-0.475315	0.473237	0.670730	0.859979
582.0	361.0	-0.476366	0.481509	0.677329	0.851797
96.0	363.0	-0.418579	-0.860945	0.957306	0.962194
647.0	363.0	-0.496854	0.664073	0.829371	0.932791
85.0	367.0	-0.402832	-0.881044	0.968768	0.874418
193.0	367.0	-0.428164	-0.596434	0.734206	0.948364
279.0	367.0	-0.450438	-0.344171	0.566876	0.917925
