112.0	33.0	0.454051	-0.921359	1.027163	0.718786
257.0	39.0	0.469552	-0.375623	0.601309	0.804920
668.0	35.0	0.437623	0.755255	0.872882	0.763428
57.0	36.0	0.554454	-0.932885	1.085216	0.858740
199.0	36.0	0.474680	-0.545722	0.723280	0.710525
250.0	37.0	0.455279	-0.376390	0.590719	0.825956
714.0	38.0	0.417909	0.891425	0.984524	0.834037
43.0	39.0	0.811312	-0.898544	1.210623	0.859909
110.0	44.0	0.451838	-0.901882	1.008736	0.788505
760.0	44.0	0.409721	1.080007	1.155113	0.673109
668.0	45.0	0.422236	0.790043	0.895796	0.818430
451.0	45.0	0.422934	0.160309	0.452296	0.970271
490.0	48.0	0.395011	0.749434	0.847163	0.667573
673.0	47.0	0.422240	0.791215	0.896832	0.818407
83.0	47.0	0.443461	-0.863111	0.970370	0.767727
177.0	50.0	0.447042	-0.615209	0.760479	0.822816
537.0	50.0	0.384086	0.479485	0.614352	0.762315
169.0	52.0	0.431832	-0.514390	0.671622	0.800516
664.0	52.0	0.394466	0.463148	0.608366	0.818271
104.0	55.0	0.450733	-0.848090	0.960425	0.912468
316.0	56.0	0.409400	-0.214639	0.462253	0.969454
499.0	62.0	0.038113	0.539482	0.540827	0.743990
556.0	62.0	0.375500	0.431210	0.571789	0.939272
527.0	63.0	0.372748	0.388203	0.538184	0.684632
159.0	65.0	0.427348	-0.632133	0.763032	0.921148
269.0	67.0	0.386856	-0.350496	0.522020	0.936393
700.0	67.0	0.307647	0.853836	0.907569	0.958963
218.0	70.0	0.382485	-0.635020	0.741313	0.865045
384.0	74.0	0.352791	-0.144669	0.381301	0.964972
483.0	76.0	0.266087	0.249089	0.364482	0.975129
460.0	75.0	-0.932817	0.132263	0.942147	0.627114
404.0	79.0	0.333820	0.028248	0.335013	0.983763
443.0	79.0	0.305768	0.248596	0.394074	0.726636
243.0	84.0	0.344070	-0.419631	0.542655	0.912678
331.0	82.0	0.303937	0.710065	0.772379	0.754083
216.0	84.0	0.378878	-0.602965	0.712120	0.843927
564.0	88.0	0.282144	0.233662	0.366338	0.877650
759.0	90.0	0.191278	1.010784	1.028724	0.854716
713.0	91.0	0.230333	0.876705	0.906458	0.690667
636.0	94.0	0.272974	0.662687	0.716707	0.669133
72.0	95.0	0.336125	-0.888893	0.950321	0.981229
455.0	95.0	0.276462	-0.454404	0.531897	0.755135
320.0	97.0	0.307725	0.073033	0.316273	0.853269
491.0	95.0	0.325807	0.189337	0.376827	0.932116
628.0	99.0	-8.380295	5.533713	10.042476	0.873998
132.0	103.0	0.306656	-0.727834	0.789798	0.893813
559.0	102.0	0.271510	0.467144	0.540316	0.783170
639.0	106.0	0.260116	0.669522	0.718276	0.710872
676.0	108.0	-1.662885	-7.773886	7.949748	0.962199
302.0	111.0	0.245347	-0.259798	0.357338	0.976436
678.0	116.0	0.194987	0.705885	0.732320	0.729756
495.0	118.0	0.215934	0.262223	0.339688	0.768753
263.0	118.0	0.375716	-0.324855	0.496683	0.868941
346.0	119.0	0.217948	-0.189384	0.288734	0.966107
769.0	122.0	0.047967	1.042402	1.043505	0.937474
152.0	124.0	0.384785	-0.681672	0.782775	0.804408
644.0	126.0	0.172017	0.685370	0.706627	0.945811
220.0	131.0	0.160697	-0.497583	0.522888	0.946291
351.0	132.0	0.199069	0.317115	0.374420	0.874959
591.0	131.0	0.133285	0.552263	0.568119	0.838012
261.0	135.0	0.282123	-0.332734	0.436240	0.880051
469.0	133.0	0.181025	0.179950	0.255249	0.967019
302.0	137.0	0.747385	-0.309810	0.809052	0.795829
172.0	137.0	0.187828	-0.519470	0.552384	0.929771
235.0	138.0	0.103854	-0.474958	0.486180	0.891875
733.0	140.0	0.187096	0.947805	0.966095	0.948926
350.0	147.0	0.157619	-0.011810	0.158060	0.892173
191.0	147.0	0.169853	-0.571660	0.596360	0.930936
317.0	150.0	0.230000	-0.185309	0.295363	0.789413
746.0	150.0	0.094476	0.948121	0.952816	0.945897
169.0	150.0	0.188662	-0.634199	0.661666	0.939334
619.0	150.0	0.108222	0.703089	0.711369	0.971666
34.0	152.0	0.181771	-1.001597	1.017958	0.850027
408.0	152.0	0.117135	0.008230	0.117424	0.956999
215.0	154.0	0.143575	-0.507642	0.527555	0.908438
398.0	158.0	0.115199	-0.041761	0.122534	0.926799
69.0	160.0	0.126708	-0.907295	0.916100	0.901873
312.0	162.0	0.151310	-0.204883	0.254699	0.828833
768.0	163.0	0.091961	1.013992	1.018154	0.821064
232.0	164.0	0.165102	-0.461656	0.490291	0.964212
119.0	166.0	0.162770	-0.363710	0.398471	0.921681
525.0	168.0	0.080090	0.304314	0.314676	0.923514
709.0	165.0	0.229408	0.860851	0.890895	0.857203
157.0	166.0	0.006020	-0.809659	0.809681	0.811888
608.0	166.0	0.066910	0.755050	0.758009	0.942991
500.0	171.0	0.057385	0.295745	0.301261	0.808844
252.0	172.0	0.087501	-0.408619	0.417882	0.757830
442.0	176.0	-0.030035	0.121873	0.125520	0.958004
511.0	178.0	0.050419	0.316233	0.320227	0.945280
469.0	182.0	0.014681	0.313594	0.313938	0.815950
115.0	182.0	0.125668	-0.709790	0.720828	0.943233
550.0	184.0	0.017387	0.421556	0.421915	0.699717
712.0	183.0	0.091429	0.592723	0.599734	0.929059
447.0	188.0	-0.175362	0.450366	0.483303	0.709665
366.0	192.0	-0.023136	-0.080867	0.084112	0.950420
381.0	193.0	-0.021708	-0.076621	0.079637	0.974939
277.0	194.0	0.035486	-0.340594	0.342437	0.982002
446.0	194.0	-0.078026	0.154527	0.173109	0.796673
671.0	194.0	-0.027072	0.755094	0.755579	0.990781
547.0	194.0	-3.781313	9.667592	10.380783	0.911438
257.0	196.0	0.031540	-0.124477	0.128410	0.918305
697.0	199.0	-0.113891	0.766379	0.774795	0.807238
501.0	200.0	-0.014916	0.270293	0.270705	0.987804
431.0	202.0	-0.163235	0.057207	0.172969	0.970746
61.0	207.0	0.053236	-0.941865	0.943368	0.964186
131.0	208.0	0.009432	-0.747570	0.747630	0.990739
703.0	207.0	-0.064920	0.747863	0.750675	0.799315
573.0	208.0	-0.052959	0.491157	0.494004	0.724512
330.0	212.0	0.044093	-0.196157	0.201051	0.989240
246.0	215.0	-0.020539	-0.433884	0.434370	0.943471
416.0	218.0	-0.053809	0.031116	0.062158	0.955691
457.0	218.0	-0.059487	0.168125	0.178339	0.932120
313.0	218.0	0.429443	-0.251982	0.497912	0.856918
536.0	221.0	-0.084514	0.377418	0.386764	0.935493
170.0	228.0	-0.042675	-0.647015	0.648421	0.790328
422.0	229.0	-0.071745	0.012005	0.072742	0.897412
668.0	227.0	-0.117792	1.004899	1.011779	0.816902
85.0	232.0	-0.046469	-0.924345	0.925512	0.996362
749.0	231.0	-0.128074	0.968093	0.976528	0.842584
605.0	234.0	0.562706	1.096962	1.232868	0.761940
345.0	234.0	-0.070897	-0.168690	0.182983	0.934002
44.0	233.0	-0.032138	-0.981757	0.982283	0.702938
398.0	239.0	-0.109455	-0.008380	0.109775	0.976106
628.0	239.0	0.269260	0.618513	0.674581	0.676283
327.0	241.0	-0.102356	-0.188325	0.214343	0.941672
375.0	244.0	-0.170187	-0.157805	0.232090	0.808373
108.0	247.0	-0.097117	-0.824433	0.830133	0.966147
72.0	248.0	-0.039334	-1.264981	1.265593	0.929702
671.0	250.0	0.198246	0.133818	0.239183	0.925392
515.0	250.0	-0.154819	0.314403	0.350455	0.728043
205.0	249.0	-0.094312	-0.551962	0.559962	0.960584
285.0	253.0	-0.134374	-0.329703	0.356034	0.934666
590.0	257.0	-0.190165	0.519443	0.553158	0.923516
155.0	259.0	-0.154437	-0.683659	0.700885	0.950642
389.0	258.0	-0.059290	-0.077523	0.097596	0.878281
58.0	262.0	-0.168943	-0.932202	0.947387	0.964963
467.0	264.0	-0.186651	0.181730	0.260508	0.943268
226.0	264.0	-0.164679	-0.486716	0.513821	0.960106
493.0	264.0	-0.194600	0.235697	0.305651	0.701368
486.0	267.0	-0.232027	0.236679	0.331441	0.866519
644.0	271.0	-0.473729	0.730286	0.870481	0.936403
591.0	273.0	-0.213249	0.464455	0.511071	0.948885
264.0	273.0	0.603468	-0.420337	0.735430	0.620411
165.0	278.0	-0.215317	-0.692682	0.725375	0.911342
314.0	278.0	-0.223284	-0.248685	0.334215	0.759454
116.0	285.0	-0.205807	-0.815424	0.840995	0.985479
720.0	287.0	-0.291179	0.891575	0.937918	0.811564
551.0	289.0	-0.273946	0.410740	0.493714	0.921379
712.0	288.0	-0.289931	0.961647	1.004403	0.824185
404.0	291.0	-0.279735	0.161103	0.322809	0.951371
469.0	291.0	-0.259404	0.198828	0.326838	0.858265
491.0	293.0	-0.234719	0.225885	0.325756	0.976343
647.0	295.0	-0.193019	0.650676	0.678702	0.904069
378.0	296.0	-0.277573	-0.071699	0.286684	0.879896
473.0	295.0	-0.260085	0.198827	0.327379	0.858239
42.0	300.0	-0.211008	-1.008544	1.030381	0.695149
397.0	301.0	-0.101743	-0.013303	0.102609	0.963553
759.0	303.0	-0.367890	1.201374	1.256440	0.837060
676.0	305.0	-0.332581	0.750160	0.820579	0.769024
411.0	305.0	-0.272658	0.013891	0.273012	0.934500
382.0	306.0	-0.269329	-0.065203	0.277109	0.928420
251.0	307.0	-0.276388	-0.431414	0.512356	0.962196
642.0	307.0	-0.296267	0.667284	0.730098	0.808886
436.0	309.0	-0.306640	0.087546	0.318893	0.985096
731.0	308.0	-0.372442	0.875837	0.951737	0.880456
504.0	310.0	-0.302687	-0.341727	0.456505	0.844747
592.0	310.0	-0.345489	0.494157	0.602954	0.778607
101.0	313.0	-0.274911	-0.859331	0.902234	0.947466
308.0	314.0	-0.296547	-0.224293	0.371817	0.875474
336.0	313.0	-0.310604	-0.167001	0.352653	0.907879
90.0	315.0	-0.279629	-0.859384	0.903733	0.947501
581.0	316.0	-0.355924	0.494127	0.608969	0.778708
665.0	314.0	-0.332405	0.745581	0.816324	0.727865
766.0	316.0	-0.369682	1.003366	1.069303	0.850156
171.0	316.0	-0.302032	-0.648618	0.715492	0.859663
718.0	319.0	-0.431593	0.876370	0.976881	0.839557
469.0	322.0	-0.374809	0.145397	0.402022	0.930381
308.0	326.0	-0.319647	-0.301511	0.439413	0.881565
237.0	330.0	-0.342144	-0.467580	0.579391	0.952341
687.0	331.0	-0.288345	0.760675	0.813493	0.883809
137.0	333.0	-0.332159	-0.750354	0.820585	0.969452
670.0	338.0	-0.214047	0.730432	0.761148	0.683525
98.0	340.0	-0.349782	-0.858939	0.927429	0.793517
116.0	341.0	-0.275349	-0.808691	0.854282	0.970580
311.0	341.0	-0.365308	-0.481251	0.604195	0.765554
340.0	341.0	-0.413116	-0.180489	0.450823	0.911571
554.0	341.0	-0.435975	0.429127	0.611739	0.827345
181.0	344.0	-0.373550	-0.598281	0.705322	0.953447
138.0	350.0	-0.423440	-0.933729	1.025257	0.833455
719.0	349.0	-0.473202	1.100857	1.198251	0.882051
562.0	352.0	-0.454361	0.442042	0.633913	0.867670
583.0	352.0	-0.461541	0.472703	0.660657	0.862126
268.0	356.0	-0.419494	-0.386747	0.570569	0.821424
703.0	357.0	-0.466528	0.966639	1.073331	0.849081
69.0	357.0	-0.587232	-0.981619	1.143860	0.897635
572.0	362.0	-0.507862	0.458413	0.684154	0.820060
96.0	363.0	-0.416306	-0.864228	0.959271	0.803992
151.0	363.0	-0.322850	-0.745100	0.812038	0.844280
722.0	364.0	-0.484623	1.047480	1.154154	0.900776
543.0	368.0	-0.492841	0.372256	0.617630	0.816982
