371.0	30.0	0.479029	-0.098458	0.489043	0.911636
103.0	31.0	0.505067	-0.790987	0.938485	0.779749
624.0	34.0	0.434174	0.647676	0.779737	0.718962
195.0	36.0	0.469087	-0.559811	0.730364	0.936496
763.0	37.0	-0.314543	1.092854	1.137219	0.708143
103.0	39.0	0.505056	-0.815761	0.959452	0.780132
387.0	40.0	0.451511	-0.068864	0.456732	0.933338
547.0	41.0	0.417012	0.504516	0.654550	0.717038
371.0	43.0	0.475485	-0.225282	0.526154	0.799632
176.0	45.0	0.456072	-0.606702	0.759005	0.745145
568.0	49.0	0.377619	0.471782	0.604297	0.930587
387.0	52.0	0.484619	-0.013003	0.484793	0.864383
200.0	53.0	0.412300	-0.696769	0.809617	0.914931
232.0	55.0	0.412885	-0.466865	0.623246	0.848463
92.0	55.0	0.455721	-0.703764	0.838430	0.933213
450.0	57.0	0.441063	0.215558	0.490919	0.785312
528.0	59.0	0.376723	0.473658	0.605204	0.667245
555.0	58.0	0.435898	0.202561	0.480664	0.932643
40.0	59.0	0.292868	-1.072587	1.111852	0.878914
222.0	61.0	0.388412	-0.467530	0.607822	0.827394
183.0	63.0	0.400455	-0.552649	0.682484	0.781443
139.0	67.0	0.408385	-0.673207	0.787391	0.619301
191.0	70.0	0.398277	-0.616123	0.733643	0.797771
387.0	71.0	0.360775	0.165131	0.396771	0.858552
464.0	72.0	0.202472	0.005961	0.202559	0.803402
222.0	72.0	0.403076	-0.504901	0.646061	0.756802
519.0	73.0	0.369713	0.340697	0.502754	0.898369
36.0	74.0	0.433126	-1.170650	1.248206	0.863633
746.0	76.0	0.297267	1.017834	1.060356	0.941282
548.0	77.0	0.303485	0.392283	0.495973	0.941855
486.0	78.0	0.312830	0.603916	0.680130	0.864114
418.0	80.0	0.301177	0.100717	0.317571	0.956607
684.0	81.0	0.315447	0.788573	0.849326	0.813276
444.0	83.0	0.301698	0.128644	0.327980	0.929792
190.0	86.0	0.082079	-0.478534	0.485522	0.918338
593.0	84.0	0.311031	0.562484	0.642751	0.628168
115.0	86.0	0.388744	-0.621388	0.732969	0.761573
343.0	87.0	0.361954	-0.127233	0.383666	0.837462
555.0	89.0	0.337766	0.440018	0.554708	0.928583
32.0	90.0	0.333977	-0.898683	0.958734	0.882452
438.0	90.0	0.300265	0.128290	0.326523	0.929761
355.0	90.0	0.323144	-0.146124	0.354647	0.703794
392.0	94.0	0.293996	-0.008566	0.294120	0.987508
483.0	97.0	0.284377	0.176331	0.334609	0.931115
575.0	94.0	0.300784	0.483487	0.569413	0.883619
262.0	96.0	0.301567	-0.358018	0.468102	0.966979
225.0	100.0	0.301434	-0.330357	0.447212	0.936413
519.0	108.0	0.235095	0.295121	0.377315	0.972486
45.0	110.0	0.031464	-0.989972	0.990472	0.961657
171.0	112.0	0.259311	-0.647106	0.697129	0.800869
488.0	111.0	0.273293	0.096420	0.289803	0.895498
610.0	113.0	0.215295	0.608833	0.645778	0.713516
162.0	115.0	0.267432	-0.629225	0.683699	0.814704
293.0	116.0	0.250595	-0.281659	0.377001	0.979111
459.0	117.0	0.222674	0.173362	0.282203	0.914736
138.0	119.0	0.230947	-0.728765	0.764483	0.977140
419.0	118.0	0.237273	0.068796	0.247045	0.991621
583.0	121.0	0.188905	0.510097	0.543952	0.890281
372.0	122.0	0.133312	-0.100586	0.167002	0.850796
99.0	125.0	0.385982	-0.827099	0.912729	0.927028
166.0	125.0	0.267355	-0.629168	0.683616	0.814908
509.0	126.0	0.188459	0.331952	0.381719	0.898242
401.0	128.0	0.280525	0.011995	0.280781	0.821420
571.0	130.0	0.180564	0.509628	0.540670	0.890579
730.0	137.0	0.124673	0.950503	0.958645	0.879439
740.0	139.0	0.123794	0.950526	0.958553	0.893563
48.0	140.0	0.197368	-0.978882	0.998581	0.850144
373.0	138.0	0.153215	-0.743616	0.759237	0.696343
597.0	141.0	0.137819	0.676755	0.690645	0.960374
41.0	143.0	0.277802	-0.977610	1.016315	0.836560
653.0	143.0	0.126146	0.747913	0.758476	0.938387
704.0	146.0	0.114042	0.866293	0.873767	0.863248
310.0	148.0	0.138657	-0.235988	0.273708	0.881611
575.0	151.0	0.084548	0.497447	0.504581	0.805579
114.0	151.0	0.172140	-0.993399	1.008203	0.865311
673.0	152.0	-0.042608	0.818704	0.819812	0.789712
68.0	153.0	0.178174	-0.913336	0.930553	0.788762
174.0	154.0	0.172673	-0.614027	0.637844	0.954266
322.0	154.0	0.151140	-0.246312	0.288986	0.953791
123.0	154.0	0.172361	-0.780160	0.798973	0.780361
272.0	159.0	0.130372	-0.289352	0.317367	0.965951
632.0	159.0	0.082751	0.651721	0.656953	0.980519
421.0	160.0	0.056577	0.081072	0.098862	0.838663
30.0	162.0	0.618703	-0.999953	1.175882	0.850824
506.0	161.0	0.112445	0.297664	0.318195	0.664835
44.0	164.0	0.153159	-0.975173	0.987128	0.834052
398.0	164.0	0.098860	0.002195	0.098884	0.952755
574.0	162.0	0.156693	0.499973	0.523952	0.789346
243.0	167.0	0.454915	-0.427856	0.624507	0.775744
352.0	169.0	0.094016	-0.128191	0.158971	0.996340
376.0	172.0	-0.006837	-0.063406	0.063774	0.974822
46.0	176.0	0.296655	-0.962542	1.007220	0.941214
137.0	175.0	0.095704	-0.728123	0.734386	0.987077
223.0	174.0	0.100293	-0.414986	0.426933	0.764409
441.0	178.0	0.055113	0.124240	0.135915	0.973997
682.0	184.0	0.029270	0.788723	0.789266	0.757733
392.0	183.0	-0.478857	-0.053023	0.481784	0.799518
509.0	186.0	0.012759	0.298471	0.298744	0.912919
459.0	186.0	0.064396	0.181657	0.192733	0.994925
270.0	193.0	-0.077960	-0.305309	0.315105	0.928967
302.0	192.0	0.035734	-0.256906	0.259379	0.915045
72.0	192.0	0.053552	-1.077245	1.078575	0.900639
568.0	195.0	-0.079400	0.462728	0.469491	0.868744
504.0	197.0	-0.023375	0.353176	0.353948	0.887188
182.0	199.0	0.027859	-0.604943	0.605584	0.977427
379.0	199.0	-0.013936	0.043917	0.046075	0.854155
156.0	200.0	0.083762	-0.676966	0.682128	0.983243
229.0	201.0	0.014944	-0.502667	0.502889	0.909735
104.0	204.0	0.026797	-0.816385	0.816825	0.916853
725.0	205.0	-0.058832	0.902908	0.904823	0.998099
310.0	204.0	0.006376	-0.260567	0.260645	0.982255
434.0	207.0	-0.018628	0.094220	0.096044	0.991320
267.0	208.0	0.013773	-0.379249	0.379499	0.981203
138.0	211.0	-0.003295	-0.730167	0.730175	0.982281
303.0	210.0	0.045707	-0.327167	0.330344	0.913612
389.0	217.0	-0.287596	-0.041862	0.290627	0.802177
754.0	219.0	-0.099979	0.992104	0.997129	0.738466
467.0	220.0	-0.063828	0.186567	0.197183	0.994346
403.0	223.0	-0.070704	-0.018701	0.073135	0.778675
495.0	225.0	-0.082737	0.261541	0.274316	0.836562
589.0	225.0	-0.096482	0.529234	0.537957	0.826901
567.0	228.0	-0.192768	-0.031961	0.195399	0.757984
166.0	231.0	-0.037847	-0.665909	0.666983	0.976613
418.0	234.0	0.153451	0.042834	0.159317	0.806305
712.0	234.0	-0.186355	0.846809	0.867072	0.925751
337.0	240.0	-0.098705	-0.175487	0.201342	0.993735
210.0	244.0	-0.235481	-0.583614	0.629330	0.900531
513.0	245.0	-0.140293	0.295423	0.327043	0.983352
706.0	245.0	-0.115559	0.849048	0.856876	0.920287
599.0	251.0	-0.216688	0.480717	0.527297	0.944933
637.0	254.0	-0.183997	0.621911	0.648559	0.959236
285.0	256.0	-0.145533	-0.319139	0.350756	0.980768
203.0	257.0	-0.221638	-0.594955	0.634898	0.929349
416.0	261.0	-0.176460	-0.315345	0.361359	0.873696
540.0	263.0	-0.281243	0.382957	0.475136	0.949470
574.0	262.0	-0.151727	2.029995	2.035657	0.634096
614.0	265.0	-0.344368	0.509121	0.614649	0.692836
346.0	267.0	-0.324285	-0.182674	0.372197	0.688368
362.0	269.0	-0.152241	-0.046968	0.159321	0.803485
765.0	270.0	-0.231020	0.988601	1.015234	0.845837
759.0	271.0	-0.235120	0.986381	1.014016	0.813965
164.0	272.0	0.018090	-0.839227	0.839422	0.827548
336.0	273.0	-0.192392	-0.185837	0.267488	0.767154
453.0	273.0	-0.218108	0.133647	0.255798	0.988796
297.0	275.0	-0.303620	-0.316381	0.438500	0.863905
425.0	275.0	-0.182084	-0.000447	0.182084	0.816186
635.0	274.0	-0.121373	0.660825	0.671879	0.938870
571.0	277.0	-0.206877	0.698226	0.728229	0.796577
221.0	278.0	-0.193562	-0.507326	0.542997	0.946887
261.0	282.0	-0.209760	-0.390905	0.443628	0.969084
313.0	287.0	-0.492760	-0.223928	0.541254	0.761484
592.0	285.0	-0.663496	0.093845	0.670100	0.768046
113.0	286.0	-0.216710	-0.821600	0.849700	0.983676
652.0	287.0	-0.195743	0.679054	0.706703	0.825478
354.0	291.0	-0.248268	-0.127097	0.278910	0.872426
430.0	291.0	-0.265851	0.286545	0.390877	0.919101
453.0	296.0	-0.301310	0.108747	0.320334	0.676760
441.0	298.0	-0.365956	0.091548	0.377233	0.849493
197.0	299.0	-0.242464	-0.574302	0.623387	0.965278
599.0	302.0	-0.309480	0.586870	0.663472	0.863378
243.0	304.0	-0.252457	-0.450265	0.516211	0.949062
320.0	305.0	-0.371238	-0.315468	0.487174	0.893326
160.0	306.0	-0.265461	-0.693870	0.742916	0.973829
262.0	305.0	-0.265730	-0.396556	0.477356	0.965510
697.0	308.0	-0.346028	0.474243	0.587063	0.825066
487.0	310.0	-0.316737	0.209384	0.379689	0.966026
550.0	314.0	-0.342607	0.406243	0.531425	0.958553
57.0	315.0	-0.267853	-0.958294	0.995024	0.975649
472.0	318.0	-0.149439	0.192255	0.243503	0.931872
179.0	318.0	-0.301371	-0.638784	0.706307	0.917519
628.0	320.0	-0.368693	0.610401	0.713109	0.958317
172.0	321.0	-0.285129	-0.716959	0.771575	0.935000
237.0	322.0	-0.317242	-0.434909	0.538320	0.945902
323.0	321.0	-0.511348	-0.780641	0.933207	0.826354
122.0	322.0	-0.274909	-0.774442	0.821788	0.816241
688.0	323.0	-0.374810	0.721813	0.813324	0.833929
685.0	329.0	-0.396432	0.770919	0.866876	0.778116
340.0	334.0	-0.696180	-0.209233	0.726942	0.892457
425.0	337.0	-0.402622	0.055120	0.406377	0.851098
298.0	337.0	-0.329599	-0.371195	0.496408	0.931212
435.0	338.0	-0.382221	0.055212	0.386188	0.836695
323.0	340.0	-0.389039	-0.290167	0.485333	0.844019
504.0	339.0	-0.858890	0.271481	0.900774	0.775993
96.0	343.0	-0.391483	-0.948335	1.025962	0.950224
684.0	350.0	-0.434041	0.771125	0.884887	0.918261
583.0	350.0	-0.220007	0.502564	0.548611	0.683892
294.0	358.0	-0.428025	-0.315862	0.531953	0.952937
103.0	358.0	-0.366172	-0.862006	0.936556	0.917473
599.0	359.0	-0.360258	0.551475	0.658719	0.799557
166.0	361.0	-0.443559	-0.678169	0.810344	0.952094
619.0	360.0	-0.488296	0.562435	0.744826	0.881635
715.0	362.0	-0.495379	0.851802	0.985377	0.885704
613.0	362.0	-0.463254	0.545969	0.716021	0.858948
760.0	363.0	-0.508613	0.969213	1.094560	0.809825
557.0	363.0	-0.456124	0.422246	0.621563	0.939522
353.0	366.0	-0.468442	-0.157147	0.494098	0.808334
740.0	367.0	-0.510384	0.909400	1.042833	0.890142
148.0	366.0	-0.440400	-0.741454	0.862384	0.952061
393.0	368.0	-0.478855	0.040780	0.480589	0.814179
