207.0	59.0	0.463001	-0.513371	0.691318	0.904724
364.0	67.0	0.369274	-0.081277	0.378113	0.979455
157.0	90.0	0.432178	-0.658555	0.787701	0.795508
732.0	101.0	0.201841	0.923929	0.945719	0.990640
276.0	118.0	0.246694	-0.321023	0.404863	0.883185
742.0	122.0	0.170207	0.961997	0.976939	0.995458
766.0	130.0	0.142166	1.026946	1.036740	0.990820
199.0	146.0	0.181471	-0.547178	0.576485	0.964199
160.0	174.0	0.108270	-0.663217	0.671996	0.982029
258.0	184.0	0.060571	-0.392508	0.397154	0.975672
78.0	185.0	0.083768	-0.892919	0.896840	0.997318
364.0	193.0	0.027781	-0.096964	0.100865	0.998431
101.0	215.0	-0.001354	-0.831115	0.831116	0.893558
297.0	217.0	-0.034313	-0.286811	0.288856	0.987897
648.0	234.0	-0.119750	0.686848	0.697209	0.982988
211.0	249.0	-0.108673	-0.728355	0.736418	0.951241
160.0	263.0	-0.144071	-0.672680	0.687935	0.980347
576.0	276.0	-0.237283	0.477929	0.533591	0.959415
161.0	311.0	-0.278952	-0.680833	0.735763	0.828277
561.0	312.0	-4.223050	-9.379328	10.286201	0.881743
565.0	322.0	-0.348708	0.437877	0.559762	0.701296
664.0	324.0	-0.415783	0.716848	0.828702	0.957411
38.0	329.0	-0.327330	-1.014493	1.065993	0.982227
595.0	338.0	-0.413435	0.520136	0.664432	0.942632
