35.0	33.0	0.539592	-1.065120	1.194002	0.775556
704.0	34.0	0.415580	0.874744	0.968444	0.972574
356.0	36.0	0.437106	-0.140734	0.459204	0.825475
263.0	38.0	0.517760	-0.357843	0.629386	0.826598
575.0	38.0	0.435713	0.506469	0.668099	0.833792
133.0	39.0	0.451264	0.759239	0.883223	0.645841
354.0	45.0	0.351979	-0.249463	0.431418	0.858730
179.0	47.0	0.448704	-0.593212	0.743798	0.741625
405.0	49.0	0.416801	0.107627	0.430473	0.967813
557.0	53.0	0.394501	0.458889	0.605153	0.933707
130.0	54.0	0.444315	-0.517690	0.682216	0.731714
256.0	57.0	0.400123	-0.399743	0.565590	0.908677
733.0	58.0	0.376472	0.923817	0.997582	0.967908
719.0	59.0	0.463289	0.908116	1.019466	0.921819
753.0	59.0	0.345277	1.002960	1.060728	0.943270
84.0	64.0	0.265742	-0.854005	0.894395	0.808457
254.0	64.0	0.400028	-0.400285	0.565907	0.923009
245.0	66.0	0.398554	-0.400406	0.564951	0.922991
339.0	66.0	0.320761	-0.215561	0.386464	0.944180
367.0	67.0	0.370335	-0.021637	0.370966	0.794801
511.0	70.0	0.131927	0.328595	0.354090	0.952716
611.0	71.0	0.341993	0.444191	0.560593	0.902974
331.0	73.0	0.315230	-0.205407	0.376247	0.924347
526.0	75.0	0.175015	0.372562	0.411622	0.808712
561.0	75.0	0.314150	0.468533	0.564104	0.934911
708.0	77.0	0.269912	0.860175	0.901528	0.766078
562.0	86.0	0.314515	0.467248	0.563240	0.879304
639.0	88.0	0.228023	0.671631	0.709283	0.955576
708.0	89.0	0.269301	0.850774	0.892378	0.796768
52.0	91.0	0.378857	-0.949378	1.022179	0.958500
187.0	90.0	2.049635	-7.439009	7.716208	0.601046
316.0	90.0	1.058609	-0.792731	1.322526	0.751692
43.0	93.0	0.350573	-1.074802	1.130531	0.881329
412.0	99.0	0.277633	0.053757	0.282790	0.913398
480.0	100.0	0.237149	0.655763	0.697327	0.759985
296.0	103.0	0.214057	-0.293422	0.363203	0.940720
326.0	102.0	0.293040	-0.121303	0.317154	0.951334
384.0	103.0	0.242979	0.747481	0.785981	0.795905
194.0	105.0	0.256607	-0.504447	0.565963	0.704455
252.0	105.0	0.302401	-0.426285	0.522652	0.933150
536.0	105.0	-2.360115	-8.759957	9.072321	0.875604
607.0	107.0	0.232350	0.589958	0.634064	0.968162
157.0	109.0	0.326744	-0.639053	0.717740	0.938166
625.0	110.0	-0.010384	0.636881	0.636966	0.892369
485.0	115.0	0.227480	0.343852	0.412288	0.719885
539.0	114.0	0.209724	0.396902	0.448905	0.764640
697.0	113.0	0.496067	0.858623	0.991623	0.796370
710.0	116.0	0.195778	0.863315	0.885235	0.841037
386.0	118.0	0.220156	0.099120	0.241440	0.891688
311.0	118.0	0.153413	-0.401569	0.429876	0.870556
133.0	119.0	0.260460	-0.717056	0.762895	0.968775
746.0	117.0	-0.009837	1.139088	1.139130	0.847028
438.0	121.0	0.235779	0.175821	0.294117	0.973633
670.0	121.0	0.172978	0.777847	0.796848	0.875770
250.0	130.0	0.213756	-0.407168	0.459867	0.956956
386.0	130.0	0.215187	-0.040532	0.218971	0.850012
568.0	130.0	0.177552	0.476914	0.508893	0.885980
521.0	133.0	0.170222	0.348125	0.387513	0.978535
758.0	131.0	0.153941	1.117263	1.127819	0.700984
683.0	133.0	0.135340	0.784600	0.796187	0.903494
408.0	134.0	0.185927	0.032400	0.188729	0.975949
767.0	133.0	0.125412	1.114736	1.121769	0.719976
176.0	135.0	-0.032291	-0.831464	0.832091	0.781941
389.0	136.0	0.320918	-0.124694	0.344292	0.766761
672.0	138.0	0.127292	0.844447	0.853987	0.955868
769.0	138.0	0.146858	1.114760	1.124392	0.716867
645.0	142.0	0.115832	0.724759	0.733957	0.908088
123.0	145.0	0.185093	-0.767094	0.789108	0.981584
223.0	147.0	0.168339	-0.389593	0.424406	0.957714
458.0	146.0	0.175259	0.163379	0.239600	0.821534
73.0	150.0	0.185170	-0.897077	0.915988	0.989092
186.0	148.0	1.223363	-0.579885	1.353841	0.698349
373.0	149.0	0.072032	-0.061607	0.094784	0.993498
201.0	151.0	0.394869	-0.607921	0.724907	0.743793
544.0	150.0	0.112109	0.400295	0.415697	0.973212
101.0	150.0	0.163714	-0.837785	0.853631	0.803202
667.0	154.0	0.087989	0.835956	0.840574	0.982282
429.0	156.0	0.119792	0.104246	0.158799	0.951309
520.0	157.0	0.102796	0.337786	0.353081	0.981851
647.0	156.0	0.113186	0.714315	0.723227	0.952930
139.0	160.0	0.092745	-0.711354	0.717375	0.965672
608.0	161.0	0.119831	0.605490	0.617234	0.845569
484.0	161.0	0.100497	0.237160	0.257575	0.989489
36.0	163.0	0.077590	-1.199551	1.202057	0.777436
186.0	164.0	0.506550	-0.325905	0.602335	0.787238
33.0	169.0	0.109509	-1.015764	1.021650	0.754787
594.0	167.0	-0.055687	0.507376	0.510422	0.709469
582.0	171.0	0.023958	0.503584	0.504153	0.711229
62.0	169.0	0.110287	-1.057318	1.063054	0.859228
317.0	171.0	0.086798	-0.133672	0.159381	0.908386
198.0	173.0	0.071093	-0.564195	0.568657	0.889774
702.0	173.0	0.029034	0.851565	0.852060	0.985974
619.0	176.0	0.125367	0.533239	0.547778	0.946144
668.0	176.0	0.066390	1.160091	1.161989	0.813994
45.0	177.0	0.149463	-0.912823	0.924978	0.745174
768.0	181.0	0.061606	1.029902	1.031743	0.768988
752.0	182.0	0.072280	0.983459	0.986111	0.796501
128.0	184.0	0.079125	-0.750751	0.754909	0.987586
589.0	183.0	0.000132	0.687392	0.687392	0.857210
742.0	186.0	-0.184302	0.963149	0.980624	0.867309
547.0	185.0	0.026704	0.404959	0.405838	0.844101
56.0	189.0	0.260814	-0.977328	1.011531	0.716745
565.0	187.0	0.163820	0.431385	0.461443	0.892818
690.0	188.0	-0.010459	0.828624	0.828690	0.917859
680.0	190.0	0.008188	0.789666	0.789709	0.889346
591.0	194.0	-0.011197	0.555990	0.556103	0.822469
661.0	197.0	-0.033363	0.725481	0.726248	0.688363
389.0	198.0	-0.002818	-0.042664	0.042757	0.973809
633.0	200.0	-0.038985	0.649647	0.650816	0.982065
336.0	202.0	0.000022	-0.176694	0.176694	0.818161
31.0	207.0	0.098302	-0.988764	0.993638	0.893462
378.0	206.0	-0.005585	-0.042635	0.042999	0.999322
751.0	206.0	-0.050172	0.953709	0.955028	0.995985
704.0	207.0	-0.091481	0.843308	0.848255	0.696004
409.0	213.0	-0.039647	0.027204	0.048082	0.965527
279.0	214.0	-0.024559	-0.365633	0.366457	0.967091
495.0	214.0	-0.057709	0.267543	0.273696	0.896216
458.0	219.0	0.023913	0.043618	0.049743	0.882993
218.0	226.0	-0.061603	-0.615162	0.618238	0.863575
314.0	231.0	-0.080606	-0.250841	0.263474	0.959292
193.0	236.0	-0.111603	-0.577951	0.588627	0.844801
443.0	234.0	-0.185417	0.085365	0.204124	0.815137
432.0	238.0	-0.205301	0.076886	0.219226	0.826194
516.0	237.0	-0.117469	0.375283	0.393238	0.819051
35.0	239.0	-0.077864	-1.016366	1.019344	0.792666
249.0	240.0	-0.095947	-0.427277	0.437917	0.972411
521.0	239.0	-0.112836	0.378167	0.394642	0.838001
283.0	243.0	0.000270	-0.325626	0.325626	0.961909
338.0	242.0	-0.121088	-0.196222	0.230576	0.755138
331.0	246.0	-0.378819	-0.272298	0.466530	0.767447
429.0	246.0	-0.362003	0.076175	0.369931	0.880273
736.0	246.0	-0.177499	0.925116	0.941991	0.817048
314.0	248.0	-0.133740	-0.418762	0.439600	0.956665
524.0	248.0	-0.117722	0.378395	0.396285	0.778350
114.0	251.0	-0.147130	-0.749574	0.763877	0.973641
678.0	254.0	-0.220863	0.784703	0.815193	0.861678
90.0	253.0	-0.080003	-1.023919	1.027040	0.950720
143.0	255.0	-0.123053	-0.721483	0.731901	0.975271
613.0	255.0	-0.179427	0.578199	0.605399	0.813368
217.0	260.0	-0.117936	-0.537408	0.550196	0.812738
649.0	260.0	-0.205269	0.762413	0.789562	0.972735
696.0	261.0	0.063305	0.809376	0.811848	0.828224
480.0	261.0	-0.180769	0.218119	0.283290	0.856321
510.0	268.0	-0.204847	0.299497	0.362851	0.980537
217.0	269.0	-0.117936	-0.537408	0.550196	0.812738
147.0	275.0	-0.176339	-0.709692	0.731272	0.983357
559.0	277.0	-0.237211	0.432811	0.493553	0.960056
79.0	278.0	-0.187983	-0.908099	0.927352	0.903555
615.0	278.0	-0.344162	0.577279	0.672085	0.699766
594.0	280.0	-0.269557	0.511802	0.578448	0.929310
700.0	280.0	-0.236082	0.729681	0.766922	0.879436
384.0	284.0	-0.243602	-0.128691	0.275505	0.889253
75.0	287.0	-0.187700	-0.907795	0.926997	0.978347
373.0	286.0	-0.281160	-0.063733	0.288293	0.931614
717.0	286.0	-0.244985	0.868523	0.902413	0.762416
584.0	286.0	-0.255356	0.520844	0.580073	0.941917
43.0	293.0	-0.211739	-1.005069	1.027130	0.965246
393.0	289.0	-0.242079	-0.041096	0.245542	0.853861
224.0	290.0	-0.230597	-0.508980	0.558780	0.955615
96.0	293.0	-1.051180	-1.007097	1.455755	0.811345
755.0	295.0	-0.326326	0.970123	1.023536	0.978453
521.0	297.0	-0.289450	0.327951	0.437416	0.875578
686.0	296.0	-0.012004	0.469796	0.469949	0.757723
727.0	297.0	-0.284842	0.871772	0.917127	0.753834
352.0	305.0	-2.642183	3.927570	4.733596	0.620765
62.0	307.0	-0.180045	-0.947324	0.964281	0.988243
151.0	307.0	-0.275112	-0.707841	0.759425	0.812927
276.0	309.0	-0.218771	-0.387458	0.444955	0.767034
449.0	308.0	-0.296787	0.135062	0.326074	0.972663
160.0	313.0	-0.273381	-0.557491	0.620914	0.863865
696.0	316.0	-0.368163	0.832893	0.910634	0.935011
556.0	317.0	-0.372513	0.429599	0.568614	0.951441
412.0	319.0	-0.359468	-0.001505	0.359471	0.692500
535.0	319.0	-0.356223	0.362306	0.508095	0.867415
580.0	320.0	-0.359626	0.485851	0.604469	0.861948
184.0	321.0	-0.306701	-0.608843	0.681730	0.780617
333.0	320.0	-0.389374	-0.179682	0.428833	0.835002
495.0	321.0	-0.349875	0.245618	0.427482	0.971239
672.0	323.0	-0.378494	0.741767	0.832752	0.969395
265.0	322.0	-0.220613	-0.235923	0.323001	0.822028
602.0	326.0	-0.378874	0.555571	0.672461	0.872550
572.0	326.0	-0.280228	0.480699	0.556416	0.852251
715.0	328.0	-0.406405	0.867265	0.957764	0.948264
345.0	330.0	-0.344975	-0.180831	0.389497	0.772009
387.0	330.0	-0.375346	-0.086730	0.385236	0.974151
735.0	332.0	-0.412807	0.913829	1.002742	0.931406
159.0	338.0	-0.414846	-0.686425	0.802045	0.770043
78.0	343.0	-0.695047	-0.910664	1.145600	0.845692
378.0	342.0	-0.375455	-0.064094	0.380886	0.974093
154.0	344.0	-0.347975	-0.690541	0.773262	0.777964
120.0	347.0	-0.358952	-0.800444	0.877245	0.968998
325.0	347.0	-0.397474	-0.240112	0.464370	0.902880
647.0	350.0	-0.455854	0.666466	0.807453	0.953295
721.0	352.0	-0.472778	0.870706	0.990782	0.836415
540.0	355.0	-0.451991	0.372003	0.585391	0.951274
743.0	357.0	-0.386728	0.939455	1.015941	0.838094
238.0	362.0	-0.427062	-0.464371	0.630890	0.926587
326.0	365.0	-0.507356	-0.309692	0.594407	0.813645
364.0	367.0	-0.462373	-0.119972	0.477684	0.959671
599.0	366.0	-0.483741	0.620880	0.787082	0.702605
755.0	366.0	-0.489508	0.940002	1.059822	0.800497
