207.0	59.0	0.421355	-0.515721	0.665964	0.940731
276.0	118.0	0.242723	-0.331628	0.410964	0.968888
766.0	130.0	0.149308	1.033709	1.044436	0.995909
737.0	163.0	0.053698	0.943069	0.944596	0.999074
593.0	170.0	0.061464	0.530317	0.533867	0.963356
160.0	173.0	0.108355	-0.664394	0.673172	0.981251
258.0	185.0	0.059005	-0.396033	0.400404	0.950225
210.0	197.0	0.029892	-0.524569	0.525420	0.967524
110.0	206.0	0.007526	-0.806061	0.806096	0.747302
297.0	217.0	-0.035067	-0.288033	0.290159	0.987831
251.0	220.0	-0.035786	-0.418433	0.419960	0.974709
648.0	234.0	-0.130677	0.687310	0.699622	0.983505
738.0	237.0	-0.151484	0.936495	0.948667	0.996094
211.0	248.0	-0.109848	-0.537752	0.548857	0.966028
576.0	276.0	-0.239974	0.481643	0.538115	0.958570
565.0	321.0	-0.360253	0.443931	0.571714	0.808828
706.0	320.0	-0.401573	0.838086	0.929327	0.970237
662.0	352.0	-0.457732	0.713063	0.847336	0.955456
