449.0	37.0	0.440056	0.283673	0.523564	0.868300
578.0	40.0	0.401661	0.515791	0.653737	0.883491
508.0	41.0	0.463653	0.307396	0.556297	0.849216
475.0	41.0	0.350988	0.208012	0.407997	0.754247
451.0	43.0	0.423647	0.086092	0.432306	0.888083
467.0	44.0	0.345230	0.197474	0.397718	0.803259
315.0	43.0	0.245606	-0.216749	0.327571	0.720015
493.0	45.0	0.807836	0.440683	0.920218	0.903969
606.0	46.0	0.391296	0.595752	0.712764	0.950571
732.0	47.0	1.418789	0.975216	1.721630	0.628299
459.0	49.0	0.368320	0.181621	0.410665	0.873860
450.0	51.0	0.417877	0.205675	0.465750	0.887860
631.0	51.0	0.383262	0.669416	0.771368	0.961928
747.0	52.0	0.460949	1.083592	1.177559	0.750409
759.0	55.0	0.359127	0.890967	0.960622	0.874434
423.0	59.0	0.389868	0.088402	0.399765	0.863204
192.0	61.0	0.481127	-0.538858	0.722392	0.903735
320.0	61.0	0.406839	-0.199869	0.453283	0.615277
559.0	61.0	0.343004	0.436674	0.555280	0.848795
607.0	65.0	0.346569	0.592839	0.686708	0.958374
337.0	68.0	0.369135	-0.159977	0.402310	0.881063
456.0	69.0	0.354596	0.197957	0.406110	0.977390
207.0	74.0	0.402725	-0.535164	0.669767	0.948615
357.0	73.0	0.483044	-0.112775	0.496034	0.869783
550.0	72.0	0.311263	0.412913	0.517090	0.696499
537.0	75.0	0.239053	0.403892	0.469334	0.821483
53.0	76.0	0.391542	-0.997237	1.071348	0.815879
526.0	76.0	0.324472	0.384457	0.503079	0.870743
171.0	79.0	0.356562	-0.912214	0.979423	0.827205
242.0	79.0	0.352839	-0.700857	0.784663	0.888125
48.0	80.0	0.387430	-0.957231	1.032663	0.813341
342.0	79.0	0.817808	-0.143142	0.830240	0.834243
387.0	84.0	0.325294	-0.018736	0.325833	0.984682
620.0	82.0	0.311853	-0.057124	0.317042	0.852588
316.0	84.0	0.170909	-0.205088	0.266966	0.846939
40.0	88.0	0.247288	-0.969942	1.000969	0.819657
362.0	90.0	0.319013	-0.022873	0.319832	0.966705
668.0	89.0	0.272574	0.742740	0.791176	0.878334
489.0	91.0	0.289264	0.082038	0.300673	0.777417
516.0	96.0	0.402870	0.861353	0.950912	0.825994
490.0	99.0	0.288766	0.259447	0.388199	0.667215
342.0	103.0	0.296170	-0.117929	0.318785	0.957172
530.0	104.0	0.233867	0.368066	0.436081	0.868172
516.0	104.0	0.338257	0.344043	0.482476	0.809305
88.0	107.0	0.300587	-0.852109	0.903572	0.983097
433.0	107.0	0.277789	0.094420	0.293398	0.849538
122.0	106.0	0.286290	-0.776821	0.827897	0.777127
115.0	108.0	0.286495	-0.773145	0.824520	0.780455
542.0	110.0	0.235064	0.398249	0.462447	0.938294
147.0	110.0	0.228633	-0.615160	0.656273	0.907379
515.0	110.0	0.415902	0.369316	0.556209	0.761036
36.0	111.0	0.294351	-1.002326	1.044654	0.903446
348.0	113.0	0.249250	-0.108111	0.271687	0.979470
406.0	113.0	0.305646	0.040783	0.308355	0.858738
626.0	116.0	0.188608	0.611215	0.639654	0.924778
324.0	119.0	0.224458	-0.145589	0.267540	0.857358
389.0	118.0	0.224900	-0.027642	0.226592	0.779205
378.0	118.0	0.222138	-0.027645	0.223852	0.779632
57.0	121.0	0.252737	-0.981888	1.013894	0.905734
615.0	129.0	0.178025	0.627750	0.652505	0.953016
50.0	131.0	0.239867	-0.952268	0.982014	0.928533
407.0	129.0	0.266338	-0.440586	0.514832	0.629316
211.0	133.0	0.209494	-0.508429	0.549898	0.845581
761.0	131.0	0.059156	1.045850	1.047522	0.931028
62.0	134.0	0.251035	-0.989861	1.021197	0.926145
279.0	135.0	0.302379	-0.331905	0.448992	0.890729
266.0	145.0	0.179585	-0.340827	0.385245	0.938664
136.0	147.0	0.179570	-0.745119	0.766452	0.980441
296.0	149.0	0.223809	-0.276782	0.355948	0.975168
618.0	148.0	0.095153	0.912824	0.917770	0.947717
524.0	149.0	0.125244	0.360556	0.381689	0.954704
52.0	151.0	0.222827	-0.890195	0.917659	0.770328
697.0	151.0	0.105866	0.832764	0.839467	0.988201
75.0	150.0	0.035491	-0.950366	0.951029	0.971656
90.0	152.0	0.075844	-0.882374	0.885627	0.903476
116.0	159.0	0.141932	-0.765341	0.778390	0.839305
564.0	158.0	0.093805	0.562523	0.570290	0.929959
314.0	160.0	-0.319315	-0.384775	0.500014	0.827885
609.0	162.0	0.090580	0.574123	0.581225	0.909230
541.0	165.0	0.151425	0.479571	0.502910	0.930424
466.0	166.0	0.084485	0.189432	0.207418	0.993618
270.0	167.0	0.119900	-0.369691	0.388648	0.971696
222.0	169.0	0.106604	-0.490684	0.502131	0.769071
666.0	170.0	0.066216	0.766147	0.769004	0.817183
402.0	176.0	0.064121	0.009674	0.064847	0.966529
55.0	176.0	0.022978	-0.967748	0.968021	0.844182
69.0	179.0	0.104874	-1.066777	1.071920	0.742131
300.0	182.0	0.065901	-0.279590	0.287251	0.925797
49.0	188.0	0.026715	-0.884265	0.884668	0.839491
444.0	189.0	0.161959	0.123736	0.203817	0.980105
73.0	193.0	0.046616	-0.966049	0.967174	0.811922
573.0	195.0	-0.017736	0.484350	0.484674	0.965293
198.0	195.0	0.022598	-0.536198	0.536674	0.966019
43.0	201.0	-0.092519	-0.925846	0.930457	0.845407
103.0	206.0	0.011739	-0.803718	0.803804	0.988707
733.0	207.0	-0.074252	0.968666	0.971508	0.995951
471.0	209.0	-0.033646	0.131285	0.135527	0.720551
537.0	210.0	0.029159	0.380154	0.381270	0.969138
109.0	212.0	0.008080	-0.785206	0.785248	0.987442
419.0	214.0	-0.045007	0.053569	0.069966	0.998344
648.0	216.0	-0.077731	0.703831	0.708111	0.979662
45.0	220.0	-0.080672	-0.965690	0.969054	0.962961
391.0	217.0	-0.042156	-0.027494	0.050330	0.980373
278.0	218.0	-0.035675	-0.378685	0.380362	0.873723
71.0	222.0	-0.016462	-0.916577	0.916725	0.861025
307.0	230.0	-0.071914	-0.258943	0.268743	0.814048
223.0	233.0	0.064016	-0.496688	0.500796	0.913103
589.0	235.0	-0.126670	0.522802	0.537929	0.913833
270.0	237.0	-0.035757	-0.477884	0.479219	0.842311
456.0	238.0	-0.117122	0.152422	0.192224	0.879614
47.0	239.0	-0.071962	-1.029932	1.032442	0.934437
252.0	238.0	-0.234754	-0.343614	0.416149	0.862241
195.0	241.0	-0.059237	-0.567544	0.570627	0.768948
703.0	241.0	-0.187114	0.761421	0.784075	0.918841
651.0	246.0	-0.164382	0.693615	0.712828	0.911578
148.0	244.0	-0.104845	-0.722102	0.729673	0.694824
724.0	246.0	-0.150955	0.910963	0.923385	0.939770
630.0	248.0	-0.210180	0.632806	0.666797	0.940943
142.0	249.0	-0.102113	-0.718219	0.725441	0.798019
482.0	249.0	-0.186798	0.240294	0.304359	0.799479
375.0	251.0	-0.155703	0.002844	0.155729	0.988993
265.0	252.0	-0.114267	-0.456442	0.470527	0.792662
697.0	256.0	-0.148003	0.751833	0.766263	0.910811
464.0	259.0	-0.285817	0.150978	0.323243	0.866190
709.0	264.0	-0.192384	0.765226	0.789039	0.849801
539.0	262.0	-0.212995	0.352361	0.411734	0.825261
373.0	265.0	-0.167603	-0.070546	0.181845	0.904641
383.0	265.0	-0.173318	-0.048142	0.179880	0.984696
273.0	269.0	-0.190383	-0.326379	0.377848	0.896175
182.0	267.0	1.355669	-0.585080	1.476536	0.723118
530.0	268.0	-0.148333	0.358169	0.387670	0.801668
261.0	269.0	-0.187538	-0.345213	0.392865	0.888362
290.0	269.0	-0.096830	-0.327014	0.341048	0.920955
346.0	269.0	-0.238111	-0.150843	0.281869	0.717117
153.0	271.0	-0.342800	-0.342759	0.484764	0.774172
198.0	271.0	-0.004050	-0.569559	0.569573	0.939657
389.0	271.0	-0.331976	-0.050321	0.335769	0.908843
545.0	271.0	-0.386146	0.378852	0.540960	0.787187
401.0	274.0	-0.296778	-0.045616	0.300263	0.807633
360.0	276.0	-0.024087	-0.149468	0.151396	0.730004
757.0	277.0	-0.266803	0.986211	1.021663	0.935995
547.0	278.0	-0.364738	0.495834	0.615536	0.769091
592.0	278.0	-0.355112	0.524529	0.633431	0.874289
241.0	281.0	-0.184199	-0.447058	0.483518	0.833147
614.0	282.0	-0.305459	0.540969	0.621251	0.802756
762.0	282.0	0.222715	1.031054	1.054834	0.842505
518.0	286.0	-0.365886	0.289435	0.466524	0.889184
702.0	287.0	-0.259464	0.827259	0.866995	0.823370
271.0	290.0	-0.231225	-0.387440	0.451193	0.951026
37.0	294.0	-0.224530	-1.023131	1.047479	0.874350
557.0	295.0	-0.284883	0.600853	0.664968	0.937851
501.0	298.0	-0.310478	0.267967	0.410126	0.879918
329.0	300.0	-0.323792	-0.009299	0.323925	0.847885
37.0	302.0	-0.229241	-0.970540	0.997245	0.852862
459.0	304.0	-0.289834	0.151679	0.327124	0.934166
744.0	304.0	-0.521609	0.945382	1.079733	0.868062
483.0	308.0	-0.313968	0.206543	0.375813	0.966200
624.0	305.0	-0.316788	0.620996	0.697131	0.960273
669.0	307.0	-0.342050	0.728404	0.804718	0.968995
430.0	311.0	-0.319104	0.074246	0.327627	0.900866
375.0	310.0	-0.192261	-0.044946	0.197445	0.860420
669.0	313.0	-0.342055	0.729268	0.805502	0.966350
44.0	314.0	-0.367790	-0.988505	1.054709	0.848256
764.0	318.0	-0.377615	1.003896	1.072567	0.784996
40.0	320.0	-0.569298	-0.900404	1.065282	0.833934
233.0	320.0	-0.310933	-0.477582	0.569880	0.953373
66.0	322.0	-0.296160	-0.828624	0.879959	0.829390
528.0	321.0	-0.771161	0.225457	0.803442	0.941532
564.0	321.0	-0.358763	0.436226	0.564804	0.926508
425.0	322.0	-0.318935	0.074649	0.327555	0.903632
634.0	324.0	-0.381731	0.630057	0.736676	0.958059
571.0	328.0	-0.345435	0.434848	0.555354	0.929470
297.0	329.0	-0.349112	-0.301550	0.461315	0.823820
64.0	330.0	-0.297744	-0.944662	0.990473	0.879165
125.0	333.0	-0.252036	-0.667933	0.713903	0.847970
110.0	333.0	-0.294275	-0.823638	0.874630	0.824136
264.0	332.0	-0.335650	-0.408749	0.528901	0.954650
481.0	334.0	-0.413389	0.513948	0.659570	0.899372
211.0	336.0	-0.352528	-0.525984	0.633195	0.947328
594.0	336.0	-0.410636	0.519727	0.662373	0.942023
700.0	335.0	-0.447781	0.805282	0.921405	0.956866
740.0	336.0	-0.449531	0.914820	1.019300	0.735860
406.0	342.0	-0.400603	-0.059177	0.404950	0.877137
384.0	342.0	-0.519483	-0.110384	0.531081	0.904366
38.0	345.0	-0.353562	-1.025244	1.084496	0.964565
572.0	345.0	-0.423498	0.250101	0.491835	0.943472
484.0	349.0	-0.481835	0.370867	0.608036	0.902409
117.0	350.0	-0.248627	-1.725870	1.743686	0.687642
57.0	353.0	-0.382479	-0.971646	1.044215	0.977503
659.0	355.0	-0.450818	0.717416	0.847304	0.951140
454.0	356.0	-0.187494	0.148000	0.238868	0.901814
512.0	356.0	-0.457215	0.155436	0.482914	0.938756
182.0	357.0	-0.417436	-0.634890	0.759827	0.935170
500.0	362.0	-0.526551	0.266577	0.590186	0.847330
468.0	363.0	-0.443643	0.170342	0.475221	0.957963
359.0	361.0	-0.374000	-0.149577	0.402802	0.762545
399.0	363.0	-0.442678	-0.018329	0.443057	0.747329
144.0	364.0	-0.420399	-0.656893	0.779900	0.677387
180.0	364.0	-0.420247	-0.634305	0.760888	0.934574
349.0	365.0	-0.467766	-0.162446	0.495170	0.603211
477.0	366.0	-0.459872	0.121950	0.475767	0.960090
624.0	365.0	-0.503625	0.408304	0.648345	0.898321
680.0	368.0	-0.511972	0.736180	0.896703	0.831848
313.0	368.0	-0.477882	-0.258194	0.543171	0.926796
391.0	368.0	-0.454540	-0.058349	0.458270	0.726347
432.0	367.0	-0.468255	0.034397	0.469516	0.815436
641.0	369.0	-1.713593	0.608665	1.818482	0.735836
