207.0	59.0	0.421741	-0.502027	0.655665	0.937037
78.0	103.0	0.312290	-0.877824	0.931718	0.983801
110.0	151.0	0.159326	-0.782137	0.798200	0.986535
737.0	163.0	0.053298	0.943793	0.945296	0.999058
500.0	163.0	0.087759	0.283453	0.296728	0.987011
392.0	168.0	0.087274	-0.019904	0.089515	0.998826
592.0	170.0	0.055806	0.540131	0.543006	0.969275
440.0	187.0	0.031677	0.116870	0.121087	0.997481
210.0	197.0	0.029613	-0.525675	0.526509	0.967413
110.0	206.0	0.022839	-0.805626	0.805949	0.898769
251.0	220.0	-0.037154	-0.414767	0.416427	0.974799
89.0	232.0	-0.052487	-0.759050	0.760863	0.969094
334.0	233.0	-0.087145	-0.196422	0.214886	0.988663
648.0	234.0	-0.130753	0.688963	0.701261	0.982643
738.0	237.0	-0.147586	0.937120	0.948670	0.996185
131.0	249.0	-0.097684	-0.752534	0.758848	0.989750
681.0	263.0	-0.215015	0.773626	0.802950	0.985990
599.0	276.0	-0.224725	0.540572	0.585423	0.957000
706.0	320.0	-0.376261	0.836077	0.916841	0.975929
679.0	321.0	-0.355898	0.761050	0.840155	0.939178
565.0	322.0	-0.359182	0.444517	0.571496	0.927978
402.0	328.0	-0.354401	-0.003764	0.354421	0.977629
662.0	352.0	-0.459838	0.707419	0.843737	0.957711
