145.0	30.0	0.503487	-0.678582	0.844968	0.754085
486.0	31.0	0.083844	-0.135553	0.159388	0.852447
123.0	32.0	0.554846	-1.111130	1.241960	0.829761
181.0	33.0	0.499283	-0.589598	0.772599	0.928604
592.0	36.0	0.598620	0.502768	0.781743	0.846446
105.0	36.0	0.497732	-0.801903	0.943814	0.931343
272.0	38.0	0.441522	-0.494812	0.663159	0.827207
44.0	43.0	0.483319	-0.965834	1.080015	0.760219
416.0	43.0	0.430057	0.172050	0.463195	0.951358
764.0	42.0	0.419562	1.025623	1.108122	0.870327
277.0	45.0	0.502008	-0.555694	0.748871	0.806009
369.0	43.0	0.431313	-0.073208	0.437481	0.971372
669.0	44.0	0.393996	0.743258	0.841228	0.781314
723.0	45.0	0.451565	0.920005	1.024851	0.755401
635.0	48.0	-7.701664	-4.144296	8.745903	0.731797
483.0	51.0	0.406053	0.258732	0.481478	0.891570
592.0	52.0	0.528143	-0.142006	0.546901	0.755090
507.0	60.0	0.377063	0.316982	0.492599	0.959271
613.0	63.0	0.337429	0.612971	0.699709	0.957208
233.0	73.0	0.376296	-0.439275	0.578413	0.728696
160.0	76.0	0.802856	-0.649424	1.032632	0.798504
297.0	75.0	0.346310	-0.251330	0.427899	0.800165
501.0	77.0	0.326419	0.302566	0.445079	0.831533
550.0	78.0	0.306235	0.412813	0.513999	0.892348
446.0	80.0	0.379910	0.145459	0.406805	0.860333
470.0	78.0	0.299362	0.321527	0.439315	0.781198
333.0	83.0	0.333908	-0.170080	0.374729	0.951502
691.0	83.0	0.283869	0.824220	0.871734	0.861392
252.0	86.0	0.341881	-0.383076	0.513449	0.837894
699.0	85.0	0.283858	0.824220	0.871730	0.861387
560.0	90.0	0.304790	0.405173	0.507013	0.886300
467.0	91.0	0.298866	0.237325	0.381634	0.873300
247.0	90.0	0.235122	-0.350664	0.422194	0.880327
231.0	94.0	0.302178	-0.452000	0.543705	0.956413
117.0	97.0	0.386627	-0.785265	0.875284	0.926638
148.0	98.0	0.316932	-0.703723	0.771797	0.970759
32.0	101.0	0.318445	-1.018800	1.067409	0.918403
176.0	102.0	0.314505	-0.267248	0.412716	0.897076
277.0	102.0	0.591799	-0.460447	0.749825	0.860658
568.0	104.0	0.359291	0.486502	0.604793	0.805610
521.0	106.0	0.236099	0.333584	0.408682	0.915533
354.0	110.0	0.249050	-0.071085	0.258996	0.979718
630.0	110.0	0.230261	0.744765	0.779548	0.892359
43.0	112.0	0.317425	-0.995650	1.045025	0.914674
510.0	113.0	0.230506	0.336648	0.408001	0.845600
194.0	114.0	0.257665	-0.820881	0.860370	0.891127
480.0	114.0	0.226421	0.249115	0.336638	0.819813
318.0	118.0	0.229563	-0.219227	0.317427	0.981795
433.0	120.0	0.151799	0.081023	0.172069	0.733096
384.0	121.0	0.218181	-0.032469	0.220583	0.861937
418.0	124.0	0.063236	0.081331	0.103022	0.830944
279.0	129.0	0.221005	-0.330279	0.397401	0.750996
759.0	131.0	0.128443	1.010337	1.018468	0.984062
534.0	132.0	0.171171	0.382503	0.419056	0.974908
154.0	134.0	0.217402	-0.667022	0.701557	0.977585
227.0	132.0	0.197995	-0.503616	0.541139	0.750246
248.0	133.0	0.203244	-0.411556	0.459006	0.969169
457.0	136.0	0.330843	0.190150	0.381594	0.849522
760.0	139.0	0.114256	1.043986	1.050220	0.984795
359.0	140.0	0.277074	-0.119770	0.301852	0.785084
213.0	140.0	-0.121884	-0.509667	0.524039	0.816263
119.0	143.0	0.168654	-0.020600	0.169907	0.782606
83.0	144.0	0.219112	-0.872193	0.899294	0.980779
305.0	148.0	0.172655	-0.258208	0.310614	0.983565
722.0	147.0	0.131960	0.899466	0.909094	0.990238
178.0	152.0	0.146709	-0.615384	0.632631	0.795683
683.0	151.0	0.198806	-0.786641	0.811374	0.804730
758.0	152.0	0.101885	1.014729	1.019831	0.997864
413.0	153.0	0.115626	0.058077	0.129392	0.980679
577.0	155.0	-0.141600	0.499676	0.519352	0.846450
739.0	156.0	0.197659	0.950257	0.970597	0.983758
129.0	157.0	0.160459	-0.663982	0.683096	0.799402
496.0	157.0	0.068006	0.285259	0.293254	0.954904
527.0	155.0	-0.488759	0.363171	0.608916	0.837091
376.0	158.0	2.070630	-8.424845	8.675570	0.864313
422.0	161.0	0.112401	0.058046	0.126504	0.981059
181.0	161.0	2.552105	9.069263	9.421507	0.875500
212.0	164.0	0.122773	-0.513159	0.527641	0.963933
546.0	164.0	0.187622	0.383977	0.427364	0.939939
374.0	167.0	0.094061	-0.128587	0.159318	0.749155
509.0	167.0	0.095725	0.280895	0.296758	0.959450
565.0	174.0	0.090918	0.466652	0.475426	0.947749
163.0	180.0	0.087180	-0.652284	0.658084	0.829863
258.0	182.0	0.233006	-0.388728	0.453212	0.884947
529.0	184.0	0.023020	0.349069	0.349828	0.965199
508.0	187.0	0.275109	0.456042	0.532597	0.823789
318.0	191.0	0.144050	-0.222482	0.265045	0.748440
715.0	190.0	-0.032457	0.864849	0.865458	0.821008
324.0	194.0	0.045797	-0.222143	0.226815	0.781407
340.0	194.0	0.303596	-0.166395	0.346205	0.809819
710.0	197.0	-0.134876	1.019297	1.028182	0.791605
582.0	197.0	-0.013577	0.487803	0.487992	0.811806
567.0	201.0	0.251422	0.463226	0.527059	0.741100
493.0	204.0	-0.021672	0.269454	0.270324	0.878222
614.0	204.0	-0.039591	0.593677	0.594996	0.973546
84.0	209.0	0.004666	-0.895591	0.895603	0.971580
480.0	209.0	-0.076440	0.262601	0.273501	0.802412
284.0	209.0	0.470057	-0.329667	0.574137	0.722484
707.0	212.0	-0.067836	0.816176	0.818991	0.995000
470.0	211.0	-0.039493	0.222023	0.225508	0.778315
371.0	214.0	-0.038891	-0.080609	0.089500	0.879696
199.0	221.0	-0.195834	-0.596832	0.628139	0.846768
587.0	222.0	-0.087262	0.520325	0.527592	0.963094
240.0	223.0	-0.069253	-0.298041	0.305981	0.793794
738.0	225.0	-0.202305	1.091192	1.109788	0.924171
330.0	228.0	-0.069579	-0.200619	0.212342	0.993326
108.0	231.0	-0.047348	-0.810950	0.812331	0.927441
213.0	233.0	-0.059392	-0.635435	0.638205	0.849672
614.0	233.0	-0.231048	0.592176	0.635653	0.943933
252.0	236.0	-0.077393	-0.417245	0.424362	0.752580
146.0	240.0	-0.088892	-0.708423	0.713978	0.984175
560.0	240.0	-0.127224	0.442165	0.460104	0.969079
712.0	243.0	-0.169489	0.846890	0.863684	0.852906
460.0	244.0	-0.127162	0.161864	0.205840	0.970624
215.0	247.0	-0.074986	-0.545491	0.550621	0.885467
503.0	246.0	-0.171342	0.160973	0.235096	0.865194
60.0	248.0	-0.093844	-1.140430	1.144285	0.755862
522.0	253.0	-0.393555	0.339275	0.519608	0.756419
664.0	253.0	-0.184528	0.760458	0.782526	0.948550
756.0	256.0	-0.183109	0.970422	0.987546	0.877910
744.0	256.0	-0.206382	0.971907	0.993578	0.791786
677.0	258.0	-0.127232	0.761474	0.772030	0.854354
402.0	267.0	-0.186811	-0.003826	0.186850	0.970536
201.0	271.0	-0.159409	-0.558854	0.581144	0.965900
168.0	273.0	-0.012183	-0.725096	0.725199	0.871877
108.0	275.0	-0.151047	-0.819721	0.833522	0.990951
748.0	274.0	-0.326026	0.615386	0.696414	0.822236
568.0	279.0	-0.248210	0.456413	0.519540	0.833824
500.0	277.0	-0.235122	0.115093	0.261780	0.938900
63.0	279.0	-0.184914	-0.927946	0.946191	0.967021
82.0	279.0	-0.207267	-0.878247	0.902373	0.963581
356.0	280.0	-0.288059	-0.132712	0.317160	0.767024
90.0	284.0	-0.209801	-0.887874	0.912324	0.976010
737.0	289.0	-0.321606	0.748971	0.815100	0.924559
33.0	284.0	-0.197311	-1.069659	1.087705	0.839708
331.0	285.0	-0.225302	-0.067834	0.235292	0.745285
339.0	286.0	-0.231453	-0.242852	0.335481	0.781752
175.0	294.0	-0.240118	-0.645098	0.688337	0.966168
35.0	296.0	-0.079286	-1.018323	1.021405	0.844548
687.0	296.0	-0.276220	0.712262	0.763947	0.647509
214.0	298.0	-0.251666	-0.538934	0.594799	0.812518
46.0	299.0	-0.222165	-0.926398	0.952664	0.932987
194.0	304.0	-0.265485	-0.658033	0.709570	0.877038
627.0	304.0	-0.326727	0.629133	0.708914	0.898727
339.0	305.0	-0.306053	-0.275610	0.411861	0.735211
634.0	307.0	-0.326718	0.628994	0.708787	0.898720
480.0	311.0	-0.353863	0.433063	0.559252	0.807634
198.0	317.0	-0.268128	-0.603967	0.660810	0.860419
270.0	321.0	-0.323892	-0.381713	0.500611	0.963070
130.0	322.0	-0.303641	-0.764438	0.822535	0.977235
478.0	324.0	-0.356157	0.207580	0.412234	0.852444
216.0	327.0	-0.315588	-0.512799	0.602128	0.941244
101.0	328.0	-0.317666	-0.855131	0.912228	0.981969
283.0	329.0	-0.333755	-0.360171	0.491035	0.934146
696.0	329.0	-0.215475	0.802618	0.831038	0.946101
33.0	331.0	-0.323000	-1.042179	1.091085	0.937178
669.0	332.0	-0.421177	0.707808	0.823640	0.758203
165.0	334.0	-0.353144	-0.680420	0.766604	0.955553
568.0	334.0	-0.396327	0.451376	0.600679	0.944808
277.0	337.0	-0.347108	-0.424149	0.548075	0.918074
660.0	338.0	-0.422490	0.707146	0.823744	0.838371
158.0	339.0	-0.356728	-0.919708	0.986467	0.849808
33.0	342.0	-0.323205	-1.039553	1.088637	0.891147
108.0	346.0	-0.367473	-0.796778	0.877435	0.949561
95.0	346.0	-0.366336	-0.800874	0.880683	0.948178
64.0	350.0	-0.373981	-0.975795	1.045006	0.916225
128.0	351.0	-0.383783	-0.776718	0.866360	0.971063
52.0	353.0	-0.375666	-0.966877	1.037293	0.938257
166.0	353.0	-0.366806	-0.700621	0.790833	0.709293
582.0	357.0	-0.459705	0.482294	0.666286	0.923807
710.0	357.0	-0.501122	0.809158	0.951767	0.745043
666.0	359.0	-0.478043	0.719122	0.863517	0.905163
646.0	360.0	-0.486033	0.663744	0.822669	0.855053
760.0	359.0	-0.680441	1.001594	1.210863	0.805757
163.0	362.0	-0.416287	-0.679808	0.797141	0.701447
698.0	364.0	-0.511107	0.807318	0.955506	0.700431
