233.0	30.0	0.503864	-0.450266	0.675736	0.886283
269.0	30.0	0.490433	-0.345334	0.599817	0.804917
373.0	34.0	0.458235	0.105055	0.470123	0.955892
625.0	38.0	0.414734	0.624792	0.749913	0.929432
191.0	39.0	0.473612	-0.557347	0.731398	0.934504
613.0	40.0	0.481509	0.617850	0.783320	0.902973
459.0	47.0	0.415959	0.165276	0.447591	0.965587
711.0	46.0	0.386668	0.890516	0.970840	0.773560
169.0	47.0	0.472094	-0.603035	0.765849	0.790873
358.0	48.0	0.399102	-0.117014	0.415902	0.949716
370.0	48.0	0.435242	-0.088242	0.444097	0.939161
410.0	48.0	0.405672	0.093403	0.416286	0.941487
215.0	49.0	0.444312	-0.491322	0.662427	0.938285
547.0	53.0	0.386950	0.497974	0.630641	0.928209
309.0	54.0	0.414768	-0.230401	0.474465	0.920298
410.0	56.0	0.404099	0.040834	0.406157	0.942393
404.0	61.0	0.399642	0.070514	0.405815	0.954360
433.0	61.0	1.068138	0.130239	1.076048	0.895151
685.0	61.0	0.342477	0.831404	0.899179	0.975448
448.0	64.0	0.458347	0.057473	0.461936	0.909628
183.0	65.0	0.448881	-0.562872	0.719943	0.895333
256.0	63.0	0.322385	-0.489152	0.585834	0.928702
33.0	63.0	0.236705	-1.084167	1.109706	0.847174
341.0	64.0	0.381516	-0.149393	0.409722	0.958188
225.0	68.0	0.387923	-0.464940	0.605519	0.947510
759.0	68.0	0.210812	1.015315	1.036970	0.926772
359.0	69.0	0.386438	-0.096438	0.398290	0.855970
126.0	71.0	0.326848	-0.903705	0.960995	0.851193
140.0	71.0	0.403143	-0.754105	0.855102	0.859364
526.0	73.0	0.337447	0.367341	0.498809	0.877506
52.0	78.0	0.467796	-0.948487	1.057573	0.890895
421.0	81.0	0.330141	0.074554	0.338454	0.958915
462.0	81.0	0.332364	0.195810	0.385756	0.977884
34.0	83.0	0.404873	-1.115012	1.186244	0.891132
96.0	86.0	0.401522	-0.810591	0.904587	0.832654
118.0	86.0	0.386967	-1.032121	1.102278	0.760863
124.0	86.0	0.378397	-1.038505	1.105295	0.760564
258.0	88.0	0.329755	-0.380545	0.503540	0.962512
173.0	89.0	0.351809	-0.617679	0.710843	0.967162
311.0	90.0	0.327446	-0.139769	0.356028	0.955612
356.0	89.0	0.310060	-0.101293	0.326186	0.907002
736.0	89.0	0.262360	0.951264	0.986781	0.860947
330.0	90.0	0.170748	-0.132477	0.216114	0.956007
648.0	88.0	0.273435	0.710132	0.760956	0.890034
159.0	101.0	0.391445	-0.640439	0.750594	0.950567
437.0	99.0	0.340746	0.092231	0.353007	0.833920
572.0	97.0	0.278729	0.481683	0.556514	0.852077
143.0	102.0	0.449977	-0.697099	0.829715	0.917369
200.0	103.0	0.299674	-0.538094	0.615914	0.904382
313.0	104.0	0.318611	-0.213521	0.383542	0.960293
453.0	105.0	0.216360	0.254738	0.334220	0.758958
481.0	104.0	0.244561	0.206802	0.320277	0.917702
105.0	106.0	0.315244	-0.805700	0.865177	0.893184
681.0	106.0	0.217928	0.804017	0.833028	0.833195
380.0	110.0	0.227880	-0.047297	0.232737	0.986830
162.0	112.0	0.330562	-0.631940	0.713176	0.963082
66.0	114.0	0.282085	-0.917118	0.959519	0.958099
408.0	117.0	0.088065	0.040304	0.096850	0.809482
490.0	117.0	0.247992	0.252956	0.354242	0.935605
579.0	118.0	0.160442	0.509281	0.533956	0.836724
608.0	118.0	0.216665	0.583370	0.622306	0.916900
204.0	121.0	0.220494	-0.537621	0.581080	0.895757
672.0	123.0	0.178228	0.917950	0.935093	0.978149
541.0	124.0	0.187152	0.424375	0.463810	0.906734
193.0	127.0	0.226923	-0.554625	0.599252	0.918271
428.0	127.0	0.013540	0.059335	0.060860	0.789923
453.0	130.0	0.185558	0.138917	0.231797	0.952839
587.0	130.0	0.192002	0.439382	0.479501	0.834774
232.0	130.0	0.212546	-0.310920	0.376626	0.827711
328.0	134.0	0.190972	-0.191502	0.270451	0.989429
541.0	133.0	0.187116	0.406123	0.447156	0.910664
107.0	141.0	0.207043	-0.685410	0.715998	0.724478
479.0	146.0	0.138693	0.188116	0.233716	0.782714
573.0	144.0	0.349021	0.513556	0.620931	0.888223
722.0	146.0	0.131587	0.937033	0.946228	0.865958
251.0	150.0	0.153701	-0.412879	0.440560	0.933144
374.0	153.0	0.123171	-0.046186	0.131546	0.996180
294.0	155.0	0.153696	-0.288079	0.326515	0.969035
70.0	157.0	0.541125	-0.913054	1.061360	0.872589
388.0	157.0	0.140529	-0.041711	0.146589	0.994521
417.0	156.0	0.132759	0.098250	0.165160	0.733161
529.0	157.0	0.100980	0.423194	0.435075	0.968142
245.0	158.0	0.151921	-0.412937	0.439996	0.925843
622.0	159.0	-0.011924	0.598247	0.598366	0.967026
642.0	160.0	0.077370	0.604958	0.609886	0.881656
223.0	163.0	0.096464	-0.428293	0.439022	0.780029
667.0	163.0	0.066497	0.708976	0.712088	0.983377
169.0	164.0	0.124244	-0.635361	0.647395	0.852787
99.0	165.0	0.139295	-0.823192	0.834894	0.967515
330.0	167.0	0.101500	-0.191241	0.216507	0.882972
138.0	169.0	0.138417	-0.716475	0.729724	0.910412
54.0	169.0	0.322387	-0.994740	1.045677	0.673012
636.0	174.0	0.057929	0.617122	0.619835	0.915717
220.0	176.0	0.090067	-0.492132	0.500306	0.817589
51.0	176.0	0.122364	-0.783443	0.792941	0.745593
298.0	179.0	0.057880	-0.285788	0.291590	0.975148
641.0	183.0	0.020618	0.640955	0.641287	0.880961
492.0	183.0	-0.234656	0.241386	0.336646	0.943993
663.0	184.0	0.009983	0.499313	0.499413	0.767171
703.0	183.0	0.096082	0.770685	0.776651	0.674920
475.0	186.0	0.014496	0.243296	0.243728	0.895240
531.0	183.0	0.000657	0.358446	0.358447	0.976728
269.0	186.0	0.667898	-0.621878	0.912590	0.810064
761.0	188.0	-0.013770	1.005327	1.005421	0.961365
120.0	189.0	0.027763	-0.777068	0.777564	0.824558
296.0	190.0	0.057883	-0.283782	0.289625	0.975135
693.0	195.0	-0.025843	0.819247	0.819654	0.624018
413.0	197.0	0.067378	0.122784	0.140057	0.954507
629.0	200.0	-0.059428	0.524617	0.527972	0.848531
729.0	200.0	-0.041541	0.913971	0.914914	0.991033
106.0	200.0	-0.057584	-0.771418	0.773564	0.892282
189.0	201.0	0.020366	-0.605903	0.606246	0.885204
589.0	204.0	-0.040654	0.522248	0.523828	0.892915
623.0	205.0	0.079035	0.657266	0.662001	0.789194
117.0	210.0	0.016695	-0.770139	0.770320	0.952359
709.0	210.0	-0.553083	0.456383	0.717067	0.668266
608.0	212.0	0.002208	0.678872	0.678875	0.944929
181.0	213.0	-0.134173	-0.614393	0.628873	0.899712
583.0	215.0	-0.040636	0.522396	0.523974	0.892892
165.0	216.0	-0.047236	-0.665685	0.667359	0.935614
287.0	215.0	-0.051376	-0.295417	0.299851	0.727971
299.0	220.0	-0.012143	-0.294224	0.294474	0.698020
469.0	221.0	-0.072809	0.193732	0.206962	0.993499
315.0	223.0	-0.049488	-0.245776	0.250708	0.899675
397.0	226.0	-0.117740	0.574491	0.586432	0.743046
81.0	228.0	-0.042861	-0.921926	0.922922	0.943592
102.0	228.0	-0.040355	-0.852946	0.853900	0.920640
91.0	229.0	-0.040734	-0.863067	0.864028	0.854143
69.0	233.0	-0.074639	-0.914804	0.917844	0.914204
403.0	234.0	-0.109088	0.042254	0.116985	0.767826
741.0	236.0	-0.193015	0.870556	0.891696	0.960849
311.0	236.0	-0.104117	-0.391779	0.405377	0.900290
336.0	238.0	-0.133803	-0.191133	0.233313	0.905242
400.0	240.0	-0.134572	0.040987	0.140676	0.820710
327.0	242.0	-0.279044	-0.269209	0.387736	0.867815
182.0	246.0	-0.197261	-0.617545	0.648285	0.955655
411.0	249.0	-0.128864	0.188870	0.228644	0.873989
431.0	251.0	-0.046156	0.077969	0.090606	0.988313
575.0	251.0	-0.166980	0.486456	0.514317	0.945606
210.0	252.0	-0.301875	-0.381223	0.486271	0.768488
756.0	250.0	-0.374951	0.923723	0.996921	0.846711
670.0	256.0	-0.192409	0.736376	0.761099	0.964676
111.0	259.0	-0.122645	-0.704918	0.715508	0.904107
49.0	262.0	-0.117372	-0.976069	0.983101	0.936184
46.0	260.0	-0.125823	-0.987577	0.995561	0.942912
31.0	264.0	-0.036523	-1.038334	1.038976	0.932498
402.0	264.0	-0.246544	-0.013113	0.246892	0.796449
414.0	263.0	-0.171903	0.015085	0.172563	0.818204
215.0	264.0	-0.191224	-0.373513	0.419617	0.885315
512.0	264.0	-0.190585	0.327263	0.378713	0.855763
59.0	269.0	-0.128158	-0.981195	0.989529	0.943351
163.0	270.0	-0.269720	-0.676273	0.728076	0.834139
663.0	274.0	-0.237310	0.758931	0.795168	0.918654
147.0	274.0	-0.220248	-0.098139	0.241123	0.792870
389.0	275.0	-0.176247	0.090509	0.198128	0.852362
92.0	276.0	-0.186352	-0.557621	0.587936	0.934321
117.0	277.0	-0.172182	-0.748968	0.768505	0.975011
160.0	279.0	-0.195984	-0.681909	0.709514	0.855641
281.0	280.0	-0.230960	-0.370085	0.436240	0.930704
46.0	280.0	-0.106252	-1.160579	1.165432	0.834212
229.0	281.0	-0.202417	-0.380934	0.431374	0.957890
377.0	284.0	-0.216921	-0.036883	0.220034	0.903126
159.0	288.0	-0.204464	-0.686443	0.716247	0.763421
80.0	291.0	-0.213214	-0.747711	0.777516	0.941440
267.0	291.0	-0.268056	-0.375155	0.461081	0.877696
184.0	292.0	-0.091812	-0.619594	0.626359	0.783879
760.0	290.0	-0.392232	0.958166	1.035340	0.740068
647.0	296.0	-0.293686	0.603283	0.670971	0.931513
694.0	296.0	-0.265412	0.785945	0.829550	0.896259
749.0	298.0	-0.322342	0.960430	1.013079	0.689629
606.0	304.0	-0.318103	0.559701	0.643781	0.804119
38.0	305.0	-0.239244	-1.015690	1.043486	0.894552
172.0	309.0	-0.199564	-1.603519	1.615890	0.672388
668.0	312.0	-0.336918	0.728223	0.802385	0.886245
345.0	312.0	-0.308263	-0.164597	0.349454	0.981287
384.0	313.0	-0.318775	-0.062969	0.324934	0.943454
168.0	312.0	-0.296653	-0.643773	0.708835	0.811979
401.0	314.0	-0.451427	-0.012476	0.451599	0.924756
650.0	317.0	-0.361615	0.677721	0.768161	0.897984
696.0	319.0	-0.373880	0.808492	0.890756	0.860360
703.0	321.0	-0.526437	0.820800	0.975114	0.727993
758.0	324.0	-0.394830	1.317739	1.375619	0.816233
236.0	330.0	-0.354351	-0.610481	0.705870	0.939133
618.0	334.0	-0.404186	0.587678	0.713255	0.946814
655.0	335.0	-0.433111	0.651401	0.782246	0.810427
275.0	337.0	-0.189814	-0.373812	0.419243	0.939924
226.0	340.0	-0.356230	-0.483654	0.600683	0.898479
128.0	340.0	-0.588324	-0.818907	1.008332	0.797251
189.0	343.0	-0.308296	-0.499991	0.587399	0.727159
236.0	345.0	-0.359108	-0.535775	0.644991	0.901795
532.0	346.0	-0.421416	0.372392	0.562376	0.826036
660.0	346.0	-0.433368	0.698757	0.822234	0.823698
117.0	347.0	-0.384741	-0.801318	0.888896	0.852332
208.0	346.0	-0.337925	-0.718640	0.794127	0.898736
759.0	347.0	-0.466135	0.957494	1.064930	0.818626
752.0	349.0	-0.389896	0.957610	1.033942	0.780235
330.0	350.0	-0.401467	-0.210163	0.453149	0.847196
481.0	352.0	-0.669701	0.206060	0.700686	0.809568
463.0	354.0	-0.440823	0.156612	0.467816	0.930506
296.0	354.0	-0.461663	-0.423973	0.626806	0.730653
494.0	355.0	-0.434625	0.209878	0.482646	0.759813
59.0	362.0	-0.549582	-0.974367	1.118674	0.695789
169.0	363.0	-0.434513	-0.674326	0.802195	0.700479
162.0	369.0	-0.438188	-0.678219	0.807459	0.704551
307.0	367.0	-0.424626	-0.285045	0.511427	0.681712
