122.0	30.0	0.506212	-0.750447	0.905219	0.766166
341.0	32.0	0.472837	-0.127979	0.489850	0.900099
710.0	34.0	0.417457	0.885581	0.979042	0.922150
64.0	32.0	0.521831	-0.921910	1.059352	0.961974
496.0	37.0	0.428783	0.287756	0.516390	0.922684
265.0	38.0	0.468381	-0.357460	0.589202	0.948427
679.0	38.0	5.588352	-6.704812	8.728355	0.851114
421.0	41.0	0.446040	0.074071	0.452148	0.701288
370.0	41.0	0.430224	-0.054781	0.433698	0.966988
415.0	44.0	0.455056	0.082799	0.462527	0.710955
497.0	45.0	0.426312	0.287758	0.514341	0.922656
514.0	42.0	-1.017627	0.303418	1.061898	0.746344
141.0	45.0	0.523049	-0.678527	0.856726	0.946856
673.0	45.0	0.391617	0.750294	0.846348	0.768467
299.0	51.0	0.422491	-0.263530	0.497942	0.899098
194.0	54.0	0.398781	-0.565228	0.691743	0.823204
155.0	56.0	0.440364	-0.675289	0.806186	0.820769
243.0	54.0	0.879772	-0.409840	0.970550	0.780378
262.0	58.0	0.411056	-0.365645	0.550149	0.951514
295.0	58.0	0.422513	-0.263918	0.498167	0.899147
364.0	60.0	0.392915	-0.118865	0.410501	0.972015
602.0	60.0	0.295088	0.559202	0.632284	0.752625
69.0	63.0	0.349198	-1.276807	1.323698	0.899515
186.0	64.0	0.412815	-0.623347	0.747648	0.822960
524.0	66.0	0.357987	0.364371	0.510804	0.962901
662.0	67.0	0.332597	0.746165	0.816935	0.927719
430.0	72.0	0.295279	-0.003657	0.295302	0.872351
467.0	75.0	0.338335	0.187708	0.386917	0.976791
61.0	77.0	0.362490	-1.090697	1.149356	0.928832
586.0	77.0	0.349472	0.511275	0.619301	0.691022
445.0	78.0	0.303231	0.104128	0.320611	0.851085
219.0	77.0	0.027326	-0.488361	0.489125	0.770057
150.0	81.0	0.362927	-0.812609	0.889972	0.794223
202.0	83.0	0.214734	-0.590410	0.628248	0.774463
426.0	84.0	0.310531	-0.050023	0.314534	0.808872
511.0	88.0	0.287938	0.339852	0.445430	0.927151
187.0	91.0	0.212176	-0.542874	0.582864	0.848204
474.0	91.0	0.310759	0.220917	0.381281	0.977192
324.0	94.0	0.306841	-0.208750	0.371117	0.774659
343.0	94.0	0.305975	-0.161368	0.345919	0.808170
174.0	97.0	0.366575	-0.577733	0.684217	0.873782
299.0	100.0	0.297651	-0.278533	0.407648	0.948200
246.0	100.0	0.345909	0.554738	0.653748	0.426008
621.0	102.0	0.243699	0.633232	0.678507	0.715589
199.0	107.0	0.287415	-0.586641	0.653265	0.922256
569.0	106.0	0.250400	0.484754	0.545606	0.955054
701.0	106.0	0.213270	0.859026	0.885104	0.945181
710.0	111.0	0.216690	0.859198	0.886101	0.942756
51.0	115.0	0.311878	-0.951631	1.001433	0.815202
254.0	116.0	0.232435	-0.240742	0.334638	0.832583
320.0	117.0	0.242662	-0.361467	0.435366	0.867465
430.0	116.0	-0.155566	0.122385	0.197937	0.846151
192.0	118.0	0.270447	-0.553436	0.615981	0.883923
269.0	117.0	-0.325693	-0.388981	0.507328	0.723314
479.0	118.0	0.184375	0.263490	0.321591	0.926557
752.0	118.0	0.387793	0.951146	1.027162	0.894983
298.0	119.0	0.453978	-0.271387	0.528911	0.785481
233.0	122.0	0.395582	-0.433613	0.586946	0.799289
61.0	123.0	0.283771	-0.955155	0.996417	0.871926
169.0	124.0	0.249231	-0.630091	0.677592	0.967132
78.0	126.0	0.366418	-0.884464	0.957361	0.955759
571.0	126.0	0.181529	0.467889	0.501869	0.953604
592.0	130.0	0.056675	0.433433	0.437122	0.756929
151.0	131.0	0.224388	-0.681478	0.717469	0.974308
209.0	131.0	0.220988	-0.508139	0.554113	0.833275
522.0	131.0	0.175763	0.379232	0.417983	0.747364
675.0	131.0	0.117349	0.774279	0.783121	0.990906
406.0	133.0	0.183305	0.025025	0.185005	0.985473
488.0	134.0	0.190115	0.242584	0.308205	0.954752
464.0	135.0	0.131931	0.267436	0.298207	0.927010
211.0	140.0	0.171858	-0.507554	0.535860	0.838129
323.0	143.0	0.164307	-0.560364	0.583955	0.733437
678.0	142.0	0.117646	0.787561	0.796300	0.990870
342.0	144.0	-0.090193	-0.035036	0.096759	0.948525
246.0	144.0	0.174202	-0.423270	0.457716	0.960008
599.0	143.0	0.163492	0.539321	0.563557	0.729717
375.0	148.0	0.144420	-0.059745	0.156290	0.984133
274.0	154.0	0.141888	-0.345328	0.373341	0.979880
624.0	158.0	0.086536	0.628763	0.634690	0.974676
715.0	156.0	0.051287	0.967289	0.968648	0.762250
174.0	167.0	0.122088	-0.592259	0.604712	0.911648
494.0	171.0	0.068189	0.263404	0.272087	0.989343
38.0	170.0	0.142714	-0.921117	0.932107	0.897379
341.0	174.0	0.057705	-0.158194	0.168390	0.787007
245.0	176.0	-1.443992	-0.460967	1.515785	0.667732
472.0	179.0	0.045997	0.201324	0.206512	0.917384
630.0	179.0	0.026442	0.642712	0.643255	0.978644
562.0	183.0	0.023965	0.451948	0.452582	0.970663
583.0	183.0	0.023595	0.511426	0.511970	0.951336
165.0	185.0	0.049049	-0.563235	0.565367	0.827633
443.0	185.0	0.015108	0.209837	0.210380	0.805512
228.0	187.0	0.055810	-0.489493	0.492665	0.918980
388.0	186.0	0.033322	-0.030109	0.044909	0.969281
313.0	187.0	0.064595	-0.236786	0.245439	0.838339
434.0	191.0	0.014615	0.209821	0.210329	0.805639
143.0	195.0	0.042411	-0.698451	0.699737	0.984558
50.0	194.0	0.063036	-1.033604	1.035524	0.886204
193.0	198.0	0.147179	-0.565543	0.584380	0.861536
580.0	202.0	0.017518	0.459900	0.460234	0.819981
647.0	204.0	-0.029599	0.657170	0.657836	0.848167
577.0	210.0	0.083670	0.328543	0.339030	0.714714
621.0	212.0	-0.080567	0.603549	0.608903	0.914234
376.0	216.0	-0.041875	-0.063600	0.076148	0.997874
617.0	219.0	-0.098587	0.603572	0.611571	0.912387
592.0	219.0	-0.108178	0.511551	0.522864	0.826320
621.0	217.0	-0.084553	0.578791	0.584934	0.903118
535.0	223.0	-0.084452	0.372464	0.381918	0.715466
273.0	225.0	-0.054169	-0.238555	0.244628	0.839973
572.0	224.0	0.004094	0.537585	0.537600	0.694820
335.0	229.0	-0.074085	-0.187546	0.201648	0.923736
541.0	227.0	-0.221679	0.376235	0.436686	0.694432
206.0	230.0	-0.058906	-0.539351	0.542558	0.934656
253.0	229.0	-0.064178	-0.415546	0.420473	0.881558
582.0	228.0	-0.130862	0.508156	0.524735	0.733272
556.0	229.0	-0.196676	0.421588	0.465207	0.788190
715.0	229.0	-0.158910	1.635480	1.643182	0.682546
34.0	233.0	-0.070852	-1.019450	1.021910	0.995964
77.0	233.0	-0.050827	-0.899622	0.901057	0.997194
584.0	236.0	-0.133232	0.470511	0.489011	0.676706
114.0	240.0	-0.074440	-0.805845	0.809276	0.990823
408.0	242.0	-0.121057	0.017753	0.122352	0.831673
676.0	242.0	-0.154711	0.760664	0.776238	0.978858
142.0	243.0	-0.084316	-0.717622	0.722558	0.986936
709.0	243.0	-0.156828	1.015976	1.028009	0.755997
238.0	246.0	0.631029	-0.204924	0.663469	0.762366
363.0	247.0	-0.021990	-0.120524	0.122514	0.972445
536.0	249.0	-0.043169	0.289086	0.292291	0.782084
761.0	248.0	-0.192807	0.992956	1.011502	0.965804
521.0	248.0	0.999478	0.225052	1.024503	0.701690
253.0	250.0	-0.261541	-0.423092	0.497404	0.739640
52.0	253.0	-0.103593	-0.974349	0.979840	0.997178
291.0	253.0	-0.133252	-0.307092	0.334757	0.982949
560.0	256.0	-0.150290	0.444529	0.469247	0.710499
213.0	259.0	-0.146118	-0.515375	0.535689	0.817267
605.0	260.0	-0.192799	0.558118	0.590480	0.965846
405.0	260.0	-0.181631	0.021000	0.182841	0.994973
271.0	259.0	-1.913025	-0.395744	1.953529	0.531647
143.0	262.0	-0.153410	-0.742894	0.758568	0.915299
110.0	264.0	-0.140170	-0.810849	0.822875	0.900533
70.0	266.0	-0.075913	-0.928559	0.931657	0.996161
674.0	266.0	-0.221368	0.742532	0.774827	0.835507
130.0	266.0	-0.268194	-0.748737	0.795321	0.881529
405.0	268.0	-0.181723	0.005820	0.181816	0.994995
30.0	270.0	-0.152234	-1.037475	1.048584	0.933529
535.0	267.0	-0.164824	-1.148327	1.160096	0.666816
194.0	271.0	-0.367541	-0.307557	0.479247	0.780454
735.0	272.0	-0.247360	0.923570	0.956121	0.990343
49.0	272.0	-0.161774	-1.011840	1.024691	0.975133
574.0	273.0	-0.250244	0.547076	0.601593	0.736026
650.0	274.0	0.336995	0.761404	0.832647	0.556469
39.0	278.0	-0.171703	-1.023519	1.037822	0.940052
624.0	278.0	-0.281748	0.591820	0.655464	0.759130
566.0	279.0	-0.182635	0.472335	0.506415	0.758997
306.0	283.0	-0.222814	-0.270213	0.350230	0.982350
574.0	285.0	-0.251826	0.482740	0.544476	0.811153
666.0	286.0	-0.216343	0.744159	0.774970	0.789231
581.0	287.0	-0.123570	0.477085	0.492828	0.835166
39.0	288.0	-0.196462	-1.139677	1.156487	0.826688
672.0	288.0	-0.253666	0.812206	0.850897	0.806507
633.0	289.0	-0.287485	0.629052	0.691631	0.703070
689.0	289.0	-0.400044	0.483016	0.627168	0.771890
333.0	290.0	-0.251452	-0.186970	0.313346	0.985022
626.0	291.0	-0.283279	0.633767	0.694196	0.758735
71.0	293.0	-0.213892	-0.956350	0.979977	0.987515
408.0	294.0	-0.265506	0.014751	0.265916	0.989533
696.0	299.0	-0.488740	0.438349	0.656518	0.841234
588.0	305.0	-0.317736	0.549302	0.634577	0.905817
188.0	308.0	-0.273397	-0.661183	0.715478	0.906314
541.0	311.0	-0.332521	0.453611	0.562435	0.839470
145.0	314.0	-0.280574	-0.716771	0.769729	0.927944
71.0	319.0	-0.537148	-0.947969	1.089575	0.904799
714.0	319.0	-0.975095	0.708681	1.205420	0.914868
545.0	322.0	-0.328680	0.371062	0.495699	0.952177
218.0	323.0	-0.289459	-0.519735	0.594904	0.843494
425.0	323.0	-0.352100	0.174239	0.392853	0.906812
663.0	327.0	-0.387563	0.711142	0.809893	0.966470
697.0	326.0	-0.394933	0.808467	0.899772	0.782408
200.0	328.0	-0.342955	-0.562705	0.658980	0.938388
281.0	329.0	-0.355805	-0.371625	0.514492	0.903878
151.0	332.0	-0.496538	-0.689301	0.849520	0.880394
394.0	339.0	-1.171796	-0.585705	1.310022	0.872479
746.0	346.0	-0.455361	0.943446	1.047590	0.969355
474.0	351.0	-0.424188	0.711235	0.828125	0.767555
691.0	352.0	-0.474136	0.858568	0.980787	0.958719
273.0	353.0	-0.415837	-0.368502	0.555620	0.951166
34.0	354.0	-0.406500	-0.600824	0.725418	0.714046
202.0	354.0	-0.404163	-0.572326	0.700646	0.935581
124.0	355.0	-0.638869	-1.588088	1.711775	0.839478
712.0	359.0	-0.490126	0.846256	0.977942	0.946512
437.0	358.0	-1.697093	-7.827439	8.009302	0.946146
64.0	364.0	-0.406387	-0.949504	1.032815	0.972609
438.0	366.0	-0.466315	0.083243	0.473687	0.765551
538.0	365.0	-0.483859	0.363930	0.605446	0.944872
575.0	365.0	-0.455808	0.519649	0.691228	0.920851
37.0	368.0	-0.424801	-1.082658	1.163015	0.743824
491.0	368.0	-0.472354	0.242373	0.530908	0.951377
