147.0	32.0	0.497137	-0.690681	0.850991	0.933638
738.0	31.0	0.390920	0.903760	0.984683	0.859752
219.0	34.0	-7.643052	5.444942	9.384223	0.746944
380.0	38.0	0.443538	-0.022781	0.444123	0.913809
753.0	37.0	0.609290	0.985883	1.158965	0.839797
349.0	41.0	0.455070	-0.125401	0.472032	0.926533
669.0	42.0	0.386479	0.742429	0.836999	0.801629
290.0	45.0	0.444937	-0.285679	0.528754	0.939153
737.0	45.0	0.401582	0.985467	1.064149	0.965792
380.0	47.0	0.491458	-0.049268	0.493921	0.894560
413.0	49.0	0.367455	0.035164	0.369133	0.894093
659.0	49.0	0.297790	0.742613	0.800095	0.850287
434.0	49.0	0.379844	0.101702	0.393224	0.892363
32.0	54.0	0.456509	-1.072061	1.165210	0.914560
692.0	55.0	0.372403	0.834625	0.913938	0.975583
431.0	57.0	0.606523	-0.081823	0.612017	0.843883
629.0	57.0	0.366329	0.662097	0.756683	0.964002
765.0	59.0	0.498675	0.987540	1.106305	0.880000
168.0	67.0	0.407857	-0.629840	0.750364	0.939190
437.0	67.0	0.601626	-0.137441	0.617125	0.816551
123.0	68.0	0.445318	-0.745151	0.868077	0.882159
563.0	69.0	0.334273	0.472768	0.579006	0.948011
739.0	69.0	0.302339	0.989905	1.035046	0.909695
750.0	71.0	0.705206	1.005971	1.228533	0.873299
700.0	79.0	0.224210	0.855901	0.884780	0.969340
228.0	83.0	0.349756	-0.463277	0.580478	0.818198
43.0	83.0	0.384112	-0.934654	1.010505	0.898083
200.0	86.0	0.386447	-0.544202	0.667456	0.776457
526.0	89.0	0.285009	0.381269	0.476021	0.959728
507.0	92.0	0.237641	0.244645	0.341064	0.878647
285.0	92.0	0.285283	-0.189234	0.342338	0.880940
375.0	90.0	0.597684	-0.000744	0.597685	0.845797
543.0	92.0	0.241706	0.413043	0.478567	0.953443
552.0	95.0	0.198135	0.416384	0.461121	0.940609
114.0	96.0	0.378410	-0.839615	0.920949	0.813366
743.0	96.0	0.241930	0.972821	1.002452	0.991094
537.0	100.0	0.246994	0.394565	0.465497	0.959171
368.0	106.0	0.260608	0.351228	0.437353	0.819349
506.0	107.0	0.258855	0.284230	0.384438	0.875045
644.0	108.0	0.220247	0.681604	0.716304	0.974670
440.0	111.0	0.242370	0.122455	0.271548	0.800793
466.0	110.0	0.234898	0.189854	0.302030	0.980851
97.0	111.0	0.290820	-0.811660	0.862188	0.920706
491.0	114.0	0.435912	0.271010	0.513289	0.864117
664.0	113.0	-0.292720	0.755798	0.810504	0.638856
581.0	115.0	0.205449	0.513488	0.553063	0.776034
709.0	117.0	0.229977	0.778867	0.812111	0.908554
155.0	118.0	0.246374	-0.718559	0.759623	0.806629
182.0	119.0	0.213145	-0.594627	0.631674	0.825997
378.0	119.0	0.233116	-0.057388	0.240076	0.910407
367.0	122.0	0.274799	0.033192	0.276797	0.925950
746.0	123.0	0.140637	0.990415	1.000351	0.792571
301.0	128.0	0.181294	-0.268898	0.324305	0.683926
624.0	127.0	0.173063	0.640282	0.663259	0.925090
414.0	131.0	0.120661	0.024665	0.123156	0.947641
634.0	131.0	0.179910	0.650517	0.674937	0.922233
270.0	135.0	0.203772	-0.325862	0.384330	0.975438
212.0	138.0	0.198132	-0.500748	0.538521	0.711439
577.0	140.0	0.152717	0.517073	0.539154	0.871275
766.0	143.0	0.100381	1.032450	1.037318	0.850960
317.0	146.0	0.166373	-0.008867	0.166609	0.704715
417.0	147.0	0.136795	-0.061533	0.149997	0.915224
190.0	150.0	0.163663	-0.572151	0.595098	0.969586
250.0	152.0	0.120444	-0.428634	0.445235	0.905806
98.0	154.0	0.172828	-0.833483	0.851213	0.991401
40.0	154.0	0.164406	-1.004610	1.017973	0.959252
274.0	156.0	0.116097	-0.556167	0.568156	0.917334
406.0	157.0	0.115913	0.028899	0.119461	0.927008
539.0	157.0	0.095614	0.393369	0.404823	0.827581
32.0	158.0	0.142914	-1.046652	1.056364	0.707484
291.0	159.0	0.011541	-0.316482	0.316692	0.921187
235.0	161.0	0.171853	-0.518289	0.546038	0.921290
246.0	162.0	0.136587	-0.513799	0.531644	0.908521
437.0	163.0	-0.001336	0.125817	0.125824	0.914794
464.0	169.0	0.072751	-0.018398	0.075041	0.748536
652.0	171.0	0.042791	1.010200	1.011106	0.835179
50.0	174.0	0.125444	-1.057010	1.064428	0.717318
151.0	177.0	0.079740	-0.686572	0.691187	0.959014
174.0	177.0	0.098648	-0.621745	0.629522	0.964409
403.0	178.0	0.066280	0.013010	0.067545	0.989720
680.0	178.0	0.014274	0.783819	0.783949	0.983731
534.0	178.0	-0.018700	0.379151	0.379612	0.829684
93.0	184.0	0.077375	-0.867687	0.871130	0.995003
376.0	183.0	0.098634	-0.490652	0.500467	0.934658
466.0	183.0	0.071149	0.144034	0.160649	0.715052
442.0	188.0	0.002508	1.106176	1.106179	0.774483
51.0	189.0	0.114254	-1.081543	1.087561	0.692238
120.0	195.0	-0.003349	-0.785663	0.785670	0.933513
144.0	195.0	0.061002	-1.005807	1.007655	0.920561
110.0	197.0	-0.030079	-0.789400	0.789973	0.937681
236.0	197.0	0.159975	-0.663825	0.682829	0.888043
203.0	197.0	0.043894	0.050216	0.066696	0.796153
542.0	202.0	-0.018273	0.401684	0.402099	0.719673
667.0	200.0	-0.050563	0.738204	0.739933	0.985955
452.0	204.0	-0.018902	0.567038	0.567353	0.848290
334.0	205.0	-0.006088	-0.200588	0.200680	0.941498
235.0	209.0	0.146399	-0.571320	0.589779	0.808276
256.0	208.0	-0.026449	-0.541854	0.542499	0.834451
266.0	211.0	0.038072	-0.416521	0.418257	0.836679
584.0	210.0	-0.053986	0.513018	0.515850	0.783518
189.0	213.0	0.278190	-0.369303	0.462357	0.738308
383.0	215.0	-0.040028	-0.050433	0.064387	0.994724
249.0	219.0	0.093161	-0.466014	0.475234	0.780706
307.0	219.0	-0.044957	-0.267240	0.270995	0.971010
353.0	219.0	8.923621	-3.209621	9.483284	0.969761
344.0	221.0	-0.041527	-0.404906	0.407030	0.845335
244.0	223.0	0.187334	-0.443226	0.481189	0.732486
630.0	223.0	-0.090904	0.640263	0.646684	0.769225
541.0	225.0	-0.240021	0.837313	0.871036	0.845056
726.0	229.0	-0.110937	0.901431	0.908231	0.994257
694.0	230.0	-0.181909	0.778443	0.799416	0.970084
597.0	230.0	-0.124259	0.550181	0.564039	0.874205
177.0	236.0	-0.081822	-0.611887	0.617334	0.806838
474.0	237.0	-0.119353	0.200682	0.233492	0.889597
574.0	237.0	-0.131219	0.189824	0.230763	0.823353
346.0	238.0	-0.073192	-1.070857	1.073355	0.793447
182.0	242.0	-0.082672	-0.612804	0.618355	0.972722
243.0	243.0	-0.129349	-0.213535	0.249656	0.676947
468.0	244.0	-0.119355	0.200771	0.233569	0.889582
540.0	244.0	-0.170429	0.448166	0.479478	0.761141
639.0	245.0	-0.170547	0.654023	0.675894	0.972479
268.0	245.0	0.676141	-0.292495	0.736695	0.618953
282.0	246.0	-0.092529	-0.329251	0.342006	0.676006
306.0	248.0	-0.106558	-0.254648	0.276044	0.955422
316.0	247.0	-0.129399	-0.254557	0.285558	0.976312
687.0	250.0	-0.040836	0.898907	0.899834	0.860179
88.0	252.0	-0.100814	-0.863813	0.869676	0.985332
570.0	251.0	-0.201571	0.432446	0.477116	0.740966
635.0	255.0	-0.170769	0.616615	0.639825	0.850357
347.0	254.0	-0.210351	-0.097709	0.231937	0.975004
231.0	259.0	-0.148822	-0.370523	0.399293	0.819230
132.0	260.0	-0.131062	-0.749862	0.761230	0.760928
120.0	261.0	-0.108184	-0.752946	0.760678	0.732861
153.0	264.0	-0.143804	-0.695285	0.710001	0.981434
179.0	266.0	-0.195608	-0.609458	0.640079	0.941033
710.0	269.0	-0.234308	0.864948	0.896123	0.915366
607.0	277.0	-0.242223	0.351521	0.426895	0.922972
539.0	278.0	-0.234224	0.380796	0.447064	0.970603
660.0	280.0	-0.119273	0.809093	0.817837	0.868344
357.0	281.0	-0.223625	-0.129603	0.258467	0.744049
669.0	284.0	-0.241420	0.809104	0.844353	0.970654
37.0	287.0	-0.153908	-1.034386	1.045774	0.902912
167.0	288.0	-0.215715	-0.647713	0.682689	0.974372
70.0	291.0	-0.219311	-0.925360	0.950993	0.958221
593.0	292.0	0.372103	0.311099	0.485019	0.777260
615.0	293.0	-0.319696	0.605697	0.684890	0.960621
561.0	295.0	-0.331910	0.429203	0.542568	0.884858
90.0	295.0	-0.190756	-0.884519	0.904854	0.981819
454.0	296.0	-0.275803	0.139753	0.309190	0.986169
728.0	297.0	-0.315849	0.898870	0.952747	0.984159
750.0	299.0	-0.326021	0.958755	1.012671	0.984291
556.0	302.0	-0.295354	0.424454	0.517103	0.938318
75.0	301.0	-0.257184	-0.922894	0.958059	0.953751
631.0	307.0	-0.572204	0.613775	0.839129	0.916532
543.0	308.0	-0.308343	0.376746	0.486840	0.928898
292.0	310.0	-0.292253	-0.316101	0.430502	0.973508
322.0	310.0	-0.296521	-0.230038	0.375289	0.979768
658.0	314.0	-0.359273	0.478599	0.598443	0.781780
446.0	317.0	-0.922536	0.096005	0.927518	0.935034
429.0	319.0	-0.358616	0.080108	0.367454	0.832579
379.0	320.0	-0.148983	-0.062031	0.161381	0.935352
148.0	322.0	-0.305651	-0.714056	0.776723	0.840354
394.0	326.0	-0.333851	0.002664	0.333862	0.893297
527.0	326.0	-0.407802	0.369292	0.550163	0.946172
248.0	326.0	-0.307550	-0.217579	0.376733	0.814291
740.0	329.0	-0.410916	0.845094	0.939700	0.966163
464.0	329.0	-0.356788	0.160599	0.391266	0.961636
565.0	329.0	-0.390110	0.441149	0.588895	0.910976
697.0	328.0	-0.406270	0.781296	0.880613	0.830651
371.0	330.0	-0.339163	-0.078988	0.348239	0.887823
534.0	331.0	-0.376010	0.348062	0.512377	0.926743
687.0	330.0	-0.404554	0.781305	0.879831	0.830763
177.0	330.0	-0.339959	-0.586000	0.677472	0.940834
53.0	336.0	-0.329360	-1.022748	1.074473	0.726087
613.0	337.0	-0.424704	0.574492	0.714433	0.803404
301.0	338.0	-0.383481	-0.374137	0.535757	0.910544
288.0	343.0	-0.375237	-0.285560	0.471537	0.793436
180.0	345.0	-0.384603	-0.587698	0.702359	0.862155
742.0	345.0	-0.319268	0.434326	0.539047	0.848303
204.0	347.0	-0.382373	-0.578706	0.693621	0.888910
505.0	351.0	-0.438620	0.269344	0.514717	0.962259
311.0	352.0	-0.396549	-0.253540	0.470673	0.964230
553.0	353.0	-0.380818	0.393392	0.547521	0.883945
177.0	353.0	-0.392318	-0.639340	0.750112	0.894614
356.0	353.0	-0.421000	-0.091671	0.430864	0.969857
392.0	364.0	-0.447598	-0.050996	0.450494	0.969990
752.0	364.0	-0.505223	0.969352	1.093112	0.963344
723.0	367.0	-0.471023	0.877481	0.995910	0.890082
