494.0	30.0	0.463582	0.291611	0.547673	0.790203
750.0	30.0	0.425075	1.000686	1.087227	0.883806
367.0	31.0	0.429241	-0.071123	0.435094	0.907245
502.0	30.0	0.462564	0.290815	0.546387	0.837290
442.0	32.0	0.461118	0.141979	0.482481	0.932225
583.0	33.0	0.346997	0.503775	0.611716	0.815567
264.0	34.0	0.482442	-0.354669	0.598782	0.803940
696.0	34.0	0.437534	0.855182	0.960610	0.951485
46.0	42.0	0.466492	-0.987422	1.092070	0.940370
397.0	47.0	-4.155822	-2.359253	4.778800	0.671127
181.0	47.0	1.299473	-0.565995	1.417385	0.700990
351.0	48.0	0.436893	-0.140934	0.459062	0.818864
344.0	49.0	0.340201	-0.123173	0.361813	0.908569
616.0	51.0	0.400006	0.596307	0.718044	0.919401
603.0	53.0	0.418767	0.582775	0.717630	0.877538
762.0	51.0	0.348196	1.028823	1.086148	0.848252
196.0	52.0	0.543544	-0.548931	0.772506	0.773136
528.0	52.0	0.463881	0.245407	0.524796	0.800403
542.0	52.0	0.375447	0.331843	0.501079	0.849174
739.0	51.0	0.345620	0.976477	1.035838	0.965507
32.0	53.0	0.356439	-0.993481	1.055487	0.970757
319.0	54.0	0.473546	-0.950048	1.061526	0.900461
520.0	55.0	0.396864	0.375831	0.546580	0.758621
176.0	56.0	0.430248	-0.590782	0.730846	0.921643
591.0	62.0	0.579576	0.568569	0.811898	0.831175
706.0	60.0	0.349593	0.874759	0.942029	0.980102
103.0	61.0	0.413249	-0.789888	0.891458	0.960180
554.0	61.0	0.354461	0.429822	0.557126	0.776556
114.0	69.0	0.415098	-0.790242	0.892630	0.964044
525.0	66.0	0.389852	0.363439	0.532985	0.770324
294.0	70.0	0.350348	-0.324131	0.477289	0.708091
658.0	68.0	0.332612	0.726539	0.799055	0.928550
430.0	71.0	0.354809	0.130909	0.378188	0.975699
272.0	74.0	0.316375	-0.316191	0.447292	0.967852
758.0	75.0	0.314226	1.018158	1.065544	0.892244
286.0	77.0	0.339635	-0.337194	0.478593	0.779375
343.0	82.0	0.334255	-0.232859	0.407370	0.896404
320.0	85.0	0.318911	-0.315248	0.448426	0.865862
516.0	84.0	0.326908	0.336566	0.469197	0.940919
302.0	86.0	0.208147	-0.161201	0.263269	0.922749
266.0	91.0	0.317514	-0.413114	0.521036	0.908236
609.0	89.0	0.275352	0.588861	0.650059	0.866983
361.0	90.0	0.123804	-0.073514	0.143985	0.707845
532.0	94.0	0.565148	0.264795	0.624107	0.845145
599.0	94.0	0.275098	0.593521	0.654176	0.810950
509.0	95.0	0.283479	0.325507	0.431642	0.957418
372.0	98.0	0.289924	-0.066067	0.297356	0.741550
424.0	99.0	0.265372	0.048836	0.269828	0.961653
58.0	103.0	0.292855	-0.936521	0.981242	0.780322
532.0	104.0	0.398061	0.324148	0.513346	0.876538
683.0	107.0	0.218530	0.799656	0.828978	0.984208
560.0	108.0	0.202080	1.032839	1.052422	0.746400
191.0	111.0	0.248168	-0.570261	0.621921	0.794918
434.0	115.0	0.292587	-0.956508	1.000257	0.659045
228.0	118.0	0.430008	-0.468200	0.635703	0.897099
192.0	120.0	0.265882	-0.560951	0.620773	0.792859
554.0	122.0	0.440674	0.515429	0.678130	0.769148
203.0	122.0	0.266086	-0.558391	0.618549	0.761362
410.0	127.0	0.065161	0.042002	0.077525	0.800098
212.0	127.0	0.288739	-0.522733	0.597177	0.918555
636.0	129.0	0.263845	0.659673	0.710481	0.897226
369.0	131.0	0.190676	-0.157953	0.247601	0.931796
429.0	132.0	0.194104	0.465785	0.504610	0.816976
516.0	132.0	0.091369	0.332556	0.344879	0.746148
315.0	133.0	0.008721	-0.219319	0.219493	0.726273
526.0	134.0	0.104996	0.337130	0.353102	0.635395
585.0	139.0	0.146477	0.535591	0.555260	0.606810
30.0	143.0	0.208041	-1.021125	1.042103	0.992980
372.0	144.0	0.190307	-0.072825	0.203765	0.929487
153.0	145.0	0.178476	-0.635343	0.659935	0.798019
202.0	149.0	0.201188	-0.550046	0.585685	0.809627
86.0	151.0	0.180044	-0.867358	0.885848	0.976735
752.0	154.0	0.077228	1.069311	1.072096	0.847156
144.0	159.0	0.172633	-0.681969	0.703480	0.920331
533.0	159.0	0.095782	0.425819	0.436458	0.933466
523.0	160.0	0.095055	0.361385	0.373677	0.959546
637.0	160.0	0.021720	0.551780	0.552207	0.888313
228.0	161.0	0.123544	-0.510030	0.524780	0.951558
687.0	162.0	0.055401	0.805172	0.807076	0.993416
564.0	165.0	0.302022	0.493870	0.578899	0.905934
409.0	169.0	0.079438	-0.011018	0.080198	0.880941
752.0	170.0	0.052318	0.943833	0.945282	0.999460
580.0	173.0	0.201793	0.463470	0.505494	0.917801
643.0	171.0	0.057969	0.678451	0.680923	0.890703
650.0	174.0	0.059494	0.673529	0.676152	0.890433
62.0	177.0	0.110218	-0.933898	0.940379	0.895037
231.0	177.0	0.102972	-0.620022	0.628514	0.926355
303.0	180.0	0.063218	-0.262033	0.269551	0.989293
379.0	180.0	0.076246	-0.055645	0.094392	0.993478
404.0	181.0	0.060037	0.021287	0.063699	0.847568
714.0	182.0	0.006359	0.873946	0.873969	0.883639
477.0	181.0	0.116918	0.207046	0.237777	0.984526
80.0	184.0	0.125958	-0.912020	0.920677	0.996541
686.0	183.0	-0.003749	0.670139	0.670149	0.647816
205.0	185.0	0.066096	-0.545250	0.549242	0.677293
352.0	187.0	0.157227	-0.237752	0.285038	0.868671
161.0	189.0	0.061267	-0.663425	0.666248	0.983039
514.0	193.0	0.006930	0.315540	0.315616	0.782464
348.0	195.0	0.152029	-0.188462	0.242138	0.885613
586.0	195.0	-0.012502	0.522141	0.522291	0.966276
324.0	196.0	0.018072	-0.207426	0.208211	0.993608
78.0	201.0	0.054078	-1.031368	1.032785	0.994474
399.0	198.0	0.026307	-0.638412	0.638954	0.786358
686.0	201.0	-0.009070	0.758409	0.758463	0.762097
463.0	202.0	-0.026613	-0.229886	0.231421	0.739847
181.0	205.0	-0.059707	-0.586110	0.589143	0.967856
540.0	205.0	-0.243514	0.371989	0.444607	0.930085
555.0	205.0	-0.087642	0.377040	0.387092	0.852693
126.0	209.0	0.001645	-0.713709	0.713711	0.949416
279.0	211.0	-0.015611	-0.331928	0.332295	0.848169
212.0	218.0	0.038355	-0.644020	0.645161	0.715913
133.0	222.0	-0.005576	-0.747819	0.747840	0.942669
435.0	222.0	-0.239198	-0.066168	0.248181	0.976583
596.0	221.0	-4.079060	-5.234713	6.636335	0.748455
481.0	223.0	0.295385	0.228538	0.373473	0.682406
756.0	224.0	-0.056650	0.951430	0.953115	0.740829
536.0	232.0	-0.103808	0.373337	0.387500	0.976213
725.0	235.0	-0.202016	0.962827	0.983792	0.846789
738.0	236.0	-0.192876	0.942572	0.962104	0.882589
385.0	239.0	-0.231660	-0.040113	0.235107	0.680646
754.0	240.0	-0.064563	0.314967	0.321516	0.675286
110.0	250.0	-0.105865	-0.815459	0.822302	0.711389
173.0	251.0	-0.057449	-0.755597	0.757778	0.961685
570.0	252.0	-0.193193	0.417084	0.459655	0.814748
204.0	255.0	-0.130148	-0.550904	0.566068	0.870015
677.0	255.0	-0.284811	0.763342	0.814744	0.908001
141.0	254.0	-0.114727	-0.763327	0.771901	0.927100
405.0	258.0	-0.161323	0.018286	0.162356	0.994633
343.0	259.0	-0.127677	-0.164284	0.208064	0.978640
316.0	260.0	-0.160161	-0.239138	0.287816	0.857560
576.0	261.0	-0.197191	0.687904	0.715609	0.790865
692.0	259.0	-0.563925	0.778416	0.961220	0.723659
637.0	265.0	-0.214271	0.648971	0.683429	0.729267
655.0	263.0	0.016732	0.747485	0.747672	0.695756
669.0	265.0	-0.275623	0.748352	0.797495	0.817519
228.0	266.0	-0.162921	-0.520655	0.545550	0.815476
106.0	268.0	-0.151743	-0.810939	0.825014	0.790882
380.0	267.0	0.163653	-0.545937	0.569938	0.765262
262.0	269.0	-0.175848	-0.573662	0.600009	0.922908
452.0	269.0	-0.264330	0.199601	0.331226	0.976940
467.0	269.0	-0.252111	0.164014	0.300767	0.903493
473.0	268.0	-0.193597	0.235396	0.304780	0.885880
55.0	273.0	-0.158268	-0.970192	0.983016	0.996062
178.0	275.0	-0.208879	-0.654036	0.686581	0.870233
574.0	276.0	-0.210297	0.464203	0.509617	0.888064
685.0	277.0	-0.823335	0.778905	1.133390	0.795650
115.0	279.0	-0.152042	-0.814164	0.828239	0.884664
515.0	280.0	-0.081041	-0.188189	0.204896	0.966421
34.0	279.0	-0.182197	-1.087468	1.102626	0.938185
649.0	282.0	-0.283820	-0.375072	0.470354	0.659614
448.0	284.0	-0.227325	0.065164	0.236480	0.847895
497.0	284.0	-0.253846	0.258336	0.362181	0.979543
172.0	286.0	-0.218386	-0.653150	0.688692	0.741035
667.0	287.0	-0.271956	0.764485	0.811417	0.836705
212.0	289.0	-0.223272	-0.480150	0.529523	0.715881
702.0	290.0	-0.177954	0.830315	0.849170	0.978595
436.0	292.0	-0.230905	0.122703	0.261483	0.809598
596.0	291.0	-0.295202	0.529814	0.606504	0.949435
173.0	294.0	-0.239325	-0.654299	0.696694	0.752696
158.0	296.0	0.001455	-0.653947	0.653949	0.808408
724.0	296.0	-0.489374	0.890408	1.016028	0.937145
516.0	302.0	-0.312811	0.309021	0.439710	0.780459
408.0	304.0	-0.312541	0.255282	0.403548	0.717794
510.0	303.0	-0.312827	0.312020	0.441834	0.780345
739.0	308.0	0.036371	0.941178	0.941880	0.923266
599.0	313.0	-0.381044	0.550043	0.669135	0.921959
628.0	314.0	-0.344081	0.736086	0.812536	0.873406
753.0	314.0	-0.351643	0.961245	1.023545	0.919675
91.0	316.0	-0.265051	-0.858465	0.898451	0.716915
410.0	317.0	-0.246610	0.028156	0.248212	0.771882
47.0	321.0	-0.389549	-1.000356	1.073527	0.782217
474.0	321.0	-0.360208	0.198733	0.411394	0.940932
294.0	322.0	-0.350196	-0.292738	0.456435	0.732029
424.0	323.0	-0.576344	0.020721	0.576716	0.744398
541.0	327.0	-0.369266	0.444748	0.578065	0.752994
518.0	327.0	-0.368902	0.310103	0.481926	0.963627
481.0	327.0	-0.390888	0.254494	0.466435	0.728899
682.0	331.0	-0.372400	0.770129	0.855442	0.883426
442.0	335.0	-0.465422	0.057151	0.468917	0.653313
164.0	337.0	-0.190834	-0.644758	0.672407	0.920293
485.0	339.0	-0.394379	0.183823	0.435116	0.718227
544.0	339.0	-0.367484	0.455899	0.585566	0.788498
147.0	341.0	-0.388282	-0.728267	0.825310	0.864808
398.0	342.0	-0.365849	-0.030661	0.367132	0.813899
370.0	343.0	-0.546371	-0.103935	0.556169	0.938497
166.0	344.0	-0.288198	-0.644213	0.705740	0.923240
702.0	347.0	-0.416014	0.859354	0.954755	0.766073
68.0	346.0	-0.379146	-0.932444	1.006580	0.789935
440.0	347.0	-0.482724	0.086525	0.490418	0.675899
143.0	354.0	-0.390713	-0.724015	0.822711	0.901209
95.0	351.0	-0.379715	-0.886078	0.964012	0.738106
74.0	352.0	-7.282589	-7.198494	10.239845	0.685596
405.0	351.0	-0.368150	-0.050089	0.371542	0.880643
633.0	354.0	-0.451838	0.631817	0.776756	0.942176
661.0	352.0	-0.456615	0.707614	0.842149	0.823797
486.0	355.0	-0.411494	-0.255716	0.484477	0.703790
711.0	354.0	0.080606	0.956085	0.959477	0.728223
746.0	358.0	-0.877633	0.927492	1.276904	0.848839
557.0	359.0	-0.461710	0.400490	0.611202	0.697250
725.0	360.0	-0.232582	1.456895	1.475343	0.712681
565.0	360.0	-0.461687	0.407143	0.615565	0.692947
186.0	361.0	-0.470773	-0.572084	0.740883	0.932783
267.0	364.0	-0.425187	-0.395394	0.580621	0.949813
440.0	368.0	-0.485171	0.127119	0.501547	0.926689
