321.0	34.0	0.473962	-0.195703	0.512776	0.959803
506.0	36.0	0.437914	0.317851	0.541108	0.958330
341.0	42.0	0.446177	-0.141227	0.467994	0.968648
559.0	47.0	0.419604	0.470124	0.630146	0.941005
86.0	51.0	0.463006	-0.853433	0.970939	0.965786
221.0	64.0	0.399522	-0.478539	0.623392	0.944796
494.0	83.0	0.299500	0.290078	0.416948	0.910799
500.0	89.0	0.299432	0.290078	0.416899	0.910805
31.0	106.0	0.247843	-1.091165	1.118958	0.975478
569.0	118.0	0.189857	0.482769	0.518759	0.959023
179.0	123.0	0.237882	-0.598424	0.643972	0.968055
362.0	141.0	0.170556	-0.098244	0.196828	0.993636
637.0	152.0	0.100361	0.672923	0.680366	0.982763
690.0	152.0	0.079579	0.846829	0.850560	0.981442
35.0	156.0	0.171271	-1.005834	1.020312	0.900409
249.0	162.0	0.125603	-0.419677	0.438070	0.971914
386.0	173.0	0.072876	-0.034208	0.080505	0.999030
558.0	193.0	0.024989	0.405459	0.406229	0.973982
523.0	206.0	-0.123404	0.342518	0.364070	0.887818
544.0	205.0	0.021439	0.409336	0.409898	0.907817
105.0	215.0	-0.003388	-0.818024	0.818031	0.704132
578.0	224.0	-0.087298	0.493571	0.501232	0.963842
732.0	234.0	-0.137257	0.916674	0.926893	0.996236
177.0	236.0	-0.072213	-0.622373	0.626548	0.978166
235.0	236.0	-0.077726	-0.465745	0.472186	0.967651
68.0	247.0	-0.088007	-0.918255	0.922463	0.996402
686.0	265.0	-0.220710	0.786712	0.817085	0.986412
75.0	266.0	-0.138388	-0.909047	0.919520	0.996029
432.0	267.0	-0.195218	0.083298	0.212247	0.993448
622.0	272.0	-0.247006	0.602208	0.650897	0.966793
544.0	279.0	-0.235519	0.457937	0.514952	0.937096
142.0	285.0	-0.199827	-0.728248	0.755166	0.983450
741.0	295.0	-0.315744	1.032133	1.079348	0.967405
424.0	314.0	-0.323807	0.049660	0.327593	0.984326
469.0	322.0	-0.355657	0.179582	0.398424	0.973492
573.0	324.0	-0.366158	0.462847	0.590169	0.949155
215.0	324.0	-0.321230	-0.546025	0.633507	0.951598
235.0	330.0	-0.339955	-0.473911	0.583233	0.951730
207.0	341.0	-0.343523	-0.852192	0.918825	0.953401
259.0	351.0	-0.402005	-0.415226	0.577945	0.840213
68.0	366.0	-0.414484	-0.945672	1.032517	0.974962
