738.0	33.0	0.416922	0.961669	1.048156	0.953341
760.0	36.0	0.391390	1.047932	1.118636	0.853084
512.0	37.0	0.422222	0.308484	0.522909	0.856082
545.0	38.0	0.437393	0.406980	0.597449	0.722372
179.0	41.0	0.472556	-0.597187	0.761539	0.941096
769.0	41.0	0.391023	1.047957	1.118531	0.835024
636.0	43.0	0.401487	0.671208	0.782120	0.948809
502.0	43.0	0.421728	0.299853	0.517462	0.855847
451.0	46.0	0.414434	0.170308	0.448062	0.776478
630.0	48.0	0.399767	0.669490	0.779763	0.950854
659.0	50.0	0.377615	0.744018	0.834359	0.905927
78.0	48.0	0.421084	-0.841054	0.940576	0.962731
101.0	48.0	-1.947036	-9.253971	9.456581	0.968698
604.0	50.0	0.404837	0.586696	0.712815	0.938280
570.0	52.0	0.268645	0.616680	0.672655	0.783223
682.0	55.0	0.383398	0.809488	0.895692	0.915338
103.0	56.0	0.312032	-0.808430	0.866558	0.760807
460.0	55.0	0.409063	0.278386	0.494805	0.792316
376.0	58.0	0.526805	-0.135804	0.544028	0.932047
513.0	59.0	0.395781	0.180458	0.434980	0.963446
131.0	59.0	0.400026	-0.891312	0.976964	0.623707
77.0	66.0	0.448652	-1.016480	1.111090	0.901175
454.0	66.0	-0.419144	0.145760	0.443765	0.700286
610.0	69.0	0.304614	1.793746	1.819427	0.798299
443.0	71.0	0.349980	0.128888	0.372958	0.692379
481.0	71.0	0.313187	0.262291	0.408513	0.724863
197.0	74.0	0.389925	-0.626835	0.738217	0.832105
437.0	73.0	0.358999	0.176455	0.400021	0.780097
360.0	73.0	0.274389	-0.135502	0.306023	0.826539
524.0	74.0	0.363747	0.296421	0.469231	0.955466
347.0	74.0	0.201277	-0.181776	0.271210	0.890511
558.0	80.0	0.312943	0.453006	0.550588	0.800399
549.0	80.0	0.312808	0.452940	0.550457	0.847140
92.0	82.0	0.348624	-0.854837	0.923193	0.951633
608.0	84.0	0.269335	0.668264	0.720498	0.826061
64.0	86.0	0.355424	-1.004043	1.065096	0.902839
587.0	86.0	0.286740	0.307518	0.420460	0.788169
709.0	86.0	0.139023	0.870538	0.881569	0.931850
202.0	89.0	0.386969	-0.811689	0.899213	0.785519
763.0	96.0	0.240507	1.105722	1.131576	0.830558
77.0	97.0	0.367503	-0.878371	0.952153	0.912799
480.0	101.0	0.297939	0.256768	0.393316	0.903478
63.0	100.0	0.442008	-0.889972	0.993691	0.897280
715.0	104.0	0.203703	0.838313	0.862707	0.921602
708.0	104.0	0.294505	0.784636	0.838085	0.853551
489.0	107.0	0.254859	0.243778	0.352677	0.942781
655.0	108.0	0.350060	0.785206	0.859704	0.908448
401.0	110.0	0.236845	0.014216	0.237271	0.989038
268.0	114.0	0.227929	-0.439009	0.494652	0.776975
735.0	112.0	0.241321	0.917120	0.948337	0.844034
751.0	113.0	0.440401	0.947951	1.045258	0.886108
181.0	115.0	0.137086	-0.593124	0.608760	0.806299
724.0	116.0	0.276572	1.046051	1.081996	0.850171
668.0	121.0	0.149712	0.758886	0.773512	0.858006
166.0	125.0	-0.045634	-0.719702	0.721148	0.886322
676.0	124.0	0.096035	0.765144	0.771147	0.814662
48.0	128.0	0.250356	-1.119861	1.147505	0.966830
630.0	129.0	0.066792	0.597627	0.601348	0.917909
723.0	130.0	0.204552	0.959833	0.981387	0.918276
532.0	129.0	0.330407	0.387939	0.509574	0.821389
408.0	131.0	0.268985	0.033560	0.271071	0.957759
600.0	133.0	0.161094	0.565257	0.587764	0.807832
206.0	133.0	0.010164	-0.872094	0.872153	0.866381
377.0	133.0	0.109577	-0.089214	0.141302	0.789251
541.0	136.0	0.239322	0.406028	0.471311	0.856590
460.0	141.0	0.157250	0.166688	0.229156	0.991245
364.0	142.0	0.100914	-0.089433	0.134840	0.804179
518.0	147.0	0.124628	0.365677	0.386332	0.934541
529.0	149.0	0.162893	0.377415	0.411067	0.934970
207.0	148.0	0.053183	-0.691419	0.693461	0.668106
154.0	151.0	0.165069	-0.676462	0.696311	0.897280
327.0	156.0	0.088342	-0.262597	0.277059	0.879396
61.0	156.0	0.236610	-0.934069	0.963571	0.752063
148.0	156.0	0.172696	-0.677068	0.698745	0.891852
760.0	162.0	0.054357	1.007091	1.008556	0.911048
325.0	164.0	0.088448	-0.124002	0.152314	0.806750
248.0	163.0	0.184204	-0.774686	0.796285	0.867503
656.0	164.0	0.314418	0.709609	0.776146	0.886700
441.0	165.0	0.090190	0.124145	0.153448	0.728542
670.0	166.0	0.016241	0.722912	0.723094	0.900643
205.0	166.0	0.070684	-0.530231	0.534921	0.879337
462.0	169.0	0.080667	0.179230	0.196547	0.668060
550.0	173.0	0.056752	0.426210	0.429971	0.973142
569.0	173.0	0.044595	0.472786	0.474884	0.965121
686.0	175.0	-0.717081	0.761586	1.046049	0.696836
305.0	181.0	-0.107212	-0.123512	0.163553	0.894536
234.0	181.0	-0.003803	-0.585873	0.585885	0.675295
144.0	182.0	0.386276	-0.491145	0.624846	0.711697
191.0	184.0	0.042116	-0.561244	0.562822	0.957817
203.0	186.0	0.065413	-0.560534	0.564338	0.832170
701.0	184.0	-0.234604	0.816655	0.849685	0.666396
634.0	188.0	-0.000882	0.658225	0.658226	0.982837
478.0	191.0	0.007838	0.281192	0.281302	0.949664
41.0	192.0	0.054222	-0.997339	0.998812	0.923438
747.0	197.0	-0.045851	0.937674	0.938795	0.897190
157.0	195.0	0.051384	-0.669777	0.671746	0.876108
343.0	193.0	0.028686	-0.138576	0.141514	0.945547
212.0	196.0	0.076559	-0.541042	0.546432	0.749270
247.0	199.0	0.262499	-0.524292	0.586334	0.756374
65.0	201.0	-0.137198	-0.932647	0.942684	0.950597
85.0	201.0	-0.042067	-0.821107	0.822184	0.719757
372.0	202.0	-0.002332	-0.167495	0.167511	0.973812
262.0	202.0	0.212047	-0.509838	0.552177	0.918394
116.0	203.0	0.139254	-0.793427	0.805555	0.909972
416.0	201.0	-0.165455	0.039074	0.170006	0.950401
656.0	206.0	-0.051066	0.714143	0.715966	0.921651
757.0	211.0	-0.072128	0.581903	0.586357	0.884395
348.0	217.0	0.051324	-0.119626	0.130171	0.977558
201.0	219.0	-0.049346	-0.385841	0.388984	0.940677
579.0	222.0	-0.078624	0.481169	0.487550	0.962376
227.0	224.0	-0.043860	-0.484224	0.486207	0.963684
695.0	228.0	-0.099117	0.808623	0.814675	0.725170
455.0	227.0	-0.092422	0.139842	0.167624	0.995246
680.0	230.0	0.638342	0.609370	0.882504	0.743677
646.0	232.0	-0.159941	0.659761	0.678871	0.851081
205.0	233.0	-0.052996	-0.528033	0.530686	0.954830
315.0	234.0	0.058502	-0.214402	0.222240	0.877462
740.0	235.0	-0.160184	0.928244	0.941963	0.960233
765.0	238.0	-0.008816	0.692441	0.692497	0.698167
132.0	239.0	-0.076663	-0.748649	0.752564	0.949216
637.0	240.0	-0.118855	0.660852	0.671455	0.744374
731.0	240.0	-0.156726	0.924629	0.937818	0.965929
296.0	248.0	-0.087244	-0.497666	0.505255	0.774663
94.0	250.0	-0.093579	-0.857762	0.862852	0.847075
513.0	253.0	-0.164944	0.315512	0.356026	0.981152
358.0	255.0	-0.054698	-0.115311	0.127626	0.962245
331.0	258.0	-0.152895	-0.195670	0.248321	0.792230
236.0	258.0	-0.155638	-0.439938	0.466656	0.826225
248.0	263.0	-0.106714	-0.450511	0.462977	0.887629
373.0	265.0	-0.217238	-0.099785	0.239060	0.890204
411.0	265.0	-0.183272	-0.037939	0.187158	0.988417
187.0	266.0	-0.165103	-0.630772	0.652022	0.946792
121.0	268.0	-0.169441	-0.782262	0.800402	0.975075
565.0	270.0	-0.231775	0.432664	0.490834	0.955925
313.0	276.0	-0.235130	-0.261021	0.351309	0.855753
123.0	277.0	-0.169509	-0.782236	0.800392	0.975096
372.0	276.0	-0.203285	-0.118376	0.235239	0.851182
384.0	276.0	-0.186959	-0.115420	0.219717	0.824047
554.0	278.0	-0.238175	0.432664	0.493888	0.955974
601.0	280.0	-0.259069	0.548249	0.606378	0.752698
163.0	280.0	-0.677679	-0.499429	0.841830	0.772141
93.0	287.0	-0.254903	-0.859165	0.896181	0.870555
678.0	289.0	-0.291554	0.831386	0.881026	0.880703
179.0	291.0	-0.362998	-0.699478	0.788059	0.801512
382.0	291.0	-0.377502	0.015082	0.377803	0.817644
512.0	294.0	-0.407004	-0.182027	0.445854	0.894490
96.0	294.0	-0.285677	-0.859142	0.905393	0.896818
343.0	296.0	-0.200743	-0.177689	0.268088	0.906657
487.0	297.0	-0.283397	0.228683	0.364157	0.980893
562.0	297.0	-0.102002	0.443205	0.454791	0.943619
329.0	297.0	0.453846	-0.320484	0.555595	0.698639
194.0	297.0	-0.493736	-0.619192	0.791943	0.729304
730.0	301.0	0.227661	0.859477	0.889118	0.834301
367.0	302.0	-0.376305	-0.102731	0.390076	0.964330
170.0	305.0	-0.333096	-0.798444	0.865140	0.810136
237.0	307.0	-0.640827	-0.462732	0.790430	0.838468
449.0	309.0	-0.330245	0.131467	0.355451	0.833095
699.0	307.0	-0.683057	0.816284	1.064371	0.827848
265.0	309.0	-0.293764	-0.372657	0.474522	0.797821
146.0	309.0	-0.267487	-0.721038	0.769055	0.976435
648.0	311.0	-0.306989	0.928870	0.978285	0.901773
646.0	309.0	-0.705758	0.705382	0.997827	0.825455
741.0	312.0	0.258407	0.860374	0.898341	0.833443
118.0	313.0	-0.104454	-0.956071	0.961760	0.867656
630.0	313.0	-0.374868	0.624411	0.728296	0.944757
333.0	315.0	-0.239175	-0.177626	0.297918	0.888308
577.0	314.0	-0.321945	0.322101	0.455409	0.959588
419.0	317.0	-0.405342	-0.117751	0.422099	0.682587
455.0	318.0	-0.363101	0.132469	0.386511	0.832537
173.0	319.0	-0.298118	-0.634798	0.701315	0.910230
273.0	321.0	-0.316077	-0.409360	0.517185	0.759285
488.0	322.0	-0.352796	0.207832	0.409462	0.822585
759.0	325.0	-0.119207	0.970142	0.977439	0.861816
219.0	324.0	-0.338581	-0.537085	0.634899	0.825585
100.0	326.0	-0.246834	-0.834051	0.869809	0.949701
425.0	326.0	-0.332376	0.043697	0.335236	0.758412
178.0	329.0	-0.310001	-0.638252	0.709553	0.883076
206.0	331.0	-0.358115	-0.460973	0.583731	0.829167
572.0	330.0	-0.213455	-0.030314	0.215597	0.745335
222.0	333.0	-0.685851	-0.531283	0.867556	0.822933
560.0	334.0	-0.625151	0.411032	0.748172	0.782451
190.0	336.0	-0.320280	-0.679677	0.751359	0.748943
240.0	337.0	-0.338280	-0.462124	0.572706	0.906468
488.0	339.0	-0.388340	0.000417	0.388340	0.837605
287.0	341.0	-0.383413	-0.322144	0.500782	0.871022
48.0	342.0	-0.143407	-1.395036	1.402387	0.678335
256.0	343.0	-0.361622	-0.421965	0.555720	0.846762
296.0	343.0	-0.381795	-0.318480	0.497189	0.900020
199.0	345.0	-0.358525	-0.594466	0.694211	0.811499
375.0	347.0	-0.425607	-0.085776	0.434164	0.785446
133.0	349.0	-0.384847	-0.741002	0.834980	0.784653
275.0	351.0	-0.385798	-0.292510	0.484151	0.907394
95.0	356.0	-0.405387	-0.850348	0.942035	0.757054
353.0	354.0	-0.431152	-0.149527	0.456345	0.969097
89.0	355.0	-0.405437	-0.864254	0.954627	0.755278
128.0	356.0	-0.385170	-0.866384	0.948145	0.691841
714.0	362.0	-0.632826	0.817969	1.034187	0.866161
665.0	363.0	-0.488397	0.703426	0.856352	0.761459
699.0	366.0	-0.754525	0.812440	1.108768	0.948891
