217.0	30.0	0.516103	-0.486697	0.709391	0.867711
76.0	33.0	0.369957	-0.695767	0.788010	0.693357
164.0	33.0	0.464186	-0.468014	0.659171	0.836429
203.0	35.0	0.988375	-0.758332	1.245774	0.814651
103.0	37.0	0.501361	-0.793381	0.938518	0.779086
486.0	37.0	0.449174	0.143335	0.471489	0.790932
753.0	38.0	0.401407	1.004822	1.082033	0.976373
122.0	37.0	0.334879	-0.777300	0.846368	0.916754
241.0	38.0	0.477160	-0.411663	0.630197	0.831275
34.0	40.0	0.670291	-0.991623	1.196915	0.815323
74.0	44.0	0.385906	-0.951992	1.027235	0.719530
589.0	40.0	0.420399	0.540469	0.684721	0.937689
364.0	44.0	0.442174	-0.043470	0.444305	0.885813
435.0	47.0	0.421487	-0.198172	0.465750	0.850129
196.0	49.0	0.465825	-0.549748	0.720566	0.762167
316.0	49.0	0.424258	-0.233465	0.484253	0.962305
670.0	57.0	0.363078	0.760182	0.842439	0.972601
156.0	60.0	0.418045	-0.625157	0.752052	0.644558
405.0	63.0	0.390439	0.019053	0.390904	0.970761
362.0	65.0	0.381164	-0.097353	0.393400	0.937941
461.0	65.0	0.363792	0.190578	0.410688	0.772480
339.0	65.0	0.401367	-0.139509	0.424921	0.946758
707.0	67.0	0.293157	0.910190	0.956236	0.961033
160.0	67.0	0.449475	-0.669407	0.806308	0.605503
335.0	67.0	0.432723	-0.144277	0.456141	0.905283
548.0	78.0	0.534580	0.676896	0.862534	0.804262
719.0	78.0	0.287141	0.915218	0.959204	0.946297
532.0	78.0	0.462737	0.598888	0.756830	0.820977
694.0	80.0	0.237540	0.850030	0.882596	0.963520
196.0	83.0	0.353863	-0.551769	0.655491	0.953825
372.0	84.0	0.326205	-0.074123	0.334520	0.973274
668.0	84.0	0.283186	0.757688	0.808879	0.913518
348.0	86.0	0.411360	-0.107513	0.425178	0.780976
83.0	89.0	0.341425	-0.876859	0.940985	0.724966
525.0	86.0	0.315584	0.370881	0.486976	0.885728
730.0	88.0	0.279234	0.927719	0.968832	0.984178
244.0	91.0	0.350425	-0.421615	0.548231	0.951208
276.0	95.0	0.166228	-0.299070	0.342162	0.830057
286.0	99.0	0.103934	-0.322248	0.338594	0.788795
397.0	97.0	0.289524	0.179012	0.340396	0.781651
451.0	98.0	-7.759434	-0.776854	7.798225	0.908513
460.0	99.0	0.333124	0.395090	0.516786	0.887338
476.0	104.0	-0.302114	0.579357	0.653397	0.772963
753.0	109.0	0.207026	0.995600	1.016897	0.693961
132.0	115.0	0.271663	-0.730911	0.779764	0.976767
471.0	121.0	0.194237	0.281549	0.342049	0.872602
645.0	126.0	0.174637	0.689218	0.710999	0.866065
165.0	128.0	0.231205	-0.763179	0.797433	0.765130
55.0	131.0	0.237913	-0.940667	0.970287	0.911436
64.0	131.0	0.238829	-0.940834	0.970674	0.903314
373.0	132.0	0.204573	-0.131916	0.243417	0.917615
571.0	133.0	0.161520	0.482871	0.509169	0.893101
360.0	134.0	-0.035778	-0.136310	0.140927	0.887417
328.0	136.0	0.062461	-0.197291	0.206942	0.930465
84.0	139.0	0.141959	-0.868187	0.879716	0.896410
665.0	139.0	0.493093	0.761279	0.907021	0.752724
313.0	140.0	0.035777	-0.269332	0.271698	0.860849
432.0	143.0	0.167806	0.087636	0.189311	0.808761
650.0	144.0	1.340489	0.523548	1.439101	0.643658
621.0	148.0	0.128385	0.604095	0.617586	0.938003
301.0	151.0	0.131732	-0.274298	0.304291	0.782256
499.0	153.0	0.363452	0.282604	0.460394	0.794342
477.0	153.0	0.112520	0.222210	0.249074	0.710891
402.0	156.0	0.126814	0.053613	0.137681	0.911904
296.0	158.0	0.142729	-0.260179	0.296756	0.823948
681.0	166.0	0.055094	0.791718	0.793633	0.987829
451.0	170.0	0.074619	0.144482	0.162613	0.995918
539.0	177.0	0.040342	0.384335	0.386447	0.914674
368.0	177.0	0.065860	-0.196656	0.207391	0.682675
216.0	178.0	0.099208	-0.530390	0.539588	0.957627
647.0	180.0	0.019131	0.690807	0.691072	0.638045
480.0	182.0	0.038283	0.226188	0.229405	0.962300
111.0	183.0	0.087090	-0.865443	0.869814	0.768788
556.0	180.0	-1.437133	0.399550	1.491641	0.691006
529.0	184.0	0.042659	0.384337	0.386697	0.914701
423.0	192.0	0.074860	0.066123	0.099882	0.769337
260.0	193.0	0.036083	-0.420746	0.422291	0.965460
393.0	192.0	-0.133779	-0.023649	0.135853	0.938666
599.0	195.0	-0.018681	0.553380	0.553695	0.949004
363.0	198.0	0.010068	0.099969	0.100475	0.693015
213.0	197.0	0.058470	-0.523352	0.526608	0.879502
284.0	200.0	-0.039132	-0.318195	0.320592	0.969545
303.0	200.0	-0.006817	-0.260412	0.260501	0.958802
398.0	204.0	-0.020601	-0.085736	0.088176	0.795639
171.0	203.0	0.021418	-0.635974	0.636335	0.880792
196.0	204.0	0.329546	-0.559117	0.649009	0.927408
211.0	207.0	0.051302	-0.530907	0.533380	0.877070
164.0	205.0	0.021512	-0.636237	0.636600	0.880889
676.0	210.0	-0.068056	0.832596	0.835373	0.882252
388.0	209.0	-0.003751	0.000732	0.003821	0.843252
559.0	207.0	-0.042570	0.426768	0.428886	0.929774
67.0	210.0	0.016283	-0.929507	0.929649	0.988352
311.0	212.0	-0.074261	-0.254338	0.264958	0.918378
426.0	212.0	-0.086307	0.075991	0.114994	0.736445
529.0	214.0	-0.057705	0.356677	0.361315	0.803404
390.0	217.0	-0.092359	-0.053656	0.106814	0.858671
386.0	217.0	-0.039949	-0.057231	0.069795	0.865354
762.0	218.0	-0.190486	0.989530	1.007698	0.972226
495.0	219.0	-0.075514	0.421579	0.428288	0.834358
548.0	223.0	-0.076754	0.396167	0.403534	0.799394
612.0	222.0	-0.096119	0.594328	0.602051	0.876744
374.0	224.0	0.224513	-0.144977	0.267253	0.750246
662.0	225.0	-0.035495	0.734383	0.735240	0.907357
80.0	228.0	-0.031437	-0.886629	0.887186	0.986658
179.0	227.0	-0.048068	-0.616808	0.618679	0.978490
746.0	228.0	-0.106884	1.008675	1.014322	0.605457
502.0	232.0	-0.085385	0.278033	0.290848	0.936274
663.0	235.0	-0.110842	0.729151	0.737528	0.882295
210.0	239.0	-0.293926	-0.531738	0.607567	0.656015
107.0	239.0	-0.052812	-0.824349	0.826039	0.990577
452.0	241.0	-0.129561	0.129247	0.183005	0.993824
576.0	244.0	-0.158996	0.465070	0.491498	0.900005
607.0	242.0	-0.173995	0.566802	0.592907	0.960660
705.0	243.0	-0.145342	0.847253	0.859629	0.957287
564.0	246.0	-0.215182	0.465853	0.513149	0.915428
679.0	248.0	-0.013313	0.585919	0.586071	0.878557
201.0	247.0	-0.084801	-0.501101	0.508226	0.716441
606.0	249.0	-0.157390	0.565533	0.587026	0.966755
752.0	249.0	-0.198208	0.972553	0.992545	0.737750
163.0	253.0	-0.121785	-0.657506	0.668689	0.850928
353.0	254.0	-0.144826	-0.156827	0.213470	0.984556
448.0	259.0	-0.171522	0.154718	0.230992	0.992223
83.0	264.0	-0.116657	-1.091784	1.097999	0.933095
188.0	264.0	-0.474397	-0.404967	0.623739	0.780579
138.0	268.0	-0.137806	-0.735050	0.747856	0.983441
289.0	269.0	-0.188354	-0.314939	0.366966	0.941387
231.0	271.0	-0.177588	-0.434187	0.469102	0.947324
536.0	275.0	-0.227644	0.368082	0.432788	0.899577
69.0	278.0	0.080640	-1.001215	1.004457	0.771910
385.0	278.0	-0.300673	-0.061544	0.306907	0.927574
511.0	283.0	-0.256299	0.304948	0.398350	0.961043
30.0	286.0	-0.188481	-1.036859	1.053850	0.860611
474.0	285.0	-0.254991	0.190304	0.318176	0.984894
99.0	284.0	0.154730	-0.821221	0.835671	0.883485
557.0	286.0	-0.288496	0.416911	0.506996	0.936686
514.0	291.0	-0.261033	0.304987	0.401441	0.961068
427.0	293.0	-0.128637	0.064006	0.143681	0.953262
552.0	295.0	-0.276996	0.440957	0.520740	0.952207
612.0	296.0	-0.296806	0.575931	0.647912	0.922319
376.0	300.0	-0.267506	-0.070665	0.276682	0.792538
532.0	306.0	-0.819278	-0.298453	0.871947	0.740067
192.0	313.0	-0.317177	-0.594632	0.673935	0.668316
357.0	314.0	-0.313666	-0.135277	0.341594	0.977825
511.0	315.0	-0.336603	0.254168	0.421786	0.846870
605.0	319.0	-0.386459	0.548616	0.671067	0.743889
383.0	321.0	-0.335835	-0.068585	0.342767	0.819656
723.0	322.0	-0.477298	0.832813	0.959891	0.706363
152.0	324.0	-0.321594	-0.731530	0.799098	0.966777
603.0	330.0	-0.386404	0.546894	0.669628	0.743621
758.0	330.0	-0.415174	1.003512	1.086005	0.912701
626.0	332.0	-0.402161	0.610638	0.731172	0.948454
734.0	330.0	-0.389406	0.884219	0.966168	0.634459
763.0	339.0	-0.496636	1.009283	1.124855	0.866421
235.0	342.0	-0.377077	-0.474669	0.606216	0.942719
544.0	342.0	-0.421619	0.356112	0.551886	0.946636
57.0	346.0	-0.319179	-0.966763	1.018089	0.857627
606.0	347.0	-0.423400	-0.104679	0.436149	0.620816
122.0	346.0	-0.379674	-0.775347	0.863316	0.834346
129.0	348.0	-0.362500	-0.774673	0.855292	0.842147
73.0	355.0	-0.301439	-0.925485	0.973338	0.979168
175.0	359.0	-0.557989	-0.654025	0.859709	0.887492
766.0	359.0	-0.498644	0.989167	1.107744	0.782461
463.0	363.0	-0.461328	0.160964	0.488603	0.958312
158.0	363.0	-0.281733	-0.726726	0.779426	0.938627
627.0	363.0	-0.486482	0.704632	0.856254	0.662815
745.0	364.0	-0.499992	0.955621	1.078519	0.962444
330.0	366.0	-0.454864	-0.218446	0.504599	0.918529
511.0	367.0	-0.458005	0.285382	0.539640	0.870457
276.0	368.0	-0.451299	-0.368728	0.582779	0.925284
560.0	369.0	-0.497843	0.439787	0.664274	0.928561
493.0	369.0	-0.485369	0.224441	0.534750	0.886705
