223.0	42.0	0.463092	-0.468014	0.658401	0.938859
754.0	50.0	0.371818	1.001824	1.068597	0.977986
394.0	59.0	0.393784	-0.039011	0.395712	0.973014
87.0	78.0	0.382995	-0.852297	0.934395	0.975738
214.0	86.0	0.340062	-0.497812	0.602875	0.948314
430.0	87.0	0.310325	0.099889	0.326005	0.984673
142.0	117.0	0.272113	-0.713450	0.763581	0.974211
315.0	120.0	0.232545	-0.225948	0.324237	0.984887
703.0	123.0	0.173065	0.853086	0.870464	0.992251
168.0	174.0	0.103141	-0.640518	0.648769	0.979853
516.0	175.0	0.052282	0.329723	0.333843	0.953645
649.0	177.0	0.028249	0.695252	0.695826	0.986145
356.0	184.0	0.046782	-0.116683	0.125712	0.997704
177.0	215.0	-0.012069	-0.608415	0.608534	0.977075
413.0	222.0	-0.075312	-0.179951	0.195075	0.842345
528.0	253.0	-0.165504	0.349400	0.386615	0.978076
369.0	256.0	-0.151292	-0.063231	0.163974	0.991990
720.0	257.0	-0.199290	0.877512	0.899858	0.933079
389.0	271.0	-0.200953	-0.038455	0.204600	0.993955
451.0	288.0	-0.242245	0.130936	0.275367	0.833779
84.0	294.0	-0.227152	-0.887240	0.915857	0.989151
148.0	295.0	-0.230939	-0.709462	0.746103	0.980164
110.0	347.0	-0.371358	-0.825982	0.905623	0.881153
451.0	358.0	-0.450902	0.121573	0.467004	0.965301
707.0	363.0	-0.419642	0.560036	0.699814	0.828230
