223.0	42.0	0.455844	-0.466673	0.652363	0.939322
717.0	44.0	0.392855	0.895113	0.977529	0.976273
754.0	50.0	0.369556	1.005204	1.070984	0.980339
394.0	59.0	0.391029	-0.000894	0.391030	0.977471
699.0	59.0	0.348182	0.850095	0.918636	0.979291
746.0	69.0	0.314985	0.985209	1.034336	0.985605
87.0	78.0	0.382091	-0.848897	0.930923	0.975805
35.0	86.0	0.369005	-0.999732	1.065659	0.980221
214.0	86.0	0.343356	-0.497751	0.604689	0.948292
393.0	103.0	0.269787	-0.007608	0.269894	0.989433
279.0	116.0	0.245902	-0.349227	0.427115	0.970277
315.0	120.0	0.231100	-0.225606	0.322963	0.984835
505.0	127.0	0.187661	0.305354	0.358409	0.981529
516.0	175.0	0.054821	0.325160	0.329749	0.892030
748.0	178.0	0.007375	0.967583	0.967611	0.928152
649.0	177.0	0.027358	0.695188	0.695726	0.986535
356.0	184.0	0.047426	-0.117419	0.126635	0.997639
386.0	192.0	0.021775	-0.029756	0.036872	0.877995
388.0	199.0	0.020797	-0.045308	0.049853	0.873868
124.0	222.0	-0.028523	-0.772453	0.772979	0.989863
648.0	240.0	-0.149521	0.686833	0.702920	0.982668
708.0	250.0	-0.191635	0.847281	0.868683	0.765065
528.0	253.0	-0.165141	0.347759	0.384978	0.978755
169.0	270.0	-0.163500	-0.652818	0.672981	0.977506
451.0	288.0	-0.221100	0.130045	0.256509	0.967559
84.0	294.0	-0.217931	-0.892085	0.918319	0.991444
717.0	299.0	-0.321134	0.876623	0.933592	0.981687
222.0	354.0	-0.403922	-0.512890	0.652847	0.943369
381.0	369.0	-0.680337	-0.078612	0.684864	0.928762
