185.0	32.0	0.485615	-0.578828	0.755556	0.939976
525.0	35.0	0.442358	0.372307	0.578181	0.952625
121.0	46.0	0.462774	-0.904174	1.015722	0.950933
285.0	52.0	0.419522	-0.530746	0.676528	0.895816
749.0	55.0	0.347621	0.990774	1.049988	0.958163
769.0	69.0	0.327964	1.044025	1.094325	0.958256
494.0	105.0	0.251622	0.272931	0.371221	0.980067
474.0	115.0	0.224657	0.219819	0.314311	0.985693
218.0	117.0	0.192464	-0.722044	0.747255	0.908834
33.0	143.0	0.206406	-1.007857	1.028776	0.993720
529.0	158.0	0.102061	0.366623	0.380564	0.978909
236.0	163.0	0.123016	-0.451103	0.467575	0.968688
614.0	210.0	-0.056903	0.591609	0.594340	0.975576
691.0	216.0	-0.054028	0.816544	0.818329	0.991624
639.0	224.0	-0.099317	0.661740	0.669151	0.982097
410.0	229.0	-0.079976	0.023609	0.083388	0.998965
725.0	240.0	-0.146557	0.986953	0.997775	0.969574
100.0	242.0	-0.079266	-0.837816	0.841558	0.995285
32.0	248.0	-0.079199	-1.030005	1.033045	0.998953
370.0	258.0	-0.158889	-0.089008	0.182121	0.995182
646.0	258.0	-0.200300	0.677677	0.706658	0.975853
391.0	289.0	-0.238093	-0.036014	0.240801	0.986692
471.0	305.0	-0.302090	0.185385	0.354437	0.981927
553.0	308.0	-0.324708	0.413813	0.526001	0.960036
769.0	332.0	-0.421997	1.005111	1.090105	0.974445
223.0	357.0	-0.405823	-0.510012	0.651770	0.940660
417.0	358.0	-0.451254	0.199594	0.493425	0.941477
605.0	366.0	-0.490778	0.555880	0.741529	0.937901
646.0	369.0	-0.509299	0.661015	0.834462	0.947642
