66.0	40.0	0.490570	-0.907210	1.031353	0.929768
493.0	51.0	0.401799	0.279683	0.489556	0.965818
366.0	56.0	0.398494	-0.076170	0.405708	0.976294
216.0	65.0	0.390486	-0.490719	0.627124	0.942714
766.0	75.0	0.297320	1.036575	1.078372	0.877275
457.0	91.0	0.293938	0.172159	0.340644	0.983264
224.0	94.0	0.315852	-0.473536	0.569209	0.953992
710.0	95.0	0.246049	0.878031	0.911854	0.989049
538.0	95.0	0.277354	0.412800	0.497321	0.960725
124.0	106.0	0.295993	-0.755499	0.811413	0.860403
630.0	125.0	0.176228	0.651105	0.674532	0.978117
226.0	135.0	0.201403	-0.473582	0.514629	0.961956
568.0	135.0	0.158892	0.481939	0.507456	0.963024
132.0	141.0	0.313198	-0.732260	0.796428	0.928059
737.0	157.0	0.068141	0.555989	0.560149	0.837603
724.0	172.0	0.235370	0.837454	0.869902	0.800334
179.0	188.0	0.065835	-0.615830	0.619339	0.977682
179.0	205.0	0.021462	-0.849228	0.849499	0.976164
175.0	219.0	0.001418	-0.596742	0.596744	0.951654
479.0	224.0	-0.081684	0.217565	0.232393	0.992218
719.0	224.0	-0.107886	0.867184	0.873869	0.993934
313.0	238.0	-0.097478	-0.237440	0.256671	0.990214
337.0	242.0	-0.110576	-0.177928	0.209488	0.993655
544.0	242.0	-0.138038	0.395862	0.419239	0.974770
726.0	241.0	-0.168021	0.858702	0.874986	0.988861
659.0	246.0	-0.164338	0.707988	0.726811	0.974535
550.0	261.0	-0.194532	0.404996	0.449294	0.970009
201.0	263.0	-7.974571	1.329948	8.084710	0.705059
608.0	263.0	2.734738	-8.027640	8.480672	0.980012
445.0	266.0	-0.193337	0.117331	0.226155	0.992576
604.0	271.0	-0.227782	0.519047	0.566829	0.778977
387.0	299.0	-0.357084	-0.058221	0.361799	0.972889
403.0	312.0	-0.423836	-0.025313	0.424591	0.954110
214.0	321.0	-0.311377	-0.532080	0.616494	0.955092
70.0	332.0	-0.320249	-0.934422	0.987777	0.984608
49.0	335.0	-0.328523	-0.992225	1.045198	0.984436
341.0	353.0	-0.448213	-0.182048	0.483773	0.899592
713.0	357.0	-0.478845	0.849427	0.975099	0.962337
623.0	361.0	-0.480364	0.597721	0.766825	0.944208
