561.0	33.0	0.442849	0.471921	0.647166	0.940648
661.0	44.0	0.401999	0.733040	0.836033	0.962955
63.0	49.0	0.468104	-0.921455	1.033538	0.898820
143.0	52.0	0.446598	-0.698861	0.829371	0.958368
757.0	71.0	0.307731	1.010635	1.056447	0.977056
195.0	82.0	0.355054	-0.552653	0.656878	0.953699
516.0	110.0	0.235381	0.333829	0.408468	0.975027
492.0	111.0	0.216497	0.267892	0.344437	0.980228
115.0	124.0	0.250461	-0.772610	0.812192	0.760876
270.0	125.0	0.226665	-0.348622	0.415830	0.973396
311.0	135.0	0.201590	-0.239668	0.313176	0.977373
87.0	171.0	0.113151	-0.859498	0.866914	0.991298
315.0	176.0	0.076987	-0.245139	0.256944	0.989273
757.0	178.0	0.017474	0.992490	0.992644	0.999403
399.0	183.0	0.046188	0.000615	0.046192	0.999682
46.0	198.0	0.052629	-0.980816	0.982227	0.999443
294.0	208.0	-0.023815	-0.295731	0.296689	0.986708
375.0	217.0	-0.046362	-0.070191	0.084121	0.998464
746.0	220.0	-0.102635	0.961828	0.967288	0.998194
258.0	222.0	-0.042865	-0.390373	0.392720	0.977096
585.0	229.0	-0.123008	0.517794	0.532205	0.858607
50.0	243.0	-0.074432	-0.978634	0.981460	0.999095
630.0	244.0	-0.155537	0.638751	0.657415	0.977646
519.0	245.0	-0.144945	0.326086	0.356849	0.981394
382.0	250.0	-0.137982	-0.055253	0.148634	0.996784
496.0	256.0	-0.165632	0.257993	0.306585	0.984630
37.0	270.0	-0.144622	-1.017865	1.028087	0.996786
142.0	281.0	-0.190129	-0.973766	0.992154	0.904229
616.0	286.0	-0.255461	0.597271	0.649610	0.956154
648.0	288.0	-0.278823	0.670557	0.726215	0.968585
364.0	301.0	-0.275257	-0.112684	0.297429	0.986022
562.0	305.0	-0.313724	0.438706	0.539338	0.958600
712.0	303.0	-0.334217	0.831670	0.896312	0.976985
158.0	310.0	-0.276370	-0.686075	0.739648	0.974997
354.0	353.0	-0.399253	-0.156388	0.428790	0.901709
