661.0	44.0	0.394544	0.747608	0.845330	0.961065
143.0	52.0	0.445577	-0.691689	0.822783	0.958204
196.0	82.0	0.356446	-0.552698	0.657669	0.953103
389.0	117.0	0.227768	-0.019598	0.228610	0.992416
692.0	123.0	0.170354	0.824025	0.841449	0.991190
115.0	124.0	0.251930	-0.776975	0.816798	0.878566
311.0	136.0	0.188926	-0.240013	0.305449	0.947185
380.0	155.0	0.125660	-0.052201	0.136071	0.997229
315.0	176.0	0.076320	-0.232532	0.244736	0.991253
399.0	183.0	0.041853	0.004660	0.042112	0.999376
46.0	198.0	0.050612	-0.984094	0.985395	0.999582
293.0	207.0	-0.009780	-0.297498	0.297659	0.987194
310.0	217.0	-0.067613	-0.262842	0.271399	0.989037
375.0	217.0	-0.047712	-0.072405	0.086711	0.998894
746.0	220.0	-0.105255	0.959350	0.965106	0.998122
258.0	222.0	-0.047148	-0.398433	0.401212	0.976962
570.0	238.0	-0.230284	0.467265	0.520929	0.810836
382.0	250.0	-0.125410	-0.056036	0.137359	0.996815
444.0	254.0	-0.154488	0.116528	0.193508	0.992501
134.0	271.0	-0.191445	-0.729221	0.753933	0.884325
142.0	281.0	-0.191058	-0.804722	0.827091	0.877108
648.0	288.0	-0.288618	0.633627	0.696264	0.930594
364.0	301.0	-0.279762	-0.115055	0.302496	0.971222
712.0	303.0	-0.333031	0.787533	0.855054	0.969473
158.0	310.0	-0.273242	-0.684562	0.737080	0.974807
502.0	324.0	-0.358663	0.268937	0.448292	0.971113
562.0	355.0	-0.455490	0.431391	0.627351	0.944271
124.0	358.0	-0.402481	-0.786459	0.883464	0.970284
