661.0	44.0	0.393464	0.746514	0.843858	0.904041
398.0	50.0	0.416126	0.010794	0.416266	0.974704
389.0	117.0	0.232471	-0.018687	0.233221	0.992137
692.0	123.0	0.174751	0.824391	0.842709	0.991130
311.0	136.0	0.184726	-0.241342	0.303924	0.975592
357.0	136.0	0.181182	-0.109751	0.211831	0.993461
302.0	137.0	0.184725	-0.241334	0.303917	0.975583
380.0	155.0	0.126296	-0.047462	0.134919	0.997348
101.0	167.0	0.138187	-0.791355	0.803330	0.907059
237.0	167.0	0.128313	-0.460002	0.477562	0.966173
590.0	174.0	0.049055	0.529264	0.531532	0.967305
315.0	176.0	0.079210	-0.232408	0.245535	0.988003
251.0	197.0	0.031187	-0.415937	0.417104	0.974916
95.0	206.0	0.021858	-0.848346	0.848628	0.996568
407.0	212.0	-0.038091	0.020993	0.043493	0.999505
310.0	217.0	0.216277	-0.251765	0.331906	0.918907
375.0	217.0	-0.041590	-0.074189	0.085051	0.998336
258.0	222.0	-0.040115	-0.401980	0.403976	0.975395
570.0	238.0	-0.150956	0.468161	0.491897	0.936402
722.0	238.0	-0.159496	0.890474	0.904646	0.852211
444.0	254.0	-0.157090	0.117492	0.196167	0.994438
301.0	261.0	-0.164560	-0.284208	0.328412	0.984372
679.0	260.0	-0.084549	0.757750	0.762452	0.872412
134.0	270.0	-0.162209	-0.754781	0.772014	0.759117
660.0	301.0	-1.208177	0.688100	1.390386	0.682999
712.0	303.0	-0.365173	2.005118	2.038100	0.743533
643.0	306.0	-0.335552	0.759116	0.829971	0.964568
723.0	318.0	-0.373220	1.101932	1.163421	0.770155
502.0	324.0	-0.363034	0.268630	0.451615	0.970764
330.0	328.0	-0.347269	-0.210497	0.406085	0.976198
562.0	355.0	-0.452376	0.430439	0.624437	0.944760
124.0	358.0	-0.400855	-0.788800	0.884811	0.970436
150.0	361.0	-0.425259	-0.713981	0.831032	0.961475
