52.4	42	0.0217547	0.0077734	1.84814	3.37305
41.55	42.3	0.0227675	-0.0224537	2.55816	3.76706
37.2	42.35	0.0228054	-0.0344261	3.30356	3.82518
45.85	42.4	0.022068	-0.0105127	1.95552	3.85738
55.25	42.7	0.0195724	0.0156743	2.00601	3.85448
33.65	43.35	0.0212827	-0.0447726	3.96588	3.88
67.2	44.15	0.0138895	0.0485731	4.04159	3.95071
46.2	44.15	0.0174623	-0.01011	1.61422	3.89294
59.6	44.25	0.0137007	0.0271678	2.43416	3.37948
59.65	44.55	0.0137006	0.0271678	2.43415	3.37949
36.8	44.55	0.0180886	-0.0366033	3.26631	3.875
47.85	45.35	0.0130768	-0.00506355	1.12183	3.73507
33	45.65	0.0149393	-0.045639	3.84175	3.31822
45.45	46.75	0.0095336	-0.012179	1.23733	3.9368
51.35	47.25	0.0074826	0.00399415	0.678552	3.98334
64.8	47.35	0.0052881	0.0413817	3.33745	3.97535
57.25	47.45	0.00600835	0.020543	1.71228	3.89433
51.15	48.15	0.0049197	0.0040842	0.511528	3.99028
43.25	50.25	-7.95e-05	-0.0184446	1.47558	3.92104
44.7	50.4	-0.00083125	-0.0183846	1.47227	3.65958
54.4	50.65	-0.00241235	0.0122352	0.99766	3.96146
45.2	51.05	-0.0008362	-0.01446	1.15873	3.65909
56.95	51.85	-0.00613355	0.0191749	1.61056	3.90695
64.95	52.3	-0.0086748	0.0413571	3.38056	3.96486
63	53.2	-0.0105152	0.0355751	2.96772	3.92641
48.15	53.4	-0.009423	-0.00555015	0.874884	3.96935
57.85	53.8	-0.0117477	0.0213122	1.94684	3.86178
34.85	54.15	-0.00929165	-0.0428745	3.50958	3.96108
62.3	54.2	-0.0141025	0.0339191	2.93872	3.88362
44.45	54.35	-0.0113905	-0.016341	1.59353	3.90639
45.2	55.55	0.455721	-0.145748	38.2768	3.52305
44.75	55.7	-0.0151073	-0.0151375	1.7109	3.4883
55.95	55.75	-0.0169716	0.0158848	1.85965	3.87661
50.65	56.85	-0.019373	0.0008305	1.55126	3.90477
54.6	56.95	-0.0201951	0.0122083	1.88787	3.87137
46.15	57.85	-0.0213108	-0.0116449	1.94279	3.86538
43.05	58.4	-0.0224962	-0.0204686	2.43316	3.79
