63.4	41.75	0.0412101	0.0385132	4.5124	3.43948
39.3	41.8	0.023766	-0.0287298	2.98285	3.74915
45.15	42.3	0.022316	-0.012491	2.04592	3.84915
61.6	43.55	0.0164046	0.0331341	2.95781	3.86951
40.15	43.6	0.0194876	-0.0265678	2.63589	3.77414
58.65	43.65	0.0164252	0.0217808	2.18239	3.28338
41.95	44.5	0.0163746	-0.0213662	2.15353	3.81639
65.5	44.75	0.0122242	0.0441137	3.66208	3.57017
67.1	45.75	0.0093894	0.0478521	3.90116	3.97129
52.9	45.75	0.010407	0.00722425	1.0135	3.94495
46.8	46.05	0.0109453	-0.0085936	1.11326	3.93336
55.05	46.4	0.0090361	0.0138978	1.32616	3.92904
64.45	46.5	0.00620835	0.0401223	3.24798	3.95042
58.4	48.35	-0.00340915	0.0236549	1.91194	3.7546
33.6	48.55	0.00620005	-0.0457203	3.6911	3.98545
66.15	49.25	-7.86e-05	0.0452215	3.61773	3.99461
33.8	49.4	0.00567855	-0.0938336	7.52042	3.44405
49	51	-0.00232975	-0.00274975	0.288324	3.9925
39.2	52.25	-0.0048797	-0.0302162	2.44861	3.90456
52.25	52.4	-0.00668055	0.00636295	0.738072	3.97967
32.6	54.15	-0.0093462	-0.0490176	3.99205	3.97956
59.05	54.3	-0.0133213	0.0246507	2.24159	3.82064
41.15	55.85	-0.0164169	-0.0261712	2.47152	3.1662
40.8	56.35	-0.0164169	-0.0261685	2.47134	3.16622
37.55	56.7	-0.0169554	-0.0354742	3.14544	3.88595
50.8	57.35	-0.020585	0.00130345	1.6501	3.90235
68.4	57.45	-0.0235619	0.0504574	4.45501	3.87049
50.15	58.35	-0.0228032	-0.0009645	1.82589	3.87276
