52.25	41.55	0.0232504	0.0069536	1.94144	3.85697
53.25	42	0.0217254	0.0102461	1.92162	3.86831
33.1	43.25	0.021626	-0.0466623	4.1144	3.88485
53.75	44.25	0.0154354	0.0112593	1.52845	3.9116
47.25	44.9	0.013318	0.00031595	1.06574	3.65021
64.8	44.95	0.0117825	0.0419025	3.4822	3.93129
47.3	45.55	0.0132409	-0.00667195	1.18615	3.64272
38.15	46.4	0.0118415	-0.0323287	2.75433	3.89253
68.2	46.5	0.0070714	0.0511494	4.13087	3.98804
44.35	46.85	0.009414	-0.0153251	1.43885	3.9258
48.1	47.6	0.006814	-0.0050228	0.677216	3.98342
53.3	48.05	0.0049885	0.0102289	0.910436	3.96513
54.4	48.65	0.0030737	0.0125304	1.03215	2.99106
49.65	48.75	0.04632	0.00050715	3.70582	3.48825
50.4	49.25	0.0071096	0.0010195	0.574588	3.63151
42.15	49.55	0.00209455	-0.0245962	1.97482	3.82676
37.75	50.05	0.0011133	-0.0343544	2.74979	3.93185
41.85	50.35	0.0010875	-0.0312223	2.4993	3.86976
44.85	50.6	-0.00092165	-0.0145327	1.16495	3.61504
48.3	52.75	-0.0076206	-0.0050357	0.730728	3.98054
34.1	53.05	-0.0063054	-0.044539	3.59864	3.98384
63.1	53.65	-0.0125944	0.0355745	3.01905	3.91245
45.95	54.5	-0.0121806	-0.0122457	1.38176	3.92432
58.75	55.65	-0.0169902	0.0235524	2.32328	3.80848
60.3	55.75	-0.0173797	0.0279387	2.63226	3.82009
65.65	55.8	-0.018274	0.0406598	3.5662	3.86793
43.1	56.75	-0.0182735	-0.019643	2.14628	3.83362
47.85	56.8	-0.0187564	-0.0067918	1.59585	3.9087
65.05	57.5	-0.0238182	0.0406176	3.76688	3.05134
57.35	58.25	-0.0047237	0.0425718	3.42664	3.41601
