57.05	41.65	0.0222161	0.020815	2.43549	3.78831
59.85	41.65	0.0217892	0.0286065	2.87678	3.78904
46.15	41.85	0.0230581	-0.0088786	1.97667	3.86985
38.75	42.05	0.023742	-0.0302341	3.07536	3.77064
46.8	42.2	0.022841	-0.0087861	1.9578	3.85801
53.2	44.55	0.009523	0.0127592	1.2737	3.19545
50.45	45.55	0.0119776	0.0017255	0.9681	3.96411
51.15	46.65	0.0091657	0.00333015	0.780156	3.84
50.8	46.7	0.0091657	0.00333015	0.780156	3.84
46.85	46.95	0.0089559	-0.00841535	0.983144	3.96511
39.05	47.85	0.0073133	-0.0300925	2.47747	3.89685
48.85	48.45	0.00291085	-0.00219565	0.291684	3.9765
43.2	49.3	0.00288545	-0.0185101	1.49869	3.91317
35	50.1	0.0016843	-0.0414898	3.32191	3.98178
40.95	50.4	2.815e-05	-0.0251178	2.00942	3.85802
45.75	50.65	-0.00038485	-0.0118999	0.952488	3.07661
45.3	50.7	-0.450683	0.0674787	36.4565	3.42761
35.95	50.8	-0.0004084	-0.0314638	2.51731	3.86042
33.6	51.1	-0.00095565	-0.0455448	3.64438	3.99506
47.4	51.35	-0.0032866	-0.00724845	0.6367	3.98514
36.15	51.55	-0.0020097	-0.0345882	2.77172	3.84681
40.75	51.8	-0.0028937	-0.0257748	2.07494	3.85409
53.8	52.65	-0.00795985	0.0104003	1.04774	3.96033
58.3	52.95	-0.00928955	0.0229361	1.97967	3.86007
50.2	53.35	-0.00954105	0.0002365	0.76352	3.97773
66.25	54.5	-0.0149476	0.044584	3.76184	3.94152
64.4	54.9	-0.0156288	0.0393522	3.38737	3.9178
65.05	56.55	-0.0205845	0.0413391	3.69444	3.85806
58.45	56.65	-0.0197553	0.0228112	2.41412	3.79044
39.2	57.05	-0.0181468	-0.030799	2.8598	3.84103
