33.3	41.6	0.0218678	-0.0453937	4.0309	3.64482
65.9	41.6	0.0208526	0.0503923	4.36291	3.58717
51.8	41.9	0.0223386	0.0052141	1.83512	3.54858
39.85	42.1	0.0231322	-0.0269711	2.84258	3.75973
37.55	42.4	0.022742	-0.0316795	3.11978	3.67606
41.3	43	0.0207783	-0.0238827	2.5325	3.76503
36.75	43.8	0.0191065	-0.0359896	3.25975	3.86663
46.4	43.75	0.0181087	-0.0086707	1.6062	3.90483
40.1	43.9	0.0183196	-0.0266499	2.58714	3.80019
43.5	45.15	0.014282	-0.0172811	1.79352	3.88512
63.45	47.95	0.0040493	0.0375003	3.01746	3.95828
37.2	48.85	0.0048173	-0.0353403	2.85337	3.94503
38.35	49.2	0.00368225	-0.0322605	2.5976	3.92444
50.55	49.25	0.0027654	0.0017659	0.262492	3.82496
39.5	51	-0.0013945	-0.0291174	2.33206	3.89912
38.55	51.95	0.0030054	-0.0320598	2.57603	3.54623
47.6	52.2	-0.0058291	-0.0070576	0.732284	3.98054
37.8	52.4	0.0496028	-0.0325536	4.74648	3.32389
51.8	52.7	-0.0077227	0.0045876	0.718604	3.98074
42.8	52.75	-0.0068539	-0.0203578	1.71844	3.89408
45.7	53	-0.00782205	-0.0123805	1.17156	3.94996
34.8	53.3	0.0429178	-0.029661	4.1736	2.89667
62.15	53.5	-0.0115458	0.0333244	2.82142	3.90563
35.55	53.95	0.00565115	-0.040714	3.28835	3.39037
40.5	54.2	-0.00752875	-0.0268949	2.2343	3.82387
51.05	54.4	-0.0123904	0.0024628	1.01062	3.96301
62.25	54.6	-0.0146282	0.0333428	2.91284	3.8869
45.85	54.9	0.262284	0.411071	39.0095	2.7757
59.3	55.7	-0.0171522	0.0250716	2.43018	3.79088
37.4	56.1	-0.0155744	-0.0354658	3.09878	3.88694
60.8	57.2	-0.0216991	0.0290944	2.9036	3.79464
56.8	58.15	-0.0236997	0.0176868	2.36575	3.79027
63.4	58.4	-0.025331	0.0361996	3.53458	3.81835
