49.95	42.3	0.0213752	0.00095615	1.71172	3.89506
31.7	42.8	0.0225539	-0.0498061	4.37397	3.8834
41.2	43	0.0205285	-0.0234485	2.49319	3.77763
65.5	43.25	0.0167289	0.0449429	3.83643	3.91706
63.15	43.9	0.0150313	0.0374666	3.22955	3.91128
51.5	45.4	0.0125744	0.00486855	1.07872	3.958
57.35	45.4	0.011766	0.0210252	1.92748	3.86742
63.85	45.85	0.0097889	0.0391765	3.23048	3.95014
52.55	46.6	0.0093709	0.0076638	0.968456	3.96598
43.6	47.1	0.00888105	-0.0173015	1.55582	3.91312
34.5	47.5	0.0089907	-0.042727	3.49301	3.9688
51.1	47.7	0.00617935	0.0031972	0.5566	3.98752
32.3	47.75	0.00854125	-0.0488225	3.96512	3.98266
33.9	48.6	0.00601795	-0.0445779	3.59858	3.98422
54.95	50.85	-0.00311525	0.0136468	1.11983	3.02299
54.75	51.15	-0.0031139	0.0136469	1.11981	3.02298
32.2	52.25	-0.00380395	-0.0497888	3.99471	3.99662
32.25	53.4	-0.00709765	-0.0499257	4.03421	3.98564
41.05	54.75	-0.0120087	-0.0254216	2.24922	3.82367
65.7	54.7	-0.0160691	0.0425371	3.63768	3.91618
56.65	55.65	-0.0166602	0.0177513	1.94758	3.86447
53.6	55.85	-0.016894	0.0093278	1.54385	3.91436
34.3	55.95	-0.0144506	-0.0444617	3.74008	3.94482
64.95	57.1	-0.021638	0.0406222	3.68206	3.868
58.5	57.5	-0.0221578	0.0226309	2.53377	3.76799
49.35	58	-0.0222243	-0.00271995	1.79121	3.88409
68.25	58.15	-0.0253214	0.0499714	4.48165	3.85817
