49.95	42.3	0.0215582	0.000708	1.72558	3.89144
41.2	43	0.020669	-0.0234683	2.5018	3.77903
48.2	42.95	0.0195765	-0.0037664	1.59484	3.903
63.15	43.9	0.0151618	0.0375044	3.23626	3.91131
32.4	44.65	0.0172115	-0.0482689	4.09965	3.93042
51.5	45.4	0.0129192	0.00437045	1.09107	3.9549
53.95	45.4	0.0124993	0.0114385	1.35545	3.93324
57.35	45.4	0.0120495	0.0225381	2.04455	3.8337
63.85	45.85	0.0095759	0.0391442	3.22387	3.95166
43.6	47.1	0.00874345	-0.0170499	1.53288	3.91177
49.9	47.45	0.0070758	0.0002984	0.566568	3.9883
34.5	47.5	0.0090509	-0.0427619	3.49674	3.96894
32.3	47.75	0.00886275	-0.0491854	3.9982	3.9791
33.9	48.6	0.00593165	-0.0445615	3.59636	3.98503
54.45	49.7	0.0002446	0.0125293	1.00254	3.96379
55.85	50.3	-0.0012022	0.0164025	1.31572	3.9312
58.95	50.4	-0.0023553	0.0251044	2.01717	3.85688
54.95	50.85	-0.00320865	0.0136424	1.12117	3.51338
32.75	50.95	-1.485e-05	-0.0481315	3.85052	3.99876
32.2	52.25	-0.0039543	-0.0500444	4.01603	3.99484
32.25	53.4	-0.00691425	-0.0497483	4.01812	3.98891
44.35	53.75	-0.00979665	-0.0160882	1.5069	3.91858
51.4	53.95	-0.0111651	0.0033852	0.93336	3.96846
45.35	54.35	-0.0111603	-0.0139695	1.4304	3.92446
66.9	54.5	-0.015093	0.0464008	3.9035	3.923
65.7	54.7	-0.0152788	0.0430211	3.65229	3.93513
34.3	55.95	-0.0145411	-0.0441953	3.72208	3.94266
58.5	57.5	-0.0221859	0.0226294	2.53526	3.77295
68.25	58.15	-0.0253351	0.0495906	4.45499	3.86094
