39.6	43	0.0200318	-0.0279177	2.74887	3.78306
62.7	43.75	0.0156937	0.0363739	3.1692	3.90024
37.1	44	0.0093308	-0.0348151	2.8835	3.8121
37.85	44.55	0.0160304	-0.0345813	3.04929	3.50758
62.7	44.7	0.0135875	0.0353094	3.02668	3.85999
40.1	44.75	0.0160234	-0.0267872	2.4971	3.81479
66.6	45.05	0.011616	0.0467205	3.85142	3.96563
43.95	45.2	0.0140556	-0.0166668	1.74419	3.86821
33.45	46.6	0.0116759	-0.0455877	3.76473	3.53213
52.15	46.75	0.00867335	0.00692105	0.887704	3.96812
33.25	47	0.0125781	-0.0462522	3.83456	3.521
64.05	47.3	0.00561055	0.0393601	3.18064	3.96636
39.95	47.3	0.0086986	-0.0276803	2.32119	3.86503
42.2	47.35	0.00832505	-0.0215492	1.84811	3.8775
36.3	49.95	0.0020504	-0.0381341	3.05514	3.96301
38.8	50.05	0.0011265	-0.0311112	2.49052	3.91741
53.85	51.1	-0.00360665	0.0106084	0.89638	3.97092
55.15	52.7	-0.00828075	0.0140982	1.30802	3.93824
49.35	53.1	-0.0086022	-0.00208785	0.708156	3.98172
40.7	53.2	-0.0078065	-0.0246043	2.06504	3.62118
50.3	53.5	-0.0100196	0.00065015	0.803252	3.97048
60.55	53.65	-0.00973835	0.0324903	2.71347	3.44834
66.05	54.75	-0.016206	0.0447413	3.80687	3.91551
66.6	55.2	-0.0161796	0.0447413	3.80615	3.91553
38.3	55.35	-0.0134555	-0.0331516	2.86226	3.42689
37	55.4	-0.0136811	-0.0366504	3.12965	3.9046
58.05	55.6	-0.013729	0.022931	2.13813	3.57307
32.75	55.9	-0.00950425	-0.0495577	4.03686	3.28054
58.7	56.15	-0.0178492	0.0229942	2.3287	3.54325
63.25	56.2	-0.0197843	0.0363658	3.31193	3.85935
31.9	56.5	-0.0323013	-0.0518423	4.88655	3.49048
47.05	56.7	-0.0197977	-0.00844615	1.72192	3.88205
47.7	56.85	-0.0183635	-0.00844575	1.61701	3.88067
64.8	56.9	-0.0214362	0.04009	3.63689	3.87136
59.75	56.9	-0.0202804	0.0267827	2.68758	3.76301
68.15	56.95	-0.0218558	0.0493144	4.31525	2.83115
58.7	57.75	-0.0227521	0.0230099	2.58873	3.7591
50.15	58.4	-0.0233304	-0.0007011	1.86727	3.87172
