44.1	41.65	0.0217931	-0.0155398	2.14129	3.22067
46.05	41.7	0.0308961	-0.0109904	2.62341	3.40013
63.9	41.7	0.0245746	0.03973	3.73728	3.29321
63.45	41.7	0.0254702	0.038706	3.70676	3.18657
59	41.8	0.0216267	0.0260156	2.70646	3.40003
55.9	42	0.0259043	0.0197716	2.607	3.29766
35.85	42.05	0.0105073	-0.0532188	4.33968	2.7845
35.35	42.35	0.0121144	-0.0525915	4.3175	2.55814
43.7	42.25	0.0215195	-0.0164271	2.16582	2.73006
61.6	42.35	0.0196974	0.0325349	3.04264	3.6052
57.5	42.45	0.0218931	0.0245119	2.62924	3.70989
59.3	42.35	0.0182454	0.0253981	2.50178	3.34526
66.9	42.45	0.018649	0.0485588	4.16134	3.83517
34.9	42.5	-0.448312	0.0881122	36.5511	3.88531
43.65	42.6	0.0205769	-0.0192432	2.25382	2.94419
58.6	42.65	0.0115313	0.0180917	1.71633	3.27537
64.45	42.9	0.0358958	0.0412166	4.3725	3.26301
63.7	43.1	0.0716367	0.0406413	6.58897	2.82178
55.8	43.15	0.0184815	0.0187524	2.10632	3.80618
44.3	43.35	0.0230452	-0.018145	2.3465	3.43093
48.5	43.35	0.0175657	0.00235975	1.41788	3.10294
58.55	43.4	0.0190415	0.0189082	2.14677	3.01845
35.2	43.7	0.019437	-0.0467689	4.05177	3.1384
41.8	43.7	0.0184338	-0.0218242	2.28539	3.81465
68.35	43.75	0.0147237	0.052026	4.32554	3.91064
47.85	43.8	0.0187111	-0.00470245	1.54343	3.35458
57.45	43.75	0.0149739	0.0205995	2.03734	3.0083
45.05	44	0.0226856	-0.0133631	2.10631	3.20552
39.6	43.95	0.0237065	-0.0315433	3.15668	3.1086
48.05	44	0.0168857	-0.0045417	1.39887	3.37588
51	44.25	0.015913	0.0035188	1.3038	3.91593
57.15	44.3	0.0143996	0.0198805	1.9638	3.23008
31.5	44.6	0.0175332	-0.0504864	4.27554	3.72002
49.8	44.55	0.0146813	0.0007278	1.17594	3.9433
56.4	44.8	0.0225038	0.0162048	2.2185	3.61142
43.15	44.95	0.014817	-0.0166942	1.7857	3.34936
60.2	45	0.0125132	0.0289962	2.52647	3.16958
38.25	45.1	-0.0010912	-0.029825	2.3876	3.31001
44.35	45.2	0.00920605	-0.0144835	1.37293	3.73027
34	45.5	0.00171355	-0.0506682	4.05578	2.91237
39	45.5	0.0105867	-0.00249075	0.870056	2.9328
39.55	45.55	0.0252047	-0.0280239	3.01528	2.94203
56.2	45.6	0.0128164	-0.0196961	1.8799	2.7678
40.4	45.75	0.00690305	-0.0282225	2.32435	2.86659
52.7	45.75	0.0081989	0.0767991	6.17884	2.88442
62.1	45.95	0.0108665	0.027738	2.38324	3.69332
66.95	45.95	0.26296	-0.437883	40.8619	3.18378
38.3	46.3	-0.00108845	-0.0309708	2.47919	3.17539
66.7	46.4	0.00792635	0.0562418	4.54381	3.14582
47.05	46.5	0.0101659	-0.00704235	0.989352	3.66276
52.95	46.55	0.00681415	0.0214554	1.80092	3.40553
68.25	46.55	0.00669785	0.0510686	4.12047	3.66896
50.3	46.7	0.0089367	0.0012838	0.722276	3.78834
32.8	46.75	0.0129586	-0.0447473	3.72687	2.38901
41.9	46.85	0.0082778	-0.0259418	2.17844	3.32966
67.95	47.05	0.0066966	0.0511554	4.12734	3.6711
66.15	47.15	0.00554455	0.0452619	3.64802	3.84319
48.3	47.35	0.00639945	-0.0046952	0.634968	3.54442
41.5	47.45	0.00820165	-0.0231706	1.96634	3.24801
66.2	47.6	0.0073372	0.0455578	3.69158	3.5617
64.8	47.55	0.0157323	0.0314908	2.81615	3.18797
49.65	47.8	0.011077	0.0118593	1.29822	3.76267
47.9	47.85	0.00642015	-0.0053167	0.666864	3.54706
38.9	47.95	0.00171955	-0.0328856	2.63444	3.53557
45.35	48	0.0061548	-0.0268674	2.20507	3.03383
65.45	48.05	0.0168276	0.0416192	3.59139	3.52332
59.7	48.15	0.0038657	0.0271181	2.19138	3.79479
57.5	48.2	-0.0171397	0.0214273	2.19512	3.35676
56.15	48.35	0.0038569	0.0179541	1.4691	3.86407
43	48.35	0.00491485	-0.0234722	1.9185	3.31244
61.05	48.4	0.0027525	0.0310457	2.4934	3.89402
52.15	48.55	0.0035548	0.00439355	0.45212	2.84812
48.3	48.85	0.00237075	-0.00460355	0.414248	3.85674
54	48.9	0.00191545	0.0062114	0.520004	2.79589
44.8	48.9	0.0020634	-0.0229153	1.84064	2.78312
41.2	49.3	-0.011256	-0.0242843	2.14129	3.45504
55.1	49.3	0.0035863	0.0118777	0.99258	3.34088
66.2	49.25	-0.00073375	0.0454559	3.63695	3.78322
61.85	49.45	-0.00184865	0.0311519	2.49653	3.8859
37.9	49.7	0.00244835	-0.0367469	2.94626	3.85402
39.65	49.7	0.0022342	-0.0286742	2.30089	3.84306
55.65	49.65	0.00363085	0.0118786	0.993688	3.32866
67.3	50	-0.0019509	0.0479155	3.83641	3.55514
51.3	50.15	-0.0012397	0.00407155	0.340488	3.99029
62.7	50.1	-0.0058493	0.0355737	2.88411	3.72335
50	50.25	-0.0007049	-7.355e-05	0.056696	3.61425
35.55	50.4	0.0007525	-0.0408683	3.27002	3.0144
67.3	50.3	-0.00194915	0.0491804	3.93752	3.56184
42	50.45	-0.00074165	-0.0201257	1.61114	3.78002
48.75	50.7	-0.00155855	-0.0038766	0.334252	3.2937
38.95	50.7	-0.0008441	-0.0373253	2.98679	2.85398
37.05	51.3	-0.00269765	-0.0356905	2.86338	3.93826
42.25	51.2	-0.00187865	-0.0239319	1.92044	3.41057
51.4	51.4	-0.00397915	0.00379885	0.440108	3.83046
46.05	51.5	-0.00337285	-0.0116742	0.972132	3.96218
36.6	51.75	-0.00251535	-0.0356658	2.86035	3.93845
53	51.75	-0.0052944	0.00801755	0.768632	3.97454
64.2	51.85	-0.0070535	0.0391249	3.18045	3.45372
54.55	52.1	-0.006927	0.0132571	1.19662	3.92994
31.8	52.2	0.451951	-0.150513	38.1084	2.95765
56.4	52.7	-0.00737245	0.0199096	1.69846	3.59111
33	52.9	-0.00250575	-0.0367968	2.95056	3.3515
48.2	52.9	-0.00406415	-0.00184515	0.357072	3.68608
57.95	52.85	-0.0102759	0.0175398	1.62626	3.49072
49.2	52.85	0.0160211	-0.0029314	1.30296	3.33041
38	52.95	-0.0130092	-0.0326163	2.80919	3.37323
50	53	-0.0005645	-0.00065005	0.068876	3.17231
52.45	53	-0.00790855	0.00679395	0.834084	3.95984
61.7	53.1	-0.0102561	0.0289542	2.45736	3.84256
43.1	53.25	-0.008264	-0.0190239	1.6593	3.89088
36.35	53.25	-0.00735075	-0.0422209	3.42848	3.59747
50.7	53.25	-0.010046	-2.345e-05	0.803676	3.38671
49.25	53.3	0.0280518	-0.0013434	2.24671	3.11972
37.15	53.65	-0.0182417	-0.037033	3.30255	2.90403
48.3	54.05	-0.0114599	-0.00667215	1.06085	3.65784
47.65	54.3	-0.0126017	-0.0070314	1.15445	3.49538
56.65	54.35	-0.0129539	0.0179725	1.77234	3.88718
32.85	54.4	-0.00980375	-0.0470257	3.84294	3.54418
38.65	54.45	-0.0106667	-0.0306916	2.59939	2.66101
50.15	54.55	-0.0134272	-0.0015351	1.08117	3.93458
63.2	54.55	-0.0146245	0.036329	3.13297	3.89229
65.25	54.6	-0.0188327	0.0491511	4.21084	3.68428
35.6	54.65	-0.0108735	-0.0405955	3.36212	3.37086
44.3	54.8	-0.0127457	-0.0165904	1.67369	3.22054
50.3	55.2	-0.0133988	0.00027125	1.07212	3.91822
35.8	55.7	-0.0150997	-0.0400022	3.42057	3.87052
36.75	56.2	-0.0215965	-0.0377536	3.47953	3.72292
65.05	56.35	-0.0115021	0.0418757	3.47413	3.51981
58.4	56.5	-0.0194268	0.0228955	2.40214	3.63025
65.75	56.55	-0.0180917	0.0407937	3.57004	3.14039
46.6	56.65	-0.0180312	-0.0116886	1.71906	3.82398
60.65	56.65	-0.0351926	0.0287011	3.63298	3.53366
62.5	56.85	-0.0214378	0.0340119	3.21634	3.82807
51.8	56.9	-0.0198571	0.00366305	1.61537	3.82481
32.1	57.25	-0.0182827	-0.0505664	4.3016	3.9121
53.3	57.3	-0.0218277	0.00835315	1.86971	3.7343
62.7	57.3	-0.0214553	0.034014	3.21723	3.79899
39.7	57.45	-0.0189246	-0.0287418	2.75302	3.80195
57.1	57.6	-0.0222048	0.0188167	2.32842	3.78775
36.65	57.65	-0.0186017	-0.0379839	3.38353	3.86643
50.15	57.8	-0.0219685	-0.0021059	1.76553	3.0541
61.75	57.75	-0.023397	0.031562	3.14307	3.69858
48.35	57.95	-0.0215024	-0.00725665	1.81551	3.76014
32	58.15	-0.0202002	-0.0573277	4.8626	3.82522
41.95	58.25	-0.0220449	-0.0203665	2.40103	3.27776
49.8	58.2	-0.0219664	-0.0013418	1.76058	3.00148
67	58.35	-0.0257489	0.0462256	4.23305	3.38176
