58.05	41.65	0.0221425	0.0235961	2.58866	3.76259
63.05	42.2	0.0201	0.036652	3.34413	3.85182
33.15	42.45	0.0234052	-0.0460728	4.13415	3.59528
37.15	42.6	0.0223299	-0.0349431	3.31748	3.83347
67.85	43.55	0.0153866	0.0505318	4.22579	3.90822
39.75	44.1	0.0177527	-0.0276327	2.62751	3.8148
55.8	45.5	0.0117691	0.0166915	1.63387	3.90011
54.6	45.55	0.0108249	0.0133946	1.37775	3.92091
35.75	46.2	0.0125231	-0.0386305	3.24877	3.0435
43.5	46.25	0.0113333	-0.0174311	1.66332	3.89358
45.55	46.75	0.0100795	-0.0119834	1.2527	3.90949
34.35	48.55	0.00565755	-0.0429749	3.46766	3.96519
45.75	48.8	0.00384935	-0.012257	1.02778	3.95709
67.85	48.9	0.0008737	0.0496245	3.97058	3.99761
49.95	49.15	0.0023094	3.075e-05	0.184768	3.99873
32.3	49.9	0.00263145	-0.0490408	3.92891	3.99777
44.7	50.4	-0.00119075	-0.0147866	1.18676	3.94683
48.75	50.85	-0.0023181	-0.00350955	0.336484	3.99386
67.3	51	-0.00513175	0.0480914	3.86915	3.99278
42.9	51.1	-0.00214325	-0.0195187	1.57088	3.90838
59.25	51.45	-0.0061504	0.0258897	2.12882	3.43443
32.5	52.15	-0.0037216	-0.0489317	3.92584	3.99638
61.5	52.2	-0.00777685	0.0319376	2.62966	3.91058
55.95	52.25	-0.00724725	0.0163043	1.4274	3.92558
49.1	52.5	-0.0068991	-0.00276265	0.594536	3.98714
54.8	52.8	-0.0082816	0.0128997	1.22634	3.93852
31.85	53.5	-0.0072311	-0.0508933	4.11235	3.98714
37.1	54.05	-0.00950645	-0.0486883	3.96862	3.61692
60.8	54.3	-0.0127731	0.0298636	2.59844	3.82462
62.4	54.4	-0.0139412	0.0335279	2.90486	3.87434
48.2	55.05	-0.0137629	-0.0056342	1.18972	3.94409
58.1	55.25	-0.0156862	0.0219353	2.15735	3.8344
65.6	55.15	-0.0167109	0.0415835	3.58525	3.90794
37.9	55.5	-0.0138185	-0.0343038	2.95859	3.89999
47.7	57.65	-0.0199627	-0.0078194	1.71516	3.60684
