2.000000	2.000000	221.117477	-15.350455	-21.942867	26.779205
2.000000	4.000000	215.783554	-14.986693	-22.094616	26.697811
2.000000	6.000000	210.682831	-14.245130	-22.260408	26.428196
2.000000	8.000000	206.475677	-13.122192	-22.462738	26.014736
2.000000	10.000000	203.653885	-11.689904	-22.713034	25.544779
2.000000	12.000000	202.389145	-10.096037	-22.999319	25.117697
2.000000	14.000000	202.560165	-8.543636	-23.286720	24.804537
2.000000	16.000000	203.864838	-7.244038	-23.523844	24.613966
2.000000	18.000000	205.917603	-6.348634	-23.661541	24.498444
2.000000	20.000000	208.334930	-5.889627	-23.668982	24.390743
2.000000	22.000000	210.789505	-5.772929	-23.543354	24.240797
2.000000	24.000000	213.061920	-5.839410	-23.308674	24.029001
2.000000	26.000000	215.061340	-5.958386	-23.007048	23.766081
2.000000	28.000000	216.797089	-6.097255	-22.685030	23.490149
2.000000	30.000000	218.324051	-6.328967	-22.379040	23.256767
2.000000	32.000000	219.705917	-6.782301	-22.105509	23.122568
2.000000	34.000000	220.963684	-7.566818	-21.860699	23.133242
2.000000	36.000000	222.093597	-8.714708	-21.629446	23.319073
2.000000	38.000000	223.076340	-10.164897	-21.395277	23.687191

4.000000	2.000000	221.204498	-13.505203	-22.182444	25.970200
4.000000	4.000000	216.047058	-13.221691	-22.420204	26.028419
4.000000	6.000000	211.077240	-12.541492	-22.668531	25.906588
4.000000	8.000000	206.949722	-11.477035	-22.940222	25.651045
4.000000	10.000000	204.162704	-10.123248	-23.236589	25.345991
4.000000	12.000000	202.905930	-8.644324	-23.541252	25.078176
4.000000	14.000000	203.058716	-7.242970	-23.820719	24.897535
4.000000	16.000000	204.311600	-6.116471	-24.033918	24.800009
4.000000	18.000000	206.276398	-5.399224	-24.145145	24.741457
4.000000	20.000000	208.573456	-5.109857	-24.136374	24.671343
4.000000	22.000000	210.875076	-5.141247	-24.011478	24.555723
4.000000	24.000000	212.963058	-5.317007	-23.795046	24.381853
4.000000	26.000000	214.744415	-5.487431	-23.523430	24.154991
4.000000	28.000000	216.244583	-5.609869	-23.234589	23.902233
4.000000	30.000000	217.552811	-5.767359	-22.958481	23.671804
4.000000	32.000000	218.768097	-6.118014	-22.709179	23.518862
4.000000	34.000000	219.945862	-6.806963	-22.485134	23.492893
4.000000	36.000000	221.079391	-7.890377	-22.273151	23.629459
4.000000	38.000000	222.135651	-9.312113	-22.058077	23.943144

6.000000	2.000000	221.580780	-11.720999	-22.379086	25.262724
6.000000	4.000000	216.727188	-11.541245	-22.722446	25.485483
6.000000	6.000000	212.050308	-10.958874	-23.089468	25.558178
6.000000	8.000000	208.182938	-9.997372	-23.486195	25.525454
6.000000	10.000000	205.618759	-8.766664	-23.901415	25.458437
6.000000	12.000000	204.535522	-7.437413	-24.304817	25.417301
6.000000	14.000000	204.810791	-6.203767	-24.654840	25.423372
6.000000	16.000000	206.116608	-5.242991	-24.910900	25.456667
6.000000	18.000000	208.061630	-4.670036	-25.047520	25.479158
6.000000	20.000000	210.260468	-4.492821	-25.058628	25.458206
6.000000	22.000000	212.401657	-4.600565	-24.958523	25.378988
6.000000	24.000000	214.276764	-4.811937	-24.772440	25.235460
6.000000	26.000000	215.796066	-4.969674	-24.529709	25.028069
6.000000	28.000000	217.005798	-5.030394	-24.257771	24.773863
6.000000	30.000000	218.039429	-5.093055	-23.976728	24.511684
6.000000	32.000000	219.038986	-5.347863	-23.697927	24.293856
6.000000	34.000000	220.099976	-5.972208	-23.425661	24.174963
6.000000	36.000000	221.223862	-7.036392	-23.157566	24.202969
6.000000	38.000000	222.348709	-8.475761	-22.888649	24.407555

8.000000	2.000000	222.119797	-9.970771	-22.516712	24.625568
8.000000	4.000000	217.666122	-9.907286	-22.975355	25.020416
8.000000	6.000000	213.417084	-9.451077	-23.486511	25.316774
8.000000	8.000000	209.977707	-8.632131	-24.053537	25.555553
8.000000	10.000000	207.807816	-7.565087	-24.651804	25.786469
8.000000	12.000000	207.067841	-6.416562	-25.230158	26.033308
8.000000	14.000000	207.606873	-5.363780	-25.728157	26.281328
8.000000	16.000000	209.074036	-4.559700	-26.098198	26.493525
8.000000	18.000000	211.070572	-4.098607	-26.318781	26.636005
8.000000	20.000000	213.210068	-3.980205	-26.395424	26.693827
8.000000	22.000000	215.207779	-4.097289	-26.351910	26.668539
8.000000	24.000000	216.866135	-4.275584	-26.214716	26.561098
8.000000	26.000000	218.115845	-4.364344	-26.004749	26.368437
8.000000	28.000000	219.025986	-4.331203	-25.735403	26.097324
8.000000	30.000000	219.768051	-4.298448	-25.414751	25.775690
8.000000	32.000000	220.538925	-4.488528	-25.051960	25.450886
8.000000	34.000000	221.468811	-5.102944	-24.661678	25.184090
8.000000	36.000000	222.565613	-6.211995	-24.261635	25.044277
8.000000	38.000000	223.743484	-7.727941	-23.866678	25.086637

10.000000	2.000000	222.694580	-8.192935	-22.594799	24.034332
10.000000	4.000000	218.697281	-8.245709	-23.168346	24.591949
10.000000	6.000000	214.966858	-7.931440	-23.832539	25.117674
10.000000	8.000000	212.068237	-7.282875	-24.591702	25.647457
10.000000	10.000000	210.425827	-6.410938	-25.409597	26.205873
10.000000	12.000000	210.156281	-5.468398	-26.211643	26.775990
10.000000	14.000000	211.067352	-4.608884	-26.913885	27.305660
10.000000	16.000000	212.782608	-3.958740	-27.454346	27.738289
10.000000	18.000000	214.885437	-3.591624	-27.810869	28.041830
10.000000	20.000000	217.012817	-3.500913	-27.997671	28.215704
10.000000	22.000000	218.891953	-3.587160	-28.044552	28.273037
10.000000	24.000000	220.356445	-3.692010	-27.977840	28.220392
10.000000	26.000000	221.363892	-3.683549	-27.807571	28.050484
10.000000	28.000000	222.005295	-3.552308	-27.531048	27.759277
10.000000	30.000000	222.488571	-3.450424	-27.143654	27.362080
10.000000	32.000000	223.053757	-3.629594	-26.654345	26.900335
10.000000	34.000000	223.858124	-4.303795	-26.093237	26.445787
10.000000	36.000000	224.914185	-5.528067	-25.505205	26.097414
10.000000	38.000000	226.114304	-7.179715	-24.932968	25.946121

12.000000	2.000000	223.230789	-6.332736	-22.633699	23.502934
12.000000	4.000000	219.709396	-6.489895	-23.314869	24.201277
12.000000	6.000000	216.530975	-6.319623	-24.124393	24.938404
12.000000	8.000000	214.227081	-5.855322	-25.069963	25.744667
12.000000	10.000000	213.176056	-5.198122	-26.107458	26.619913
12.000000	12.000000	213.436172	-4.479324	-27.143475	27.510590
12.000000	14.000000	214.772125	-3.824471	-28.070221	28.329559
12.000000	16.000000	216.773956	-3.332421	-28.809601	29.001692
12.000000	18.000000	219.014679	-3.058423	-29.334829	29.493834
12.000000	20.000000	221.149185	-2.991647	-29.662933	29.813412
12.000000	22.000000	222.939484	-3.043155	-29.826050	29.980894
12.000000	24.000000	224.243744	-3.075557	-29.845623	30.003672
12.000000	26.000000	225.049393	-2.983880	-29.719772	29.869188
12.000000	28.000000	225.481186	-2.789387	-29.430195	29.562088
12.000000	30.000000	225.766342	-2.675297	-28.961414	29.084717
12.000000	32.000000	226.173004	-2.915169	-28.326012	28.475624
12.000000	34.000000	226.875687	-3.721602	-27.573879	27.823895
12.000000	36.000000	227.885468	-5.121477	-26.779049	27.264389
12.000000	38.000000	229.073837	-6.951241	-26.012445	26.925213

14.000000	2.000000	223.712051	-4.371521	-22.667431	23.085117
14.000000	4.000000	220.642059	-4.613506	-23.445185	23.894793
14.000000	6.000000	217.999680	-4.578741	-24.380041	24.806274
14.000000	8.000000	216.280258	-4.300777	-25.483368	25.843737
14.000000	10.000000	215.809021	-3.866472	-26.708887	26.987297
14.000000	12.000000	216.592255	-3.380407	-27.952240	28.155903
14.000000	14.000000	218.340607	-2.937041	-29.089811	29.237703
14.000000	16.000000	220.615601	-2.609103	-30.028139	30.141277
14.000000	18.000000	222.984924	-2.437597	-30.731436	30.827959
14.000000	20.000000	225.128204	-2.411711	-31.212950	31.305983
14.000000	22.000000	226.835052	-2.455882	-31.500515	31.596106
14.000000	24.000000	228.007721	-2.456545	-31.609224	31.704536
14.000000	26.000000	228.661850	-2.338310	-31.525465	31.612064
14.000000	28.000000	228.941437	-2.153106	-31.219778	31.293936
14.000000	30.000000	229.098282	-2.108809	-30.670732	30.743145
14.000000	32.000000	229.403030	-2.487572	-29.897738	30.001045
14.000000	34.000000	230.034180	-3.486826	-28.970154	29.179235
14.000000	36.000000	230.993011	-5.098327	-27.987686	28.448259
14.000000	38.000000	232.139877	-7.120201	-27.045338	27.966902

16.000000	2.000000	224.154587	-2.336487	-22.720234	22.840057
16.000000	4.000000	221.478622	-2.643800	-23.583561	23.731287
16.000000	6.000000	219.305527	-2.731995	-24.618275	24.769402
16.000000	8.000000	218.097290	-2.634013	-25.838972	25.972881
16.000000	10.000000	218.133667	-2.419653	-27.203800	27.311197
16.000000	12.000000	219.370865	-2.163818	-28.608997	28.690710
16.000000	14.000000	221.472260	-1.929375	-29.923712	29.985847
16.000000	16.000000	223.972244	-1.766909	-31.042423	31.092667
16.000000	18.000000	226.439270	-1.709548	-31.916849	31.962601
16.000000	20.000000	228.569809	-1.752115	-32.547852	32.594978
16.000000	22.000000	230.190903	-1.835815	-32.954014	33.005112
16.000000	24.000000	231.247406	-1.871289	-33.141796	33.194584
16.000000	26.000000	231.785324	-1.810358	-33.091354	33.140839
16.000000	28.000000	231.967178	-1.727900	-32.767788	32.813313
16.000000	30.000000	232.052689	-1.842538	-32.152527	32.205276
16.000000	32.000000	232.303543	-2.428612	-31.272190	31.366352
16.000000	34.000000	232.889557	-3.657904	-30.211458	30.432095
16.000000	36.000000	233.798645	-5.487756	-29.087389	29.600534
16.000000	38.000000	234.881912	-7.687413	-28.009291	29.045080

18.000000	2.000000	224.571335	-0.293555	-22.783556	22.785446
18.000000	4.000000	222.204712	-0.656345	-23.722528	23.731607
18.000000	6.000000	220.400085	-0.857471	-24.834288	24.849085
18.000000	8.000000	219.593674	-0.927675	-26.136597	26.153055
18.000000	10.000000	220.023468	-0.918154	-27.596355	27.611626
18.000000	12.000000	221.608414	-0.874980	-29.120117	29.133259
18.000000	14.000000	223.978943	-0.833998	-30.578447	30.589819
18.000000	16.000000	226.643387	-0.830643	-31.856836	31.867664
18.000000	18.000000	229.167435	-0.897367	-32.890453	32.902691
18.000000	20.000000	231.262726	-1.039716	-33.661060	33.677116
18.000000	22.000000	232.793884	-1.216941	-34.173618	34.195278
18.000000	24.000000	233.745880	-1.361796	-34.426460	34.453384
18.000000	26.000000	234.197144	-1.446697	-34.397942	34.428349
18.000000	28.000000	234.322754	-1.557155	-34.057850	34.093430
18.000000	30.000000	234.374664	-1.905719	-33.394745	33.449078
18.000000	32.000000	234.602158	-2.744154	-32.444664	32.560509
18.000000	34.000000	235.155075	-4.213434	-31.300440	31.582758
18.000000	36.000000	236.009933	-6.243822	-30.085819	30.726891
18.000000	38.000000	237.017868	-8.589647	-28.916849	30.165646

20.000000	2.000000	224.948563	1.672575	-22.807816	22.869061
20.000000	4.000000	222.807846	1.250002	-23.815802	23.848583
20.000000	6.000000	221.267441	0.940696	-24.992062	25.009758
20.000000	8.000000	220.741409	0.718933	-26.357616	26.367418
20.000000	10.000000	221.439346	0.551066	-27.890963	27.896406
20.000000	12.000000	223.259323	0.413647	-29.512499	29.515398
20.000000	14.000000	225.813019	0.288129	-31.099306	31.100641
20.000000	16.000000	228.586136	0.144558	-32.527790	32.528111
20.000000	18.000000	231.135498	-0.055285	-33.713188	33.713234
20.000000	20.000000	233.183807	-0.329615	-34.615757	34.617325
20.000000	22.000000	234.628799	-0.653766	-35.223579	35.229645
20.000000	24.000000	235.487625	-0.977321	-35.528538	35.541977
20.000000	26.000000	235.872528	-1.284374	-35.513588	35.536808
20.000000	28.000000	235.966400	-1.658085	-35.159012	35.198090
20.000000	30.000000	236.010895	-2.289927	-34.465649	34.541637
20.000000	32.000000	236.225372	-3.398438	-33.476547	33.648605
20.000000	34.000000	236.742844	-5.094135	-32.286835	32.686234
20.000000	36.000000	237.532394	-7.291500	-31.020077	31.865517
20.000000	38.000000	238.452576	-9.744999	-29.793346	31.346586

22.000000	2.000000	225.259369	3.487372	-22.723232	22.989281
22.000000	4.000000	223.274734	2.992786	-23.795416	23.982882
22.000000	6.000000	221.913971	2.579571	-25.035332	25.167877
22.000000	8.000000	221.568008	2.229016	-26.468546	26.562237
22.000000	10.000000	222.434464	1.920691	-28.084398	28.149998
22.000000	12.000000	224.398422	1.643044	-29.815434	29.860670
22.000000	14.000000	227.063217	1.381738	-31.542299	31.572548
22.000000	16.000000	229.902191	1.102331	-33.129967	33.148300
22.000000	18.000000	232.454529	0.756921	-34.470757	34.479065
22.000000	20.000000	234.452011	0.316304	-35.502300	35.503712
22.000000	22.000000	235.816452	-0.205786	-36.198349	36.198933
22.000000	24.000000	236.599106	-0.768616	-36.547806	36.555885
22.000000	26.000000	236.938751	-1.358568	-36.541447	36.566692
22.000000	28.000000	237.015808	-2.044653	-36.173748	36.231487
22.000000	30.000000	237.052689	-2.985578	-35.458351	35.583820
22.000000	32.000000	237.244812	-4.360279	-34.445206	34.720085
22.000000	34.000000	237.707031	-6.252281	-33.228340	33.811443
22.000000	36.000000	238.414108	-8.572844	-31.927158	33.058086
22.000000	38.000000	239.241470	-11.091831	-30.658623	32.603371

24.000000	2.000000	225.479675	5.116102	-22.471247	23.046289
24.000000	4.000000	223.604492	4.543423	-23.602636	24.035955
24.000000	6.000000	222.364365	4.039096	-24.911993	25.237307
24.000000	8.000000	222.135040	3.590853	-26.431955	26.674753
24.000000	10.000000	223.101151	3.183772	-28.162151	28.341545
24.000000	12.000000	225.149948	2.805119	-30.041651	30.172331
24.000000	14.000000	227.882278	2.431732	-31.946672	32.039089
24.000000	16.000000	230.754303	2.017070	-33.722477	33.782749
24.000000	18.000000	233.295074	1.503419	-35.234268	35.266327
24.000000	20.000000	235.239624	0.855593	-36.399612	36.409668
24.000000	22.000000	236.535263	0.083011	-37.182293	37.182384
24.000000	24.000000	237.262878	-0.775821	-37.573757	37.581768
24.000000	26.000000	237.568237	-1.700476	-37.573776	37.612236
24.000000	28.000000	237.636932	-2.735223	-37.192013	37.292458
24.000000	30.000000	237.658829	-3.996732	-36.452759	36.671207
24.000000	32.000000	237.808472	-5.621007	-35.413013	35.856342
24.000000	34.000000	238.189178	-7.669639	-34.165474	35.015755
24.000000	36.000000	238.791046	-10.063398	-32.827911	34.335751
24.000000	38.000000	239.508118	-12.601501	-31.516422	33.942345

26.000000	2.000000	225.620377	6.580474	-22.027868	22.989773
26.000000	4.000000	223.814362	5.941425	-23.208736	23.957170
26.000000	6.000000	222.653610	5.373840	-24.590509	25.170843
26.000000	8.000000	222.497543	4.867941	-26.217506	26.665606
26.000000	10.000000	223.528305	4.404221	-28.100197	28.443245
26.000000	12.000000	225.629211	3.955328	-30.179274	30.437365
26.000000	14.000000	228.401215	3.478332	-32.315689	32.502346
26.000000	16.000000	231.285736	2.911052	-34.325035	34.448254
26.000000	18.000000	233.808334	2.190149	-36.040176	36.106663
26.000000	20.000000	235.703873	1.281910	-37.356995	37.378983
26.000000	22.000000	236.944489	0.198693	-38.235474	38.235989
26.000000	24.000000	237.635529	-1.016187	-38.673172	38.686520
26.000000	26.000000	237.923981	-2.326438	-38.680847	38.750744
26.000000	28.000000	237.980453	-3.741359	-38.279579	38.461983
26.000000	30.000000	237.971344	-5.328271	-37.504974	37.881573
26.000000	32.000000	238.055161	-7.180034	-36.420925	37.121914
26.000000	34.000000	238.327621	-9.344074	-35.122421	36.344135
26.000000	36.000000	238.802505	-11.762274	-33.728092	35.720238
26.000000	38.000000	239.401398	-14.275181	-32.358677	35.367565

28.000000	2.000000	225.714142	7.951352	-21.402288	22.831600
28.000000	4.000000	223.944412	7.278359	-22.617617	23.759863
28.000000	6.000000	222.829117	6.689620	-24.067078	24.979498
28.000000	8.000000	222.712555	6.172315	-25.811398	26.539137
28.000000	10.000000	223.777084	5.691410	-27.874599	28.449699
28.000000	12.000000	225.905869	5.192400	-30.197990	30.641144
28.000000	14.000000	228.695236	4.603962	-32.622234	32.945511
28.000000	16.000000	231.581512	3.848323	-34.921844	35.133244
28.000000	18.000000	234.078278	2.863819	-36.888397	36.999397
28.000000	20.000000	235.933533	1.627716	-38.394115	38.428604
28.000000	22.000000	237.132782	0.162857	-39.394768	39.395103
28.000000	24.000000	237.798477	-1.475328	-39.894814	39.922085
28.000000	26.000000	238.079163	-3.225056	-39.915714	40.045792
28.000000	28.000000	238.122772	-5.050505	-39.487823	39.809494
28.000000	30.000000	238.071289	-6.965112	-38.657158	39.279621
28.000000	32.000000	238.070114	-9.023203	-37.497200	38.567581
28.000000	34.000000	238.223892	-11.269144	-36.111027	37.828560
28.000000	36.000000	238.562546	-13.676900	-34.625195	37.228508
28.000000	38.000000	239.038208	-16.134205	-33.167122	36.883202

30.000000	2.000000	225.822067	9.318605	-20.624870	22.632315
30.000000	4.000000	224.056305	8.658103	-21.857679	23.510017
30.000000	6.000000	222.950653	8.097465	-23.363329	24.726788
30.000000	8.000000	222.842453	7.615735	-25.222767	26.347435
30.000000	10.000000	223.904419	7.152863	-27.477240	28.392996
30.000000	12.000000	226.025299	6.616579	-30.073784	30.793045
30.000000	14.000000	228.800507	5.900275	-32.831253	33.357224
30.000000	16.000000	231.663345	4.911041	-35.478828	35.817112
30.000000	18.000000	234.121582	3.597028	-37.757889	37.928837
30.000000	20.000000	235.933334	1.956158	-39.509449	39.557846
30.000000	22.000000	237.100632	0.029986	-40.679512	40.679523
30.000000	24.000000	237.747543	-2.105562	-41.274872	41.328541
30.000000	26.000000	238.021469	-4.352665	-41.321720	41.550335
30.000000	28.000000	238.046844	-6.621041	-40.858055	41.391048
30.000000	30.000000	237.950302	-8.869022	-39.942093	40.914913
30.000000	32.000000	237.865646	-11.121829	-38.661640	40.229561
30.000000	34.000000	237.901443	-13.433803	-37.135559	39.490719
30.000000	36.000000	238.116638	-15.819094	-35.506607	38.871105
30.000000	38.000000	238.480850	-18.212063	-33.915272	38.495777

32.000000	2.000000	225.999146	10.747976	-19.729317	22.466974
32.000000	4.000000	224.223572	10.150726	-20.968176	23.295958
32.000000	6.000000	223.101715	9.665702	-22.517935	24.504757
32.000000	8.000000	222.967392	9.262224	-24.480707	26.174297
32.000000	10.000000	223.978653	8.849257	-26.920872	28.338007
32.000000	12.000000	226.036331	8.289550	-29.797955	30.929512
32.000000	14.000000	228.736938	7.433988	-32.916496	33.745518
32.000000	16.000000	231.523087	6.172861	-35.961391	36.487339
32.000000	18.000000	233.903076	4.467835	-38.618645	38.876232
32.000000	20.000000	235.641617	2.345480	-40.686813	40.754360
32.000000	22.000000	236.752991	-0.125148	-42.089954	42.090141
32.000000	24.000000	237.366013	-2.837572	-42.825546	42.919449
32.000000	26.000000	237.619904	-5.647046	-42.917233	43.287155
32.000000	28.000000	237.631256	-8.400955	-42.407898	43.232002
32.000000	30.000000	237.503357	-11.003230	-41.369446	42.807735
32.000000	32.000000	237.357346	-13.459207	-39.911766	42.120060
32.000000	34.000000	237.317413	-15.843993	-38.180397	41.337330
32.000000	36.000000	237.449539	-18.215155	-36.343483	40.652683
32.000000	38.000000	237.737137	-20.550188	-34.562851	40.210705

34.000000	2.000000	226.274689	12.253532	-18.736202	22.387369
34.000000	4.000000	224.498260	11.764565	-19.976463	23.183271
34.000000	6.000000	223.354309	11.396109	-21.561470	24.387873
34.000000	8.000000	223.163376	11.108027	-23.613880	26.096046
34.000000	10.000000	224.074432	10.778256	-26.223267	28.351906
34.000000	12.000000	225.988174	10.220028	-29.369886	31.097254
34.000000	14.000000	228.520813	9.234233	-32.856415	34.129387
34.000000	16.000000	231.129547	7.685524	-36.331821	37.135811
34.000000	18.000000	233.335968	5.545134	-39.424622	39.812679
34.000000	20.000000	234.920151	2.871728	-41.878956	41.977299
34.000000	22.000000	235.903305	-0.227982	-43.580399	43.580994
34.000000	24.000000	236.432068	-3.604889	-44.503506	44.649269
34.000000	26.000000	236.642044	-7.056656	-44.659283	45.213360
34.000000	28.000000	236.643250	-10.361677	-44.091339	45.292500
34.000000	30.000000	236.515884	-13.368371	-42.888885	44.924046
34.000000	32.000000	236.376587	-16.064650	-41.193108	44.214760
34.000000	34.000000	236.339172	-18.548477	-39.187412	43.355499
34.000000	36.000000	236.469772	-20.919649	-37.075920	42.570595
34.000000	38.000000	236.759201	-23.197594	-35.052460	42.033360

36.000000	2.000000	226.632706	13.803353	-17.634340	22.394253
36.000000	4.000000	224.890289	13.457706	-18.875992	23.182169
36.000000	6.000000	223.735794	13.239633	-20.489422	24.394758
36.000000	8.000000	223.468063	13.103383	-22.616039	26.137787
36.000000	10.000000	224.224258	12.898477	-25.371998	28.462414
36.000000	12.000000	225.901108	12.386954	-28.764172	31.317953
36.000000	14.000000	228.130844	11.309664	-32.604927	34.510719
36.000000	16.000000	230.398315	9.487956	-36.519913	37.732285
36.000000	18.000000	232.262573	6.888667	-40.082626	40.670269
36.000000	20.000000	233.535126	3.601102	-42.972160	43.122784
36.000000	22.000000	234.264587	-0.219032	-45.021114	45.021648
36.000000	24.000000	234.617065	-4.364510	-46.164597	46.370453
36.000000	26.000000	234.745499	-8.563606	-46.394642	47.178368
36.000000	28.000000	234.750061	-12.519019	-45.752571	47.434414
36.000000	30.000000	234.698502	-16.017147	-44.348808	47.152580
36.000000	32.000000	234.673370	-19.019775	-42.364201	46.437885
36.000000	34.000000	234.768906	-21.638374	-40.031319	45.505226
36.000000	36.000000	235.031372	-24.012363	-37.601246	44.614429
36.000000	38.000000	235.442978	-26.207151	-35.302902	43.967144

38.000000	2.000000	227.029419	15.350405	-16.381002	22.449324
38.000000	4.000000	225.359161	15.172821	-17.619019	23.251759
38.000000	6.000000	224.207230	15.136801	-19.250250	24.488667
38.000000	8.000000	223.846451	15.193761	-21.431683	26.271036
38.000000	10.000000	224.390793	15.169128	-24.304497	28.649799
38.000000	12.000000	225.717010	14.771942	-27.903250	31.572166
38.000000	14.000000	227.469482	13.670324	-32.059185	34.852104
38.000000	16.000000	229.173676	11.617914	-36.386150	38.195915
38.000000	18.000000	230.454514	8.553484	-40.409992	41.305321
38.000000	20.000000	231.185318	4.590665	-43.740368	43.980610
38.000000	22.000000	231.476135	-0.053756	-46.146084	46.146114
38.000000	24.000000	231.535690	-5.095169	-47.517117	47.789509
38.000000	26.000000	231.547760	-10.177293	-47.819138	48.890156
38.000000	28.000000	231.599457	-14.915608	-47.092091	49.397778
38.000000	30.000000	231.730988	-19.021999	-45.470043	49.288551
38.000000	32.000000	231.977478	-22.413891	-43.180607	48.651283
38.000000	34.000000	232.381882	-25.200644	-40.511787	47.710350
38.000000	36.000000	232.958298	-27.558067	-37.766228	46.751846
38.000000	38.000000	233.655426	-29.610859	-35.205467	46.002480

40.000000	2.000000	227.442017	16.844103	-14.926880	22.506344
40.000000	4.000000	225.859467	16.854229	-16.143307	23.338196
40.000000	6.000000	224.704391	17.033588	-17.767817	24.613785
40.000000	8.000000	224.216797	17.333900	-19.972345	26.445391
40.000000	10.000000	224.471069	17.557014	-22.916567	28.868975
40.000000	12.000000	225.315506	17.356714	-26.658844	31.811153
40.000000	14.000000	226.390198	16.314159	-31.049440	35.074486
40.000000	16.000000	227.270752	14.090463	-35.701996	38.381947
40.000000	18.000000	227.678955	10.568974	-40.106770	41.475971
40.000000	20.000000	227.605713	5.875551	-43.814251	44.206455
40.000000	22.000000	227.260971	0.297430	-46.532707	46.533657
40.000000	24.000000	226.921906	-5.782393	-48.105812	48.452091
40.000000	26.000000	226.796997	-11.901324	-48.472778	49.912441
40.000000	28.000000	226.967316	-17.569988	-47.670528	50.805351
40.000000	30.000000	227.418365	-22.406622	-45.857788	51.039135
40.000000	32.000000	228.118393	-26.265343	-43.309505	50.651569
40.000000	34.000000	229.034164	-29.239914	-40.366570	49.844082
40.000000	36.000000	230.119080	-31.543943	-37.376369	48.908215
40.000000	38.000000	231.279480	-33.378994	-34.623497	48.093075

42.000000	2.000000	227.911926	18.208731	-13.252710	22.520927
42.000000	4.000000	226.388855	18.427021	-14.410958	23.392965
42.000000	6.000000	225.184952	18.860588	-15.984027	24.722679
42.000000	8.000000	224.500885	19.460033	-18.154665	26.613621
42.000000	10.000000	224.368011	20.001461	-21.093988	29.069138
42.000000	12.000000	224.584442	20.077841	-24.872757	31.965197
42.000000	14.000000	224.783585	19.174356	-29.356371	35.063549
42.000000	16.000000	224.598267	16.841612	-34.166134	38.091530
42.000000	18.000000	223.878250	12.885543	-38.780621	40.865311
42.000000	20.000000	222.778946	7.428607	-42.717850	43.358955
42.000000	22.000000	221.649139	0.829061	-45.642555	45.650085
42.000000	24.000000	220.847168	-6.413545	-47.362648	47.794914
42.000000	26.000000	220.605804	-13.705216	-47.793682	49.719906
42.000000	28.000000	220.975403	-20.427292	-46.968216	51.218040
42.000000	30.000000	221.874741	-26.085629	-45.062202	52.067860
42.000000	32.000000	223.177109	-30.459152	-42.383286	52.192940
42.000000	34.000000	224.761795	-33.622540	-39.312298	51.729412
42.000000	36.000000	226.511902	-35.834965	-36.221066	50.952042
42.000000	38.000000	228.280869	-37.390865	-33.403118	50.138260

44.000000	2.000000	228.534454	19.327499	-11.385253	22.431589
44.000000	4.000000	226.999619	19.780478	-12.432719	23.363216
44.000000	6.000000	225.668976	20.510189	-13.885946	24.768677
44.000000	8.000000	224.690659	21.460894	-15.931923	26.728189
44.000000	10.000000	224.051468	22.377737	-18.744205	29.190895
44.000000	12.000000	223.512314	22.788404	-22.394892	31.950628
44.000000	14.000000	222.693085	22.079920	-26.758137	34.691795
44.000000	16.000000	221.296005	19.690609	-31.474613	37.126423
44.000000	18.000000	219.318146	15.338386	-36.041862	39.169910
44.000000	20.000000	217.100479	9.126188	-39.982121	41.010452
44.000000	22.000000	215.142273	1.475951	-42.950829	42.976181
44.000000	24.000000	213.886765	-6.988269	-44.739113	45.281609
44.000000	26.000000	213.570618	-15.519983	-45.248291	47.835949
44.000000	28.000000	214.194489	-23.349428	-44.499397	50.253281
44.000000	30.000000	215.595474	-29.857351	-42.668110	52.077145
44.000000	32.000000	217.551025	-34.747742	-40.069225	53.037235
44.000000	34.000000	219.853729	-38.085979	-37.090775	53.162651
44.000000	36.000000	222.320374	-40.187103	-34.105778	52.708706
44.000000	38.000000	224.758575	-41.446518	-31.397503	51.996315

46.000000	2.000000	229.403458	20.072752	-9.379365	22.155991
46.000000	4.000000	227.774872	20.791626	-10.255331	23.183260
46.000000	6.000000	226.216919	21.853657	-11.501171	24.695328
46.000000	8.000000	224.846100	23.190506	-13.300829	26.734091
46.000000	10.000000	223.604248	24.509333	-15.819624	29.171354
46.000000	12.000000	222.227386	25.273134	-19.122883	31.692524
46.000000	14.000000	220.350571	24.781347	-23.094114	33.874081
46.000000	16.000000	217.746231	22.371386	-27.409367	35.380112
46.000000	18.000000	214.561295	17.676502	-31.618427	36.224075
46.000000	20.000000	211.302963	10.769803	-35.289150	36.895973
46.000000	22.000000	208.610031	2.122524	-38.104897	38.163967
46.000000	24.000000	206.977356	-7.520341	-39.866676	40.569786
46.000000	26.000000	206.630402	-17.252289	-40.471909	43.995644
46.000000	28.000000	207.501740	-26.143686	-39.928169	47.725788
46.000000	30.000000	209.347198	-33.451393	-38.385330	50.915905
46.000000	32.000000	211.864700	-38.815620	-36.127270	53.026711
46.000000	34.000000	214.787888	-42.307854	-33.511562	53.972023
46.000000	36.000000	217.887695	-44.308830	-30.880581	54.008175
46.000000	38.000000	220.948135	-45.311161	-28.489714	53.523502

48.000000	2.000000	230.534653	20.364071	-7.285778	21.628174
48.000000	4.000000	228.748032	21.372917	-7.930861	22.796932
48.000000	6.000000	226.898010	22.782984	-8.877529	24.451481
48.000000	8.000000	225.068146	24.505272	-10.295033	26.579992
48.000000	10.000000	223.182587	26.208868	-12.331331	28.964920
48.000000	12.000000	220.977295	27.301441	-15.042109	31.171040
48.000000	14.000000	218.118851	27.013718	-18.327347	32.644028
48.000000	16.000000	214.464127	24.605188	-21.918633	32.952114
48.000000	18.000000	210.285187	19.638050	-25.449953	32.145809
48.000000	20.000000	206.213394	12.149973	-28.572126	31.048161
48.000000	22.000000	202.971756	2.646261	-31.029753	31.142387
48.000000	24.000000	201.084518	-8.021956	-32.658810	33.629597
48.000000	26.000000	200.731186	-18.798359	-33.368355	38.299156
48.000000	28.000000	201.784668	-28.605154	-33.149807	43.785439
48.000000	30.000000	203.918503	-36.590698	-32.105324	48.678856
48.000000	32.000000	206.787613	-42.351109	-30.453970	52.163788
48.000000	34.000000	210.107300	-45.978706	-28.481754	54.085598
48.000000	36.000000	213.643372	-47.920666	-26.466532	54.743652
48.000000	38.000000	217.169479	-48.752773	-24.616129	54.614895

50.000000	2.000000	231.839722	20.200853	-5.137761	20.843969
50.000000	4.000000	229.886032	21.496452	-5.502973	22.189642
50.000000	6.000000	227.744904	23.229553	-6.070488	24.009644
50.000000	8.000000	225.468063	25.288265	-6.983123	26.234716
50.000000	10.000000	222.980301	27.309309	-8.363470	28.561268
50.000000	12.000000	220.045685	28.663990	-10.256715	30.443792
50.000000	14.000000	216.388336	28.540955	-12.588656	31.193914
50.000000	16.000000	211.951920	26.151112	-15.166810	30.230989
50.000000	18.000000	207.087646	21.000898	-17.735252	27.487759
50.000000	20.000000	202.495636	13.093545	-20.057961	23.953344
50.000000	22.000000	198.934128	2.951896	-21.966387	22.163841
50.000000	24.000000	196.912567	-8.490274	-23.352673	24.848181
50.000000	26.000000	196.561981	-20.054863	-24.150240	31.391586
50.000000	28.000000	197.683609	-30.545765	-24.334721	39.054096
50.000000	30.000000	199.903946	-39.033451	-23.952459	45.796623
50.000000	32.000000	202.859833	-45.090378	-23.130386	50.676987
50.000000	34.000000	206.287567	-48.838634	-22.050009	53.585587
50.000000	36.000000	209.989944	-50.783703	-20.893057	54.913605
50.000000	38.000000	213.759201	-51.558613	-19.796919	55.228691

52.000000	2.000000	233.160156	19.645258	-2.967169	19.868071
52.000000	4.000000	231.104263	21.177465	-3.019137	21.391594
52.000000	6.000000	228.749298	23.155096	-3.152976	23.368776
52.000000	8.000000	226.127670	25.446325	-3.475880	25.682623
52.000000	10.000000	223.166183	27.671333	-4.079103	27.970373
52.000000	12.000000	219.686813	29.189161	-4.997299	29.613852
52.000000	14.000000	215.484756	29.175501	-6.188702	29.824652
52.000000	16.000000	210.577530	26.820591	-7.547600	27.862347
52.000000	18.000000	205.363403	21.596218	-8.945408	23.375565
52.000000	20.000000	200.557343	13.472351	-10.277343	16.944853
52.000000	22.000000	196.887939	2.972834	-11.480475	11.859134
52.000000	24.000000	194.828674	-8.917628	-12.518865	15.370298
52.000000	26.000000	194.458221	-20.939753	-13.359466	24.838449
52.000000	28.000000	195.524048	-31.823420	-13.969535	34.754539
52.000000	30.000000	197.623322	-40.599194	-14.336352	43.056076
52.000000	32.000000	200.402832	-46.840210	-14.484637	49.028667
52.000000	34.000000	203.649628	-50.698380	-14.469394	52.722755
52.000000	36.000000	207.233368	-52.715832	-14.351135	54.634369
52.000000	38.000000	210.991913	-53.548973	-14.176401	55.393707

54.000000	2.000000	234.345932	18.775795	-0.825421	18.793930
54.000000	4.000000	232.299347	20.443298	-0.549205	20.450674
54.000000	6.000000	229.881393	22.537922	-0.227741	22.539072
54.000000	8.000000	227.083893	24.918179	0.071138	24.918282
54.000000	10.000000	223.851959	27.206070	0.289621	27.207611
54.000000	12.000000	220.058548	28.771196	0.403216	28.774021
54.000000	14.000000	215.591644	28.803980	0.420551	28.807051
54.000000	16.000000	210.529617	26.500231	0.361135	26.502691
54.000000	18.000000	205.288483	21.319105	0.226899	21.320312
54.000000	20.000000	200.531174	13.202557	-0.013117	13.202562
54.000000	22.000000	196.929062	2.659065	-0.412765	2.690911
54.000000	24.000000	194.894394	-9.312447	-1.018902	9.368022
54.000000	26.000000	194.458588	-21.420612	-1.841930	21.499659
54.000000	28.000000	195.337082	-32.372822	-2.846504	32.497726
54.000000	30.000000	197.119308	-41.202225	-3.965035	41.392570
54.000000	32.000000	199.486862	-47.505833	-5.118554	47.780788
54.000000	34.000000	202.299927	-51.460167	-6.228822	51.835770
54.000000	36.000000	205.507248	-53.614437	-7.223528	54.098866
54.000000	38.000000	209.012589	-54.611469	-8.048403	55.201355

56.000000	2.000000	235.311325	17.642166	1.217291	17.684113
56.000000	4.000000	233.407516	19.315435	1.815791	19.400597
56.000000	6.000000	231.091049	21.380327	2.578763	21.535282
56.000000	8.000000	228.323929	23.697950	3.475602	23.951466
56.000000	10.000000	225.045074	25.907602	4.479310	26.291977
56.000000	12.000000	221.189423	27.408028	5.573692	27.969019
56.000000	14.000000	216.725311	27.424282	6.737688	28.239824
56.000000	16.000000	211.794495	25.182455	7.916760	26.397560
56.000000	18.000000	206.792160	20.150291	9.003069	22.070105
56.000000	20.000000	202.302917	12.254020	9.841213	15.716567
56.000000	22.000000	198.899216	1.974877	10.261644	10.449951
56.000000	24.000000	196.917328	-9.711247	10.127877	14.031473
56.000000	26.000000	196.348480	-21.533997	9.378570	23.487669
56.000000	28.000000	196.895996	-32.231552	8.046396	33.220737
56.000000	30.000000	198.178711	-40.881794	6.249813	41.356754
56.000000	32.000000	199.933548	-47.123688	4.166835	47.307552
56.000000	34.000000	202.104858	-51.149117	2.002488	51.188301
56.000000	36.000000	204.738678	-53.486553	-0.046135	53.486572
56.000000	38.000000	207.803467	-54.726067	-1.829049	54.756622

58.000000	2.000000	236.066345	16.253122	3.096266	16.545418
58.000000	4.000000	234.406586	17.814119	3.988356	18.255131
58.000000	6.000000	232.337662	19.725033	5.144842	20.384953
58.000000	8.000000	229.776566	21.855934	6.566179	22.820969
58.000000	10.000000	226.663223	23.872906	8.250220	25.258303
58.000000	12.000000	222.972351	25.214310	10.185574	27.193884
58.000000	14.000000	218.747360	25.156183	12.326063	28.013664
58.000000	16.000000	214.173615	22.973373	14.559985	27.198696
58.000000	18.000000	209.611023	18.166521	16.695702	24.673243
58.000000	20.000000	205.541183	10.661765	18.478067	21.333359
58.000000	22.000000	202.417938	0.909046	19.637259	19.658287
58.000000	24.000000	200.481232	-10.170786	19.951035	22.393944
58.000000	26.000000	199.688736	-21.378979	19.306234	28.806099
58.000000	28.000000	199.755219	-31.534992	17.729286	36.177109
58.000000	30.000000	200.362915	-39.796955	15.385928	42.667603
58.000000	32.000000	201.338089	-45.858181	12.543635	47.542774
58.000000	34.000000	202.725021	-49.914509	9.515722	50.813457
58.000000	36.000000	204.666702	-52.448452	6.599972	52.862080
58.000000	38.000000	207.196899	-53.973038	4.020313	54.122562

60.000000	2.000000	236.671921	14.603758	4.775848	15.364845
60.000000	4.000000	235.304092	15.978521	5.910109	17.036505
60.000000	6.000000	233.562637	17.661436	7.382956	19.142475
60.000000	8.000000	231.333862	19.530090	9.218765	21.596529
60.000000	10.000000	228.549637	21.277365	11.432994	24.154493
60.000000	12.000000	225.212082	22.389202	14.014583	26.413725
60.000000	14.000000	221.412384	22.203476	16.894949	27.900423
60.000000	16.000000	217.352707	20.063482	19.919884	28.272692
60.000000	18.000000	213.346466	15.522108	22.839859	27.615124
60.000000	20.000000	209.765076	8.524011	25.332157	26.727831
60.000000	22.000000	206.931229	-0.511840	27.054710	27.059551
60.000000	24.000000	204.988235	-10.742549	27.721193	29.729898
60.000000	26.000000	203.854324	-21.081520	27.174004	34.392689
60.000000	28.000000	203.289734	-30.473200	25.435770	39.693756
60.000000	30.000000	203.068542	-38.181042	22.711496	44.425262
60.000000	32.000000	203.144089	-43.955925	19.341764	48.023193
60.000000	34.000000	203.686142	-47.988930	15.721658	50.498592
60.000000	36.000000	204.917038	-50.697163	12.215191	52.147995
60.000000	38.000000	206.920349	-52.503571	9.088855	53.284447

62.000000	2.000000	237.200226	12.720987	6.252504	14.174531
62.000000	4.000000	236.113327	13.887965	7.559808	15.812220
62.000000	6.000000	234.714890	15.320426	9.252859	17.897789
62.000000	8.000000	232.873230	16.895844	11.373100	20.367054
62.000000	10.000000	230.521545	18.329771	13.947171	23.032675
62.000000	12.000000	227.666824	19.159782	16.959143	25.587297
62.000000	14.000000	224.414642	18.800514	20.318550	27.682175
62.000000	16.000000	220.947540	16.679180	23.837866	29.093622
62.000000	18.000000	217.523788	12.418512	27.231380	29.929377
62.000000	20.000000	214.403168	5.991985	30.141073	30.730900
62.000000	22.000000	211.780945	-2.210509	32.190315	32.266125
62.000000	24.000000	209.712021	-11.438351	33.060596	34.983410
62.000000	26.000000	208.097809	-20.745102	32.573132	38.618237
62.000000	28.000000	206.765778	-29.227060	30.748619	42.422855
62.000000	30.000000	205.619949	-36.269287	27.820929	45.710670
62.000000	32.000000	204.772583	-41.680092	24.179642	48.185944
62.000000	34.000000	204.511581	-45.631859	20.268076	49.930569
62.000000	36.000000	205.131897	-48.468098	16.481295	51.193649
62.000000	38.000000	206.728760	-50.516403	13.096023	52.186329

64.000000	2.000000	237.673752	10.686705	7.538620	13.078091
64.000000	4.000000	236.823257	11.660080	8.943494	14.695018
64.000000	6.000000	235.727936	12.851630	10.756433	16.759035
64.000000	8.000000	234.277451	14.129421	13.030370	19.220591
64.000000	10.000000	232.393250	15.227728	15.795720	21.940567
64.000000	12.000000	230.077759	15.742192	19.027779	24.695606
64.000000	14.000000	227.412903	15.176524	22.613256	27.233917
64.000000	16.000000	224.540939	13.056611	26.338810	29.397415
64.000000	18.000000	221.632156	9.082639	29.899620	31.248707
64.000000	20.000000	218.842102	3.260074	32.931370	33.092342
64.000000	22.000000	216.270142	-4.053606	35.060928	35.294483
64.000000	24.000000	213.910583	-12.208278	35.975224	37.990246
64.000000	26.000000	211.670563	-20.408806	35.497169	40.945919
64.000000	28.000000	209.486389	-27.916309	33.653149	43.724762
64.000000	30.000000	207.423737	-34.242496	30.690153	45.982975
64.000000	32.000000	205.748718	-39.246468	27.018084	47.647270
64.000000	34.000000	204.862183	-43.073475	23.095692	48.874687
64.000000	36.000000	205.086411	-45.986355	19.315960	49.878365
64.000000	38.000000	206.489532	-48.219475	15.940462	50.785984

66.000000	2.000000	238.085999	8.618670	8.642994	12.205852
66.000000	4.000000	237.403915	9.420781	10.078145	13.795656
66.000000	6.000000	236.556229	10.387487	11.923450	15.813556
66.000000	8.000000	235.447433	11.372752	14.236665	18.221474
66.000000	10.000000	234.006180	12.130609	17.046227	20.921890
66.000000	12.000000	232.207825	12.319720	20.313910	23.757744
66.000000	14.000000	230.083725	11.541443	23.906010	26.546228
66.000000	16.000000	227.707535	9.425261	27.590382	29.155870
66.000000	18.000000	225.160767	5.748991	31.060032	31.587601
66.000000	20.000000	222.515579	0.543360	33.968948	33.973293
66.000000	22.000000	219.793869	-5.873188	35.977097	36.453339
66.000000	24.000000	216.972610	-12.953840	36.806118	39.019127
66.000000	26.000000	214.016434	-20.053385	36.300785	41.471500
66.000000	28.000000	210.990082	-26.592876	34.496181	43.556488
66.000000	30.000000	208.128433	-32.204952	31.637802	45.145424
66.000000	32.000000	205.848663	-36.793957	28.129848	46.315048
66.000000	34.000000	204.618408	-40.472050	24.416039	47.266582
66.000000	36.000000	204.744446	-43.420116	20.863558	48.172550
66.000000	38.000000	206.225388	-45.784393	17.702196	49.087456

68.000000	2.000000	238.406418	6.618488	9.559687	11.627209
68.000000	4.000000	237.836136	7.258346	10.977183	13.159868
68.000000	6.000000	237.172379	8.006975	12.792102	15.091372
68.000000	8.000000	236.338089	8.708627	15.060258	17.396883
68.000000	10.000000	235.257370	9.140465	17.801926	20.011414
68.000000	12.000000	233.871353	9.026411	20.964102	22.824760
68.000000	14.000000	232.155319	8.063991	24.396172	25.694380
68.000000	16.000000	230.105347	5.980079	27.857990	28.492613
68.000000	18.000000	227.727310	2.619017	31.054996	31.165237
68.000000	20.000000	225.021255	-1.973845	33.676769	33.734566
68.000000	22.000000	221.981400	-7.524746	35.435753	36.225880
68.000000	24.000000	218.591492	-13.585298	36.102074	38.573566
68.000000	26.000000	214.915756	-19.646866	35.554581	40.621761
68.000000	28.000000	211.157059	-25.273893	33.837185	42.234165
68.000000	30.000000	207.718903	-30.207922	31.183125	43.415501
68.000000	32.000000	205.135086	-34.393566	27.971140	44.331726
68.000000	34.000000	203.893448	-37.910118	24.607716	45.196423
68.000000	36.000000	204.239975	-40.862202	21.417925	46.135094
68.000000	38.000000	206.068497	-43.315617	18.591686	47.136967

70.000000	2.000000	238.618378	4.728792	10.272178	11.308364
70.000000	4.000000	238.119370	5.196013	11.645583	12.752183
70.000000	6.000000	237.583298	5.722839	13.394218	14.565575
70.000000	8.000000	236.941971	6.153970	15.565951	16.738285
70.000000	10.000000	236.110229	6.294779	18.168947	19.228491
70.000000	12.000000	234.987961	5.930851	21.135324	21.951694
70.000000	14.000000	233.495560	4.843217	24.304054	24.781925
70.000000	16.000000	231.567871	2.837959	27.436970	27.583351
70.000000	18.000000	229.159042	-0.191761	30.262255	30.262861
70.000000	20.000000	226.232941	-4.197023	32.515228	32.784985
70.000000	22.000000	222.770752	-8.948087	33.965729	35.124622
70.000000	24.000000	218.807495	-14.081168	34.438538	37.206078
70.000000	26.000000	214.501053	-19.201748	33.849236	38.916294
70.000000	28.000000	210.207169	-23.995295	32.251133	40.198380
70.000000	30.000000	206.472244	-28.298450	29.860987	41.139771
70.000000	32.000000	203.905670	-32.093422	27.017551	41.951588
70.000000	34.000000	202.974304	-35.433250	24.076342	42.839066
70.000000	36.000000	203.822601	-38.358330	21.309971	43.880249
70.000000	38.000000	206.216812	-40.866554	18.866636	45.011391

72.000000	2.000000	238.736053	2.929377	10.768188	11.159530
72.000000	4.000000	238.284775	3.201995	12.086683	12.503627
72.000000	6.000000	237.828613	3.500603	13.752810	14.191336
72.000000	8.000000	237.296982	3.682118	15.802715	16.226023
72.000000	10.000000	236.590424	3.582930	18.231113	18.579853
72.000000	12.000000	235.577271	3.041093	20.958151	21.177637
72.000000	14.000000	234.133041	1.900681	23.817915	23.893633
72.000000	16.000000	232.148972	0.022562	26.581570	26.581579
72.000000	18.000000	229.559128	-2.671331	29.005318	29.128071
72.000000	20.000000	226.313080	-6.136329	30.869604	31.473591
72.000000	22.000000	222.411209	-10.178387	31.999527	33.579300
72.000000	24.000000	217.949661	-14.498619	32.274982	35.381977
72.000000	26.000000	213.188721	-18.790091	31.649569	36.807102
72.000000	28.000000	208.609146	-22.836575	30.188763	37.853279
72.000000	30.000000	204.867050	-26.555353	28.090183	38.655468
72.000000	32.000000	202.604218	-29.965351	25.645447	39.441238
72.000000	34.000000	202.237549	-33.104855	23.149849	40.396126
72.000000	36.000000	203.781754	-35.965969	20.818039	41.556488
72.000000	38.000000	206.861633	-38.492256	18.757246	42.819248

74.000000	2.000000	238.786041	1.174204	11.053926	11.116117
74.000000	4.000000	238.367172	1.231903	12.313159	12.374630
74.000000	6.000000	237.945190	1.302392	13.889812	13.950739
74.000000	8.000000	237.456573	1.264232	15.807202	15.857677
74.000000	10.000000	236.776398	0.984095	18.047462	18.074274
74.000000	12.000000	235.751923	0.339228	20.522932	20.525736
74.000000	14.000000	234.227737	-0.785812	23.068779	23.082159
74.000000	16.000000	232.076202	-2.500167	25.468328	25.590752
74.000000	18.000000	229.222336	-4.870170	27.504053	27.931910
74.000000	20.000000	225.634857	-7.858268	28.997389	30.043318
74.000000	22.000000	221.352020	-11.295263	29.822720	31.890085
74.000000	24.000000	216.533615	-14.925494	29.911043	33.428146
74.000000	26.000000	211.533340	-18.505909	29.256706	34.618252
74.000000	28.000000	206.933044	-21.896391	27.940960	35.498581
74.000000	30.000000	203.449646	-25.082380	26.142178	36.228985
74.000000	32.000000	201.725494	-28.116488	24.100838	37.032246
74.000000	34.000000	202.079895	-31.031021	22.045654	38.064880
74.000000	36.000000	204.393677	-33.786037	20.131971	39.329285
74.000000	38.000000	208.156891	-36.288845	18.429331	40.700375

76.000000	2.000000	238.789505	-0.559425	11.156958	11.170974
76.000000	4.000000	238.385284	-0.723276	12.352571	12.373729
76.000000	6.000000	237.971603	-0.868274	13.834535	13.861755
76.000000	8.000000	237.470581	-1.089250	15.613472	15.651421
76.000000	10.000000	236.760239	-1.492414	17.662066	17.725006
76.000000	12.000000	235.660141	-2.174899	19.889406	20.007965
76.000000	14.000000	234.005310	-3.232162	22.135763	22.370491
76.000000	16.000000	231.655823	-4.763159	24.199163	24.663479
76.000000	18.000000	228.542999	-6.834045	25.884375	26.771347
76.000000	20.000000	224.660965	-9.414474	27.044912	28.636683
76.000000	22.000000	220.109863	-12.350196	27.598326	30.235657
76.000000	24.000000	215.115967	-15.412580	27.521406	31.543232
76.000000	26.000000	210.110458	-18.403656	26.849991	32.551754
76.000000	28.000000	205.740616	-21.241041	25.682703	33.328411
76.000000	30.000000	202.743866	-23.962975	24.179754	34.042397
76.000000	32.000000	201.704620	-26.649370	22.528687	34.895996
76.000000	34.000000	202.830704	-29.328651	20.891039	36.008408
76.000000	36.000000	205.866119	-31.941734	19.364918	37.353371
76.000000	38.000000	210.191071	-34.375565	17.986359	38.796757

78.000000	2.000000	238.758453	-2.247869	11.114363	11.339399
78.000000	4.000000	238.353516	-2.618539	12.240835	12.517779
78.000000	6.000000	237.921860	-2.952436	13.621727	13.938017
78.000000	8.000000	237.391022	-3.316545	15.257530	15.613830
78.000000	10.000000	236.629028	-3.793752	17.113770	17.529222
78.000000	12.000000	235.460892	-4.466155	19.101385	19.616560
78.000000	14.000000	233.696960	-5.423243	21.070114	21.756866
78.000000	16.000000	231.195602	-6.766175	22.833897	23.815289
78.000000	18.000000	227.894867	-8.567103	24.216919	25.687632
78.000000	20.000000	223.836502	-10.803120	25.097691	27.324009
78.000000	22.000000	219.167862	-13.329358	25.425398	28.707537
78.000000	24.000000	214.196060	-15.936867	25.218624	29.832243
78.000000	26.000000	209.413727	-18.460958	24.549442	30.716152
78.000000	28.000000	205.496887	-20.862223	23.533968	31.449642
78.000000	30.000000	203.144577	-23.212339	22.312576	32.197266
78.000000	32.000000	202.851654	-25.605097	21.023268	33.130028
78.000000	34.000000	204.692001	-28.061995	19.764248	34.323479
78.000000	36.000000	208.286011	-30.511679	18.583225	35.725327
78.000000	38.000000	212.954132	-32.834393	17.489897	37.202068

80.000000	2.000000	238.712357	-3.841390	10.955221	11.609183
80.000000	4.000000	238.289429	-4.382221	12.007673	12.782334
80.000000	6.000000	237.831589	-4.866697	13.283227	14.146690
80.000000	8.000000	237.273621	-5.335801	14.773531	15.707578
80.000000	10.000000	236.487823	-5.852195	16.440130	17.450676
80.000000	12.000000	235.294373	-6.488035	18.198776	19.320717
80.000000	14.000000	233.498367	-7.332668	19.913828	21.220945
80.000000	16.000000	230.948563	-8.492417	21.417603	23.039854
80.000000	18.000000	227.593552	-10.047483	22.552328	24.689259
80.000000	20.000000	223.503418	-11.983572	23.214268	26.124859
80.000000	22.000000	218.897079	-14.169171	23.377447	27.336246
80.000000	24.000000	214.145203	-16.415985	23.089640	28.330479
80.000000	26.000000	209.785080	-18.587717	22.452066	29.147873
80.000000	28.000000	206.483047	-20.672682	21.590931	29.891939
80.000000	30.000000	204.858322	-22.756790	20.627932	30.714542
80.000000	32.000000	205.277054	-24.927505	19.655624	31.744671
80.000000	34.000000	207.677139	-27.192339	18.720724	33.013462
80.000000	36.000000	211.596786	-29.472769	17.831413	34.447109
80.000000	38.000000	216.335922	-31.652332	16.979099	35.918797

82.000000	2.000000	238.688843	-5.303439	10.688272	11.931706
82.000000	4.000000	238.238022	-5.963979	11.666898	13.102883
82.000000	6.000000	237.760162	-6.555073	12.838671	14.415285
82.000000	8.000000	237.196976	-7.095496	14.187867	15.863216
82.000000	10.000000	236.430252	-7.630656	15.673853	17.432631
82.000000	12.000000	235.283493	-8.223004	17.219997	19.082613
82.000000	14.000000	233.556488	-8.958508	18.707918	20.742254
82.000000	16.000000	231.087906	-9.943852	19.991850	22.328329
82.000000	18.000000	227.830383	-11.264354	20.933733	23.771976
82.000000	20.000000	223.882568	-12.919463	21.443935	25.035072
82.000000	22.000000	219.521896	-14.801557	21.511148	26.111599
82.000000	24.000000	215.167191	-16.752640	21.200989	27.020971
82.000000	26.000000	211.388016	-18.665861	20.630646	27.821537
82.000000	28.000000	208.790421	-20.541433	19.926661	28.618565
82.000000	30.000000	207.886627	-22.456135	19.191410	29.539604
82.000000	32.000000	208.896362	-24.472294	18.479879	30.665928
82.000000	34.000000	211.638382	-26.577179	17.801809	31.988293
82.000000	36.000000	215.607712	-28.690556	17.140848	33.420902
82.000000	38.000000	220.141571	-30.710407	16.478315	34.852028

84.000000	2.000000	238.750153	-6.628482	10.304580	12.252393
84.000000	4.000000	238.265533	-7.357687	11.217226	13.414982
84.000000	6.000000	237.778366	-8.013456	12.295434	14.676280
84.000000	8.000000	237.235992	-8.597989	13.517046	16.019861
84.000000	10.000000	236.535507	-9.141831	14.840654	17.430380
84.000000	12.000000	235.503143	-9.695325	16.197775	18.877691
84.000000	14.000000	233.937988	-10.332887	17.489122	20.313492
84.000000	16.000000	231.679550	-11.150908	18.593578	21.680958
84.000000	18.000000	228.672195	-12.234550	19.394613	22.931099
84.000000	20.000000	225.040634	-13.603059	19.816824	24.036427
84.000000	22.000000	221.091614	-15.188235	19.856239	24.999056
84.000000	24.000000	217.286285	-16.877645	19.583582	25.852884
84.000000	26.000000	214.176590	-18.593784	19.115976	26.667385
84.000000	28.000000	212.300888	-20.335443	18.571939	27.539921
84.000000	30.000000	212.033127	-22.146517	18.031570	28.558811
84.000000	32.000000	213.442947	-24.049459	17.521944	29.755589
84.000000	34.000000	216.273148	-26.011173	17.030188	31.090326
84.000000	36.000000	220.019882	-27.959204	16.529585	32.479908
84.000000	38.000000	224.102432	-29.816813	16.001011	33.838951

86.000000	2.000000	238.938507	-7.823508	9.790115	12.532104
86.000000	4.000000	238.425964	-8.581665	10.652160	13.678943
86.000000	6.000000	237.938889	-9.270135	11.654761	14.891906
86.000000	8.000000	237.439133	-9.879371	12.770555	16.145868
86.000000	10.000000	236.830765	-10.426701	13.957486	17.422041
86.000000	12.000000	235.955902	-10.947153	15.155408	18.695629
86.000000	14.000000	234.622650	-11.495436	16.283615	19.932415
86.000000	16.000000	232.664719	-12.148079	17.246120	21.095131
86.000000	18.000000	230.036621	-12.984818	17.950350	22.154470
86.000000	20.000000	226.864502	-14.050103	18.336374	23.100391
86.000000	22.000000	223.466919	-15.328803	18.404104	23.951685
86.000000	24.000000	220.312622	-16.766479	18.218809	24.759642
86.000000	26.000000	217.911484	-18.314840	17.885427	25.599257
86.000000	28.000000	216.698257	-19.956108	17.502895	26.544258
86.000000	30.000000	216.909302	-21.686005	17.128365	27.634466
86.000000	32.000000	218.496323	-23.480631	16.768541	28.853493
86.000000	34.000000	221.156128	-25.292673	16.399950	30.144281
86.000000	36.000000	224.444412	-27.071049	15.997554	31.444609
86.000000	38.000000	227.888168	-28.771814	15.549593	32.704849

88.000000	2.000000	239.242813	-8.880377	9.142241	12.745261
88.000000	4.000000	238.711960	-9.645497	9.971004	13.872870
88.000000	6.000000	238.237289	-10.350095	10.918564	15.044584
88.000000	8.000000	237.790009	-10.974124	11.952771	16.226526
88.000000	10.000000	237.280945	-11.521043	13.031716	17.394253
88.000000	12.000000	236.573914	-12.008246	14.103242	18.522943
88.000000	14.000000	235.487442	-12.466393	15.102455	19.583031
88.000000	16.000000	233.876907	-12.949403	15.956841	20.550129
88.000000	18.000000	231.701813	-13.531350	16.597900	21.414661
88.000000	20.000000	229.084320	-14.284575	16.982910	22.191628
88.000000	22.000000	226.325821	-15.252692	17.115213	22.925426
88.000000	24.000000	223.862961	-16.441090	17.049574	23.685383
88.000000	26.000000	222.133682	-17.826052	16.868546	24.542126
88.000000	28.000000	221.469940	-19.364538	16.645636	25.535515
88.000000	30.000000	221.972137	-20.997320	16.413673	26.651382
88.000000	32.000000	223.513199	-22.659113	16.164722	27.834038
88.000000	34.000000	225.793671	-24.300879	15.873903	29.026085
88.000000	36.000000	228.456696	-25.901718	15.524748	30.197960
88.000000	38.000000	231.161621	-27.453903	15.118224	31.341307

90.000000	2.000000	239.598541	-9.776507	8.379716	12.876325
90.000000	4.000000	239.061417	-10.544778	9.186638	13.985229
90.000000	6.000000	238.609528	-11.264810	10.094689	15.126093
90.000000	8.000000	238.216553	-11.903667	11.067790	16.254023
90.000000	10.000000	237.801346	-12.447274	12.064875	17.334816
90.000000	12.000000	237.239334	-12.893270	13.040571	18.338291
90.000000	14.000000	236.379929	-13.251184	13.943570	19.235826
90.000000	16.000000	235.104446	-13.557318	14.719937	20.011932
90.000000	18.000000	233.385345	-13.885849	15.322893	20.678680
90.000000	20.000000	231.340240	-14.337831	15.727021	21.281744
90.000000	22.000000	229.235153	-15.010105	15.940072	21.894957
90.000000	24.000000	227.434479	-15.958879	16.004288	22.601395
90.000000	26.000000	226.295563	-17.176180	15.977530	23.458530
90.000000	28.000000	226.029114	-18.590023	15.903393	24.464399
90.000000	30.000000	226.645386	-20.093765	15.792844	25.557257
90.000000	32.000000	227.972092	-21.594452	15.629090	26.656872
90.000000	34.000000	229.755585	-23.050695	15.391397	27.716955
90.000000	36.000000	231.740982	-24.473864	15.075003	28.744143
90.000000	38.000000	233.709320	-25.887663	14.693753	29.767054

92.000000	2.000000	239.922104	-10.504564	7.539153	12.929992
92.000000	4.000000	239.394257	-11.286115	8.325274	14.024500
92.000000	6.000000	238.976288	-12.032013	9.199210	15.145785
92.000000	8.000000	238.636505	-12.691188	10.122643	16.233734
92.000000	10.000000	238.299484	-13.228505	11.056660	17.240738
92.000000	12.000000	237.850586	-13.621697	11.962088	18.128490
92.000000	14.000000	237.172821	-13.865209	12.797809	18.868702
92.000000	16.000000	236.177475	-13.989004	13.523958	19.457380
92.000000	18.000000	234.858337	-14.075678	14.110081	19.930355
92.000000	20.000000	233.327026	-14.253997	14.544451	20.364613
92.000000	22.000000	231.805237	-14.662126	14.839231	20.860985
92.000000	24.000000	230.583145	-15.390777	15.025103	21.508829
92.000000	26.000000	229.911118	-16.438454	15.135509	22.345163
92.000000	28.000000	229.905075	-17.709431	15.187952	23.330193
92.000000	30.000000	230.510208	-19.064476	15.176126	24.367376
92.000000	32.000000	231.550919	-20.395908	15.080538	25.365641
92.000000	34.000000	232.830200	-21.674696	14.887898	26.295284
92.000000	36.000000	234.190323	-22.938332	14.604662	27.193073
92.000000	38.000000	235.516296	-24.231274	14.254236	28.112947

94.000000	2.000000	240.172318	-11.092138	6.661126	12.938552
94.000000	4.000000	239.668396	-11.902625	7.418211	14.025061
94.000000	6.000000	239.293777	-12.685233	8.254042	15.134211
94.000000	8.000000	239.010040	-13.367891	9.130580	16.188515
94.000000	10.000000	238.736679	-13.893263	10.011962	17.124899
94.000000	12.000000	238.372421	-14.221768	10.865191	17.897238
94.000000	14.000000	237.821365	-14.340035	11.657282	18.480499
94.000000	16.000000	237.032150	-14.281013	12.357690	18.885439
94.000000	18.000000	236.021683	-14.142967	12.945894	19.173410
94.000000	20.000000	234.893341	-14.080547	13.418193	19.450186
94.000000	22.000000	233.836441	-14.261024	13.787645	19.836227
94.000000	24.000000	233.061859	-14.794766	14.074154	20.419767
94.000000	26.000000	232.734009	-15.680614	14.292010	21.216579
94.000000	28.000000	232.886108	-16.807209	14.439261	22.157946
94.000000	30.000000	233.431656	-18.018438	14.500830	23.128731
94.000000	32.000000	234.204544	-19.202023	14.459845	24.037571
94.000000	34.000000	235.065552	-20.339081	14.312631	24.870255
94.000000	36.000000	235.932404	-21.480829	14.073636	25.680601
94.000000	38.000000	236.766647	-22.681372	13.770277	26.534227

96.000000	2.000000	240.374359	-11.582600	5.776394	12.943081
96.000000	4.000000	239.909119	-12.432996	6.494727	14.027147
96.000000	6.000000	239.582977	-13.252633	7.285724	15.123295
96.000000	8.000000	239.348190	-13.951317	8.113551	16.139050
96.000000	10.000000	239.127029	-14.453769	8.946762	16.998705
96.000000	12.000000	238.821960	-14.707933	9.758591	17.650875
96.000000	14.000000	238.354996	-14.696568	10.522850	18.075384
96.000000	16.000000	237.697174	-14.460781	11.215265	18.300175
96.000000	18.000000	236.889694	-14.118372	11.820024	18.413076
96.000000	20.000000	236.041595	-13.848231	12.334565	18.544945
96.000000	22.000000	235.313324	-13.837397	12.767735	18.827868
96.000000	24.000000	234.857498	-14.205132	13.129193	19.343254
96.000000	26.000000	234.765945	-14.947871	13.419548	20.087885
96.000000	28.000000	235.021439	-15.946614	13.627263	20.976101
96.000000	30.000000	235.509537	-17.039999	13.736209	21.887096
96.000000	32.000000	236.088577	-18.116531	13.737773	22.736208
96.000000	34.000000	236.657303	-19.161535	13.637025	23.518778
96.000000	36.000000	237.191040	-20.230310	13.453244	24.295170
96.000000	38.000000	237.699539	-21.376102	13.211645	25.129372

98.000000	2.000000	240.594101	-12.002851	4.902109	12.965304
98.000000	4.000000	240.174957	-12.890604	5.578601	14.045941
98.000000	6.000000	239.892578	-13.732858	6.323449	15.118776
98.000000	8.000000	239.698822	-14.428580	7.103046	16.082201
98.000000	10.000000	239.510101	-14.892577	7.890500	16.853748
98.000000	12.000000	239.238495	-15.065131	8.665424	17.379520
98.000000	14.000000	238.812927	-14.927803	9.408944	17.645611
98.000000	16.000000	238.220642	-14.530931	10.101679	17.697229
98.000000	18.000000	237.527176	-14.012131	10.728781	17.647848
98.000000	20.000000	236.851059	-13.572144	11.283644	17.650034
98.000000	22.000000	236.332809	-13.411487	11.766882	17.841734
98.000000	24.000000	236.091125	-13.650325	12.177905	18.292971
98.000000	26.000000	236.163803	-14.280031	12.508992	18.984051
98.000000	28.000000	236.492630	-15.178422	12.746857	19.820869
98.000000	30.000000	236.953354	-16.186798	12.881298	20.686716
98.000000	32.000000	237.424210	-17.198036	12.914102	21.506893
98.000000	34.000000	237.833191	-18.197800	12.858583	22.282349
98.000000	36.000000	238.180222	-19.237471	12.734198	23.070328
98.000000	38.000000	238.509277	-20.363531	12.560804	23.925869

