98.000000	2.000000	234.076492	5.075836	-2.774702	5.784728
98.000000	4.000000	233.683243	5.310125	-3.819464	6.541080
98.000000	6.000000	230.667526	2.475405	-4.373280	5.025257
98.000000	8.000000	230.337067	0.173583	-3.319314	3.323850
98.000000	10.000000	228.309052	-1.407193	-1.905249	2.368579
98.000000	12.000000	224.770798	-2.923647	-2.255572	3.692603
98.000000	14.000000	227.718369	-2.044150	0.927564	2.244755
98.000000	16.000000	224.430984	1.244839	3.273093	3.501822
98.000000	18.000000	221.610672	3.657809	3.884947	5.335951
98.000000	20.000000	208.163986	-3.573858	7.179948	8.020231
98.000000	22.000000	198.567947	-9.382185	9.044359	13.031724
98.000000	24.000000	194.413513	-8.351873	7.807999	11.433225
98.000000	26.000000	190.831085	-12.857263	10.098000	16.348663
98.000000	28.000000	185.930161	-20.625601	7.304884	21.880968
98.000000	30.000000	180.936890	-27.385529	9.114268	28.862381
98.000000	32.000000	179.452347	-26.547688	4.951447	27.005491
98.000000	34.000000	161.963013	-23.894606	4.795238	24.371017
98.000000	36.000000	NaN	NaN	NaN	NaN
98.000000	38.000000	NaN	NaN	NaN	NaN

96.000000	2.000000	228.620804	1.080784	-2.506152	2.729265
96.000000	4.000000	231.635651	4.169211	-2.897824	5.077372
96.000000	6.000000	233.111862	6.470942	-3.773703	7.490923
96.000000	8.000000	227.902084	-0.340515	-3.169865	3.188102
96.000000	10.000000	226.902252	-2.614813	-2.992124	3.973670
96.000000	12.000000	225.149429	-2.533439	-1.224160	2.813695
96.000000	14.000000	225.113174	-0.284986	-0.095223	0.300474
96.000000	16.000000	221.498367	-1.698770	4.152559	4.486598
96.000000	18.000000	216.623657	4.387302	4.204764	6.076879
96.000000	20.000000	205.797958	-2.092189	7.451395	7.739544
96.000000	22.000000	199.182297	-7.521685	5.867624	9.539641
96.000000	24.000000	183.344437	-8.454580	0.975060	8.510621
96.000000	26.000000	181.250214	-17.684536	6.942776	18.998550
96.000000	28.000000	177.684341	-26.730497	3.358440	26.940649
96.000000	30.000000	180.144211	-29.778252	4.413841	30.103592
96.000000	32.000000	173.783112	-30.083990	4.307349	30.390783
96.000000	34.000000	157.124496	-28.484007	6.433113	29.201431
96.000000	36.000000	NaN	NaN	NaN	NaN
96.000000	38.000000	NaN	NaN	NaN	NaN

94.000000	2.000000	228.971527	0.608865	-3.632327	3.683003
94.000000	4.000000	230.508942	2.164443	-3.539344	4.148707
94.000000	6.000000	232.102768	3.478553	-3.377774	4.848679
94.000000	8.000000	226.786087	-2.462835	-1.150767	2.718423
94.000000	10.000000	227.852127	-2.058910	-2.733975	3.422533
94.000000	12.000000	228.726562	3.044950	-1.133884	3.249217
94.000000	14.000000	222.215988	0.302645	-1.978310	2.001326
94.000000	16.000000	216.893982	-4.176823	2.466274	4.850604
94.000000	18.000000	209.648712	4.111047	2.393557	4.757082
94.000000	20.000000	200.293961	-3.775745	2.883989	4.751173
94.000000	22.000000	195.447586	1.527608	5.777653	5.976191
94.000000	24.000000	184.142410	-1.171627	6.770371	6.871000
94.000000	26.000000	181.319000	-13.729363	8.171753	15.977264
94.000000	28.000000	176.231659	-16.771330	3.066685	17.049400
94.000000	30.000000	174.942184	-23.433943	4.688328	23.898327
94.000000	32.000000	164.235001	-32.470421	3.790700	32.690941
94.000000	34.000000	140.834946	-29.940187	4.394104	30.260914
94.000000	36.000000	NaN	NaN	NaN	NaN
94.000000	38.000000	NaN	NaN	NaN	NaN

92.000000	2.000000	225.013840	-3.958845	-3.644206	5.380770
92.000000	4.000000	224.846649	-2.318506	-4.446086	5.014295
92.000000	6.000000	229.525070	-0.093651	-2.897331	2.898844
92.000000	8.000000	228.103760	-2.420462	-1.786425	3.008314
92.000000	10.000000	224.485519	-6.687756	-2.781276	7.243036
92.000000	12.000000	223.719269	0.276305	-3.163302	3.175347
92.000000	14.000000	217.412827	-2.381842	0.444353	2.422937
92.000000	16.000000	212.628220	-3.353582	5.271955	6.248202
92.000000	18.000000	204.776276	-1.715536	6.733506	6.948609
92.000000	20.000000	196.474564	-7.869599	5.578713	9.646379
92.000000	22.000000	188.221436	-5.946641	6.578229	8.867674
92.000000	24.000000	180.049820	-3.568458	10.204351	10.810305
92.000000	26.000000	176.908340	-16.254250	2.145325	16.395214
92.000000	28.000000	171.055573	-23.931608	-3.500580	24.186275
92.000000	30.000000	165.255676	-27.471857	2.554842	27.590401
92.000000	32.000000	160.717407	-32.483391	2.055911	32.548386
92.000000	34.000000	137.666321	-23.568474	0.825737	23.582933
92.000000	36.000000	NaN	NaN	NaN	NaN
92.000000	38.000000	NaN	NaN	NaN	NaN

90.000000	2.000000	228.482742	-0.416398	-3.407132	3.432483
90.000000	4.000000	221.595673	-7.951982	-4.315471	9.047503
90.000000	6.000000	230.269836	-1.560264	-2.850295	3.249400
90.000000	8.000000	227.041580	-6.745595	-2.320834	7.133675
90.000000	10.000000	225.711700	-3.974178	-3.307708	5.170592
90.000000	12.000000	223.701736	2.227036	-1.472595	2.669874
90.000000	14.000000	215.300934	-5.167971	3.169844	6.062659
90.000000	16.000000	210.636414	-1.642705	5.239962	5.491419
90.000000	18.000000	200.543411	-0.995760	3.822959	3.950513
90.000000	20.000000	191.288177	-5.514425	4.291108	6.987309
90.000000	22.000000	182.826263	-0.539744	4.497287	4.529560
90.000000	24.000000	170.268036	-8.871509	2.051782	9.105683
90.000000	26.000000	167.221756	-11.185900	-1.747619	11.321595
90.000000	28.000000	164.081070	-13.629685	1.114538	13.675179
90.000000	30.000000	160.538589	-21.007027	2.806683	21.193693
90.000000	32.000000	157.562256	-25.641617	-3.711656	25.908857
90.000000	34.000000	133.986572	-21.006138	-2.568609	21.162598
90.000000	36.000000	NaN	NaN	NaN	NaN
90.000000	38.000000	NaN	NaN	NaN	NaN

88.000000	2.000000	225.499405	-5.351610	-2.584499	5.943010
88.000000	4.000000	220.299103	-10.645802	-3.176582	11.109626
88.000000	6.000000	227.645157	-2.566790	-3.995582	4.749009
88.000000	8.000000	226.983826	-5.493226	-2.515755	6.041900
88.000000	10.000000	227.956100	0.190275	-3.644190	3.649154
88.000000	12.000000	223.059525	1.193943	-2.236147	2.534926
88.000000	14.000000	210.426849	-11.673846	1.291631	11.745084
88.000000	16.000000	203.333878	-6.190190	2.866477	6.821668
88.000000	18.000000	197.860092	-1.924494	3.347594	3.861355
88.000000	20.000000	187.694855	-11.554504	-0.799504	11.582132
88.000000	22.000000	181.072403	-6.478512	0.215100	6.482082
88.000000	24.000000	164.180496	-4.879848	3.830901	6.203928
88.000000	26.000000	162.759033	-8.926287	3.468102	9.576342
88.000000	28.000000	158.475800	-19.055000	-0.897290	19.076115
88.000000	30.000000	147.820801	-28.982973	-5.163138	29.439272
88.000000	32.000000	147.334976	-30.075071	-8.998700	31.392460
88.000000	34.000000	133.656204	-16.248251	-6.824018	17.623077
88.000000	36.000000	NaN	NaN	NaN	NaN
88.000000	38.000000	NaN	NaN	NaN	NaN

86.000000	2.000000	226.333527	-6.560925	-2.842871	7.150361
86.000000	4.000000	225.578461	-4.378268	-4.046098	5.961555
86.000000	6.000000	223.369843	-8.849378	-4.721605	10.030207
86.000000	8.000000	224.580460	-6.682588	-6.195235	9.112514
86.000000	10.000000	224.287323	-2.857984	-5.714171	6.389040
86.000000	12.000000	214.889297	-2.374255	-3.007631	3.831831
86.000000	14.000000	206.702850	-3.634277	0.529168	3.672600
86.000000	16.000000	201.300278	-1.272384	2.835686	3.108067
86.000000	18.000000	190.641617	2.312158	2.841826	3.663612
86.000000	20.000000	185.009048	1.102408	4.292440	4.431743
86.000000	22.000000	175.905533	1.886371	1.844252	2.638117
86.000000	24.000000	158.843079	2.608531	6.222300	6.746958
86.000000	26.000000	148.870026	-3.437037	-6.708041	7.537310
86.000000	28.000000	153.088608	-15.072991	-6.692736	16.492052
86.000000	30.000000	149.428238	-28.995396	-5.324677	29.480249
86.000000	32.000000	138.051483	-30.116495	-6.714154	30.855844
86.000000	34.000000	129.205795	-22.629339	-0.829988	22.644556
86.000000	36.000000	NaN	NaN	NaN	NaN
86.000000	38.000000	NaN	NaN	NaN	NaN

84.000000	2.000000	228.285324	-3.445877	-1.615353	3.805711
84.000000	4.000000	227.116074	-4.528568	-3.817502	5.922943
84.000000	6.000000	225.248291	-8.259849	-3.595693	9.008557
84.000000	8.000000	225.183411	-5.457272	-6.480882	8.472524
84.000000	10.000000	219.958496	-7.314517	-4.734519	8.713084
84.000000	12.000000	215.300415	-7.771264	-1.855296	7.989659
84.000000	14.000000	205.960342	1.123238	-1.831745	2.148709
84.000000	16.000000	198.684814	5.430240	-1.952823	5.770704
84.000000	18.000000	188.997269	8.434604	-2.824840	8.895069
84.000000	20.000000	175.425797	3.424651	2.645855	4.327677
84.000000	22.000000	161.454620	0.565858	-0.312700	0.646511
84.000000	24.000000	154.167511	1.648465	3.483259	3.853639
84.000000	26.000000	147.216660	1.409487	-4.577236	4.789336
84.000000	28.000000	149.688416	-11.335295	-5.809758	12.737432
84.000000	30.000000	145.806396	-28.521265	-5.848834	29.114798
84.000000	32.000000	140.651047	-29.793627	-3.527639	30.001741
84.000000	34.000000	127.633011	-12.770481	4.755573	13.627203
84.000000	36.000000	NaN	NaN	NaN	NaN
84.000000	38.000000	NaN	NaN	NaN	NaN

82.000000	2.000000	225.814636	-4.458458	-2.408062	5.067210
82.000000	4.000000	226.929947	-4.766111	-3.018605	5.641612
82.000000	6.000000	226.130890	-3.576960	-5.221921	6.329542
82.000000	8.000000	219.464722	-11.136653	-3.667843	11.725106
82.000000	10.000000	218.448715	-10.607082	-1.969697	10.788415
82.000000	12.000000	211.183273	-8.600112	-0.699740	8.628532
82.000000	14.000000	206.153183	1.081655	-2.853874	3.051979
82.000000	16.000000	197.125092	5.572822	-8.544427	10.201156
82.000000	18.000000	189.792343	0.597283	-4.901068	4.937329
82.000000	20.000000	176.242706	3.645127	4.440056	5.744654
82.000000	22.000000	161.387589	3.804385	-0.581545	3.848576
82.000000	24.000000	154.413666	-5.150988	-1.104710	5.268117
82.000000	26.000000	144.447449	2.572808	-4.826111	5.469067
82.000000	28.000000	139.533051	-0.867018	-4.928211	5.003897
82.000000	30.000000	131.938660	-16.554920	-5.042413	17.305817
82.000000	32.000000	124.086388	-17.833260	-2.126492	17.959597
82.000000	34.000000	110.897423	-12.845119	-2.366094	13.061221
82.000000	36.000000	NaN	NaN	NaN	NaN
82.000000	38.000000	NaN	NaN	NaN	NaN

80.000000	2.000000	226.890045	-4.075713	-3.757478	5.543471
80.000000	4.000000	224.456436	-7.818159	-3.704409	8.651373
80.000000	6.000000	224.591843	-6.909953	-3.313141	7.663181
80.000000	8.000000	220.064667	-10.854457	-2.963127	11.251638
80.000000	10.000000	220.884933	-2.227227	-2.986666	3.725683
80.000000	12.000000	210.012924	-6.636589	-1.077497	6.723490
80.000000	14.000000	199.249542	-7.973363	-6.153250	10.071594
80.000000	16.000000	193.029526	-4.576540	-3.928551	6.031436
80.000000	18.000000	187.047775	-2.177882	-2.021134	2.971221
80.000000	20.000000	173.799728	-2.009553	-1.065327	2.274472
80.000000	22.000000	163.590118	-3.653029	0.241228	3.660985
80.000000	24.000000	151.081787	-4.763635	3.815489	6.103292
80.000000	26.000000	134.940048	-2.437711	-2.236295	3.308088
80.000000	28.000000	133.522690	-5.574719	-8.012868	9.761330
80.000000	30.000000	132.901169	-13.499469	-7.774973	15.578378
80.000000	32.000000	123.093964	-10.957819	0.661920	10.977793
80.000000	34.000000	117.666122	-18.076126	-2.330400	18.225727
80.000000	36.000000	NaN	NaN	NaN	NaN
80.000000	38.000000	NaN	NaN	NaN	NaN

78.000000	2.000000	230.782990	-0.274695	-2.030557	2.049053
78.000000	4.000000	227.051987	-8.097000	-3.798237	8.943602
78.000000	6.000000	224.405777	-8.911526	-4.028250	9.779677
78.000000	8.000000	221.765930	-8.862819	-5.979944	10.691552
78.000000	10.000000	218.014725	-9.077743	-4.805830	10.271388
78.000000	12.000000	211.314163	-8.801866	-1.153223	8.877092
78.000000	14.000000	204.378616	-8.996851	-3.701555	9.728558
78.000000	16.000000	195.574112	-4.186143	-6.193002	7.475096
78.000000	18.000000	184.463654	-3.364514	-7.751816	8.450480
78.000000	20.000000	168.632568	-5.516868	-4.897121	7.376830
78.000000	22.000000	162.675140	-7.391634	1.690390	7.582458
78.000000	24.000000	144.957687	-3.305032	-4.060103	5.235234
78.000000	26.000000	134.809189	-0.303393	-6.908209	6.914868
78.000000	28.000000	136.013901	-2.934544	-0.574085	2.990171
78.000000	30.000000	132.586685	3.416348	-3.027663	4.564885
78.000000	32.000000	124.705307	-6.105314	-0.910435	6.172824
78.000000	34.000000	119.547066	-33.119343	-0.376051	33.121475
78.000000	36.000000	NaN	NaN	NaN	NaN
78.000000	38.000000	NaN	NaN	NaN	NaN

76.000000	2.000000	229.344513	1.169726	-2.115513	2.417365
76.000000	4.000000	220.709946	-15.321156	-3.954129	15.823177
76.000000	6.000000	220.767929	-13.781840	-7.231129	15.563686
76.000000	8.000000	221.617004	-6.658587	-9.958473	11.979482
76.000000	10.000000	213.296631	-14.303016	-8.604383	16.691664
76.000000	12.000000	212.374512	-10.636530	-3.308269	11.139138
76.000000	14.000000	201.542786	-14.001023	-0.344190	14.005254
76.000000	16.000000	194.947601	-7.416474	-4.366964	8.606652
76.000000	18.000000	186.477051	-5.283281	-7.540074	9.206834
76.000000	20.000000	169.672394	-6.524268	-9.313003	11.370932
76.000000	22.000000	162.105042	-4.936458	-0.705443	4.986609
76.000000	24.000000	148.833740	1.439600	-1.613577	2.162424
76.000000	26.000000	135.642746	-3.928246	0.278650	3.938117
76.000000	28.000000	134.535004	-6.367502	2.695039	6.914355
76.000000	30.000000	130.820023	10.024883	-1.429292	10.126261
76.000000	32.000000	125.984398	-11.218030	8.195169	13.892624
76.000000	34.000000	124.112267	-20.400999	9.165627	22.365364
76.000000	36.000000	NaN	NaN	NaN	NaN
76.000000	38.000000	NaN	NaN	NaN	NaN

74.000000	2.000000	224.271027	-8.411728	-2.558398	8.792188
74.000000	4.000000	217.830292	-18.105349	-5.487741	18.918745
74.000000	6.000000	219.174103	-12.752059	-7.252312	14.670073
74.000000	8.000000	219.672729	-6.467461	-9.408859	11.417297
74.000000	10.000000	211.632172	-12.525569	-6.366879	14.050873
74.000000	12.000000	211.045914	-10.374154	-2.025679	10.570073
74.000000	14.000000	202.478195	-11.586349	-3.127504	12.001031
74.000000	16.000000	188.312805	-4.671158	-4.463769	6.461033
74.000000	18.000000	178.993530	0.460897	-2.180934	2.229103
74.000000	20.000000	168.314728	0.240477	-2.851914	2.862035
74.000000	22.000000	152.111008	1.129912	-1.810693	2.134317
74.000000	24.000000	142.705444	1.825855	3.647452	4.078928
74.000000	26.000000	137.621475	-2.659569	4.256414	5.019001
74.000000	28.000000	132.679855	-0.388838	-1.899930	1.939311
74.000000	30.000000	125.790001	-0.247385	4.144494	4.151870
74.000000	32.000000	127.553200	-6.994239	13.676074	15.360807
74.000000	34.000000	125.675110	3.183124	8.502582	9.078886
74.000000	36.000000	NaN	NaN	NaN	NaN
74.000000	38.000000	NaN	NaN	NaN	NaN

72.000000	2.000000	220.100616	-11.232693	-4.905458	12.257116
72.000000	4.000000	221.741806	-10.500324	-5.597617	11.899164
72.000000	6.000000	217.295563	-12.871583	-7.884109	15.094265
72.000000	8.000000	217.230850	-11.757912	-7.846048	14.135380
72.000000	10.000000	212.809082	-10.823771	-5.719234	12.241880
72.000000	12.000000	212.519821	-11.502196	0.334606	11.507062
72.000000	14.000000	208.929260	-8.009587	0.720673	8.041944
72.000000	16.000000	189.898239	-10.980089	-0.653530	10.999520
72.000000	18.000000	182.020905	-4.997385	-3.417111	6.053966
72.000000	20.000000	170.527008	-3.029923	-5.020199	5.863688
72.000000	22.000000	153.780716	4.449594	-9.005836	10.045097
72.000000	24.000000	145.435120	5.528409	-1.840498	5.826726
72.000000	26.000000	141.165054	6.801386	-0.860472	6.855601
72.000000	28.000000	137.444244	16.620213	2.025023	16.743124
72.000000	30.000000	137.832123	12.731357	8.234173	15.162092
72.000000	32.000000	130.236908	1.731264	21.109898	21.180771
72.000000	34.000000	122.354385	19.381683	21.026812	28.596792
72.000000	36.000000	NaN	NaN	NaN	NaN
72.000000	38.000000	NaN	NaN	NaN	NaN

70.000000	2.000000	219.640869	-8.876125	-4.806746	10.094078
70.000000	4.000000	218.494553	-13.148411	-5.294245	14.174263
70.000000	6.000000	216.347214	-16.345654	-5.883461	17.372263
70.000000	8.000000	221.297470	-8.876821	-7.967402	11.928011
70.000000	10.000000	216.137909	-4.945562	-7.517409	8.998334
70.000000	12.000000	214.229477	-4.092346	-3.736536	5.541570
70.000000	14.000000	209.143097	-8.666684	4.857074	9.934917
70.000000	16.000000	194.213318	-13.778476	1.008224	13.815314
70.000000	18.000000	180.965271	-8.060880	-3.742078	8.887122
70.000000	20.000000	176.577774	-1.272492	-3.477606	3.703104
70.000000	22.000000	163.873672	-1.343327	-2.873525	3.172014
70.000000	24.000000	149.916412	8.005479	-4.753012	9.310146
70.000000	26.000000	140.082443	5.128652	-1.445852	5.328561
70.000000	28.000000	137.122253	12.251853	-0.345096	12.256712
70.000000	30.000000	129.482300	12.999691	-2.293476	13.200455
70.000000	32.000000	116.978432	20.194412	6.046968	21.080326
70.000000	34.000000	115.684074	36.031097	19.422297	40.932453
70.000000	36.000000	NaN	NaN	NaN	NaN
70.000000	38.000000	NaN	NaN	NaN	NaN

68.000000	2.000000	231.885895	2.643948	-2.516763	3.650282
68.000000	4.000000	219.002060	-14.426258	-5.503709	15.440458
68.000000	6.000000	222.470123	-8.917625	-5.224809	10.335505
68.000000	8.000000	227.213348	-3.108927	-5.296430	6.141465
68.000000	10.000000	217.778809	-6.682118	-3.002228	7.325577
68.000000	12.000000	211.625473	-4.275869	-5.107171	6.660800
68.000000	14.000000	210.050354	-9.153073	-2.737043	9.553541
68.000000	16.000000	198.851181	-1.961444	-3.339882	3.873251
68.000000	18.000000	190.409729	6.880898	-3.979528	7.948799
68.000000	20.000000	183.044449	13.740947	-6.438322	15.174504
68.000000	22.000000	166.469574	4.645185	-3.018997	5.540044
68.000000	24.000000	159.082443	11.649663	4.483341	12.482588
68.000000	26.000000	152.823792	20.518026	0.592060	20.526567
68.000000	28.000000	147.220169	11.813484	0.429924	11.821304
68.000000	30.000000	130.045685	11.147051	-3.061385	11.559793
68.000000	32.000000	128.741257	25.277405	8.278274	26.598440
68.000000	34.000000	137.709396	80.645874	16.537735	82.324074
68.000000	36.000000	NaN	NaN	NaN	NaN
68.000000	38.000000	NaN	NaN	NaN	NaN

66.000000	2.000000	222.161514	-8.370506	-3.516162	9.079029
66.000000	4.000000	223.247543	-7.945744	-4.663784	9.213345
66.000000	6.000000	223.843460	-5.175227	-4.163121	6.641878
66.000000	8.000000	225.538116	-4.605590	-3.321872	5.678582
66.000000	10.000000	217.872803	-5.581389	-3.410382	6.540842
66.000000	12.000000	215.446396	-5.551785	-5.319098	7.688635
66.000000	14.000000	211.940842	-3.202292	-5.653616	6.497542
66.000000	16.000000	198.898941	3.058153	-5.896055	6.641970
66.000000	18.000000	184.776169	-5.772393	-4.682689	7.432906
66.000000	20.000000	183.093872	7.945567	-3.316169	8.609820
66.000000	22.000000	169.179901	8.918598	-1.205028	8.999639
66.000000	24.000000	164.860535	10.921410	3.904475	11.598367
66.000000	26.000000	158.851318	18.481421	0.605621	18.491341
66.000000	28.000000	147.133759	5.274559	3.264241	6.202923
66.000000	30.000000	134.420715	1.760527	-0.524817	1.837087
66.000000	32.000000	124.790657	26.025669	11.345728	28.391212
66.000000	34.000000	131.977951	92.998795	16.849354	94.512833
66.000000	36.000000	NaN	NaN	NaN	NaN
66.000000	38.000000	NaN	NaN	NaN	NaN

64.000000	2.000000	218.062134	-15.175601	-4.528515	15.836865
64.000000	4.000000	223.998505	-9.065468	-5.222595	10.462228
64.000000	6.000000	222.568008	-5.354297	-4.574678	7.042455
64.000000	8.000000	224.160248	-7.999430	-5.179926	9.530085
64.000000	10.000000	220.838577	-8.173694	-4.549617	9.354586
64.000000	12.000000	214.208099	-10.624837	-1.733958	10.765397
64.000000	14.000000	212.559631	-7.352160	-1.123243	7.437468
64.000000	16.000000	205.653748	-2.595505	0.369667	2.621698
64.000000	18.000000	193.831741	-6.581378	-0.353095	6.590843
64.000000	20.000000	189.533371	1.160847	-0.059595	1.162376
64.000000	22.000000	169.039780	5.875608	-0.391229	5.888619
64.000000	24.000000	161.882843	14.633999	-4.352695	15.267609
64.000000	26.000000	159.245529	9.583682	-1.569686	9.711379
64.000000	28.000000	143.448151	4.566762	5.832047	7.407300
64.000000	30.000000	133.838562	-5.611428	12.041738	13.285013
64.000000	32.000000	132.851974	17.946218	23.083195	29.238684
64.000000	34.000000	133.237183	34.498405	41.465057	53.939697
64.000000	36.000000	NaN	NaN	NaN	NaN
64.000000	38.000000	NaN	NaN	NaN	NaN

62.000000	2.000000	227.084229	-2.284437	-3.363635	4.066041
62.000000	4.000000	232.678238	6.790219	-5.524374	8.753616
62.000000	6.000000	227.174362	-2.218132	-3.318556	3.991607
62.000000	8.000000	222.474182	-12.277494	-1.546195	12.374473
62.000000	10.000000	220.766022	-8.557596	-1.294519	8.654954
62.000000	12.000000	215.303360	-11.487723	-1.138362	11.543988
62.000000	14.000000	211.064835	-8.722543	-0.332321	8.728871
62.000000	16.000000	205.777664	-10.478129	2.926443	10.879121
62.000000	18.000000	201.201965	-9.713551	1.870308	9.891973
62.000000	20.000000	194.556351	-3.400182	1.845537	3.868752
62.000000	22.000000	176.877289	-2.293607	0.544556	2.357366
62.000000	24.000000	162.760406	9.932372	-2.721787	10.298551
62.000000	26.000000	162.670914	4.246977	4.448098	6.149991
62.000000	28.000000	143.430038	-4.253355	8.002578	9.062686
62.000000	30.000000	135.832825	0.805973	7.150196	7.195477
62.000000	32.000000	129.422516	24.764217	17.888130	30.549170
62.000000	34.000000	125.754890	15.336190	27.128912	31.163706
62.000000	36.000000	NaN	NaN	NaN	NaN
62.000000	38.000000	NaN	NaN	NaN	NaN

60.000000	2.000000	222.419083	-4.869627	-0.730965	4.924183
60.000000	4.000000	232.018326	10.056096	-1.638569	10.188718
60.000000	6.000000	222.354965	-9.885227	-2.072286	10.100103
60.000000	8.000000	223.645340	-6.929238	-0.183253	6.931661
60.000000	10.000000	218.809616	-5.755640	2.005155	6.094919
60.000000	12.000000	217.461838	-11.123689	-1.290712	11.198320
60.000000	14.000000	210.087921	-17.352695	-0.000015	17.352695
60.000000	16.000000	208.356461	-11.331854	5.411802	12.557807
60.000000	18.000000	205.382965	-4.569948	4.027953	6.091702
60.000000	20.000000	198.005646	0.759899	3.447859	3.530606
60.000000	22.000000	178.455276	-7.534647	6.760275	10.122857
60.000000	24.000000	168.080887	2.555419	-0.042959	2.555780
60.000000	26.000000	159.646484	6.040274	2.224668	6.436929
60.000000	28.000000	155.076736	2.662075	10.995383	11.313049
60.000000	30.000000	145.379532	10.946030	10.963786	15.492584
60.000000	32.000000	136.977615	38.144115	20.493282	43.300671
60.000000	34.000000	124.928459	38.296967	16.852196	41.840816
60.000000	36.000000	NaN	NaN	NaN	NaN
60.000000	38.000000	NaN	NaN	NaN	NaN

58.000000	2.000000	191.289993	8.214659	-5.393697	9.827136
58.000000	4.000000	191.059265	5.117551	5.505268	7.516469
58.000000	6.000000	226.385834	-0.910460	0.677944	1.135141
58.000000	8.000000	222.911011	-5.125468	0.089083	5.126242
58.000000	10.000000	222.795197	-8.200834	0.988001	8.260135
58.000000	12.000000	219.391647	-9.217622	-0.096224	9.218124
58.000000	14.000000	212.213791	-12.451434	0.882510	12.482669
58.000000	16.000000	216.636261	-5.476089	6.315295	8.358858
58.000000	18.000000	215.026764	0.853829	7.329132	7.378699
58.000000	20.000000	199.256226	1.770465	3.809992	4.201260
58.000000	22.000000	183.917007	-6.868274	7.519465	10.184083
58.000000	24.000000	177.000839	-1.011341	9.449060	9.503029
58.000000	26.000000	165.655624	7.821522	3.453764	8.550129
58.000000	28.000000	163.222900	10.762436	8.088778	13.463223
58.000000	30.000000	152.039062	9.413950	15.918056	18.493429
58.000000	32.000000	139.474792	22.063860	23.194965	32.012814
58.000000	34.000000	140.551971	48.781902	9.931083	49.782532
58.000000	36.000000	NaN	NaN	NaN	NaN
58.000000	38.000000	NaN	NaN	NaN	NaN

56.000000	2.000000	154.037476	45.074661	-8.068777	45.791161
56.000000	4.000000	146.404968	43.858040	6.394530	44.321751
56.000000	6.000000	213.016312	-1.394927	3.543850	3.808503
56.000000	8.000000	233.690674	1.585752	0.633914	1.707763
56.000000	10.000000	226.672699	-2.829212	0.413356	2.859249
56.000000	12.000000	223.276230	-7.411444	-0.492483	7.427788
56.000000	14.000000	219.586685	-10.037313	5.102733	11.259909
56.000000	16.000000	220.595322	-3.175015	8.567222	9.136630
56.000000	18.000000	209.836838	-7.967483	7.723270	11.096381
56.000000	20.000000	205.084518	-0.622801	4.158528	4.204906
56.000000	22.000000	192.982071	-8.765222	2.809531	9.204487
56.000000	24.000000	186.266174	-2.326235	12.773664	12.983753
56.000000	26.000000	178.387436	2.413608	11.558578	11.807889
56.000000	28.000000	168.907242	10.941075	9.731283	14.642575
56.000000	30.000000	156.103760	5.147606	16.198595	16.996832
56.000000	32.000000	146.710724	3.020839	22.157234	22.362211
56.000000	34.000000	149.111984	22.367075	17.397472	28.336515
56.000000	36.000000	NaN	NaN	NaN	NaN
56.000000	38.000000	NaN	NaN	NaN	NaN

54.000000	2.000000	136.522614	47.211079	-2.874500	47.298508
54.000000	4.000000	136.132904	55.796482	6.380450	56.160107
54.000000	6.000000	193.809967	3.848013	6.827119	7.836885
54.000000	8.000000	229.161148	-3.736296	0.788652	3.818623
54.000000	10.000000	226.342178	-6.977294	-1.135497	7.069087
54.000000	12.000000	226.423462	-9.105632	2.338398	9.401097
54.000000	14.000000	224.358261	-7.510215	3.923637	8.473385
54.000000	16.000000	216.777222	-9.564813	5.514002	11.040374
54.000000	18.000000	213.861877	-9.302833	8.424641	12.550589
54.000000	20.000000	210.708649	-3.167598	11.641734	12.064976
54.000000	22.000000	193.929489	-14.926786	7.366725	16.645649
54.000000	24.000000	186.171570	-3.232785	9.704712	10.228994
54.000000	26.000000	179.919113	4.676372	11.029394	11.979816
54.000000	28.000000	176.456161	6.036774	15.407458	16.547882
54.000000	30.000000	166.847504	0.087705	19.673063	19.673258
54.000000	32.000000	150.239395	1.688614	22.336752	22.400488
54.000000	34.000000	129.877396	7.338542	15.950849	17.558012
54.000000	36.000000	NaN	NaN	NaN	NaN
54.000000	38.000000	NaN	NaN	NaN	NaN

52.000000	2.000000	119.349884	78.051872	7.325457	78.394875
52.000000	4.000000	118.834274	72.376289	6.370388	72.656105
52.000000	6.000000	224.839233	20.169199	3.700224	20.505810
52.000000	8.000000	232.934082	2.985369	2.139142	3.672650
52.000000	10.000000	224.898651	-9.905855	-0.808746	9.938815
52.000000	12.000000	226.366135	-6.879869	1.724450	7.092696
52.000000	14.000000	220.972580	-13.296089	3.906828	13.858185
52.000000	16.000000	217.715530	-10.473357	5.425098	11.795037
52.000000	18.000000	216.713562	-11.012992	8.898022	14.158418
52.000000	20.000000	212.141785	-6.878904	12.444052	14.218781
52.000000	22.000000	197.688965	-10.235750	7.268621	12.554021
52.000000	24.000000	190.465256	-8.189119	8.262519	11.633181
52.000000	26.000000	187.005280	-0.118997	11.956109	11.956701
52.000000	28.000000	177.652267	2.195316	15.708478	15.861138
52.000000	30.000000	168.379333	1.234520	19.767101	19.805614
52.000000	32.000000	162.875229	10.424232	21.964125	24.312288
52.000000	34.000000	148.844376	22.155104	15.427342	26.997252
52.000000	36.000000	NaN	NaN	NaN	NaN
52.000000	38.000000	NaN	NaN	NaN	NaN

50.000000	2.000000	184.504730	44.039360	3.020018	44.142788
50.000000	4.000000	173.938446	43.304855	3.082409	43.414417
50.000000	6.000000	232.917664	4.993386	2.443340	5.559120
50.000000	8.000000	229.922806	4.067738	4.336820	5.945965
50.000000	10.000000	224.482498	-10.137514	0.724333	10.163359
50.000000	12.000000	224.957031	-8.927107	1.244143	9.013386
50.000000	14.000000	223.441254	-8.400912	3.048039	8.936770
50.000000	16.000000	219.642303	-12.134192	5.000538	13.124176
50.000000	18.000000	216.388672	-12.826943	7.143829	14.682124
50.000000	20.000000	214.379410	-6.153687	10.124969	11.848328
50.000000	22.000000	200.758148	-11.043963	9.135152	14.332485
50.000000	24.000000	199.297043	-3.983644	11.354830	12.033353
50.000000	26.000000	194.415146	6.140025	7.953305	10.047635
50.000000	28.000000	183.307449	-1.131735	11.737194	11.791630
50.000000	30.000000	170.512283	4.650040	16.686012	17.321833
50.000000	32.000000	164.267609	0.574217	16.577013	16.586954
50.000000	34.000000	147.211899	-4.590440	10.177433	11.164779
50.000000	36.000000	NaN	NaN	NaN	NaN
50.000000	38.000000	NaN	NaN	NaN	NaN

48.000000	2.000000	234.734665	10.589790	1.865849	10.752909
48.000000	4.000000	232.865067	2.486907	0.928516	2.654590
48.000000	6.000000	229.988251	-0.208660	-0.792678	0.819682
48.000000	8.000000	225.767654	-7.822805	2.882390	8.336934
48.000000	10.000000	226.302216	-10.449786	3.500971	11.020655
48.000000	12.000000	226.718689	-10.868002	5.059992	11.988202
48.000000	14.000000	222.468018	-12.478308	5.175476	13.509024
48.000000	16.000000	223.364578	-15.856388	6.938804	17.308149
48.000000	18.000000	221.612640	-6.925376	7.844648	10.464192
48.000000	20.000000	214.450394	-5.346395	8.423198	9.976683
48.000000	22.000000	207.619797	-16.684265	13.684382	21.578394
48.000000	24.000000	204.521957	-9.325577	10.949759	14.382754
48.000000	26.000000	197.153534	4.105958	6.630550	7.798915
48.000000	28.000000	184.750305	4.146881	8.262816	9.245040
48.000000	30.000000	174.839523	6.982767	11.862130	13.764780
48.000000	32.000000	162.228943	-0.439141	12.858972	12.866467
48.000000	34.000000	139.623962	-7.623998	7.609242	10.771532
48.000000	36.000000	NaN	NaN	NaN	NaN
48.000000	38.000000	NaN	NaN	NaN	NaN

46.000000	2.000000	232.485840	4.038855	0.970732	4.153874
46.000000	4.000000	229.550842	0.120656	1.399281	1.404473
46.000000	6.000000	226.961380	-1.124778	-0.412005	1.197862
46.000000	8.000000	225.594452	-3.846798	-0.180232	3.851018
46.000000	10.000000	233.186951	-1.122117	2.808383	3.024262
46.000000	12.000000	226.802567	-10.964879	2.475018	11.240743
46.000000	14.000000	225.824234	-9.007441	4.319601	9.989641
46.000000	16.000000	225.803940	-10.965310	6.995870	13.006929
46.000000	18.000000	226.587021	-3.669863	7.465923	8.319129
46.000000	20.000000	225.215912	-6.313212	9.661802	11.541536
46.000000	22.000000	218.858368	-7.943362	14.756326	16.758465
46.000000	24.000000	210.119110	-2.869131	13.738172	14.034575
46.000000	26.000000	201.778244	-3.198205	12.265228	12.675344
46.000000	28.000000	191.896011	1.249194	12.590136	12.651957
46.000000	30.000000	183.470581	5.761611	14.796893	15.879049
46.000000	32.000000	165.028687	-4.084414	14.915871	15.464981
46.000000	34.000000	146.420853	-0.171206	9.354119	9.355686
46.000000	36.000000	NaN	NaN	NaN	NaN
46.000000	38.000000	NaN	NaN	NaN	NaN

44.000000	2.000000	231.786697	3.253432	0.743164	3.337231
44.000000	4.000000	230.901459	-0.188243	1.348198	1.361277
44.000000	6.000000	227.814117	-1.714672	1.673400	2.395907
44.000000	8.000000	230.476669	-0.671520	1.855126	1.972925
44.000000	10.000000	232.850876	-0.077938	2.810148	2.811229
44.000000	12.000000	230.456497	-3.586070	2.803205	4.551687
44.000000	14.000000	227.659851	-7.339277	4.306145	8.509281
44.000000	16.000000	226.196716	-8.973960	5.479698	10.514706
44.000000	18.000000	223.535431	-7.536128	8.459366	11.329347
44.000000	20.000000	225.260651	-6.621798	11.645217	13.396241
44.000000	22.000000	222.077576	-9.133473	13.847495	16.588354
44.000000	24.000000	217.367065	-3.298257	16.327751	16.657551
44.000000	26.000000	204.849640	-7.637447	15.529180	17.305664
44.000000	28.000000	198.024933	-5.440931	13.682217	14.724360
44.000000	30.000000	187.350021	-8.040639	14.402842	16.495264
44.000000	32.000000	173.244522	-17.011457	14.399278	22.287415
44.000000	34.000000	152.756897	-31.229361	8.528220	32.372883
44.000000	36.000000	NaN	NaN	NaN	NaN
44.000000	38.000000	NaN	NaN	NaN	NaN

42.000000	2.000000	227.011154	1.605585	3.080311	3.473646
42.000000	4.000000	226.971725	-0.828032	1.450848	1.670508
42.000000	6.000000	227.244751	-2.870440	1.602261	3.287349
42.000000	8.000000	234.661850	2.925872	1.183639	3.156221
42.000000	10.000000	229.717667	-4.898572	2.398702	5.454336
42.000000	12.000000	233.000687	0.891119	4.281705	4.373453
42.000000	14.000000	234.252090	-2.213740	4.791678	5.278336
42.000000	16.000000	228.737656	-9.119889	6.063198	10.951472
42.000000	18.000000	227.267685	-10.024373	8.041084	12.850957
42.000000	20.000000	232.378571	-0.061320	10.981211	10.981382
42.000000	22.000000	225.207428	-4.093354	14.293358	14.867939
42.000000	24.000000	217.533310	-7.000030	16.267704	17.709845
42.000000	26.000000	210.987564	-7.675058	14.702836	16.585533
42.000000	28.000000	200.032059	-5.104017	15.650168	16.461433
42.000000	30.000000	185.848892	-13.257574	15.941092	20.733587
42.000000	32.000000	171.494446	-23.916948	14.003521	27.714960
42.000000	34.000000	162.065872	-33.448086	8.147348	34.426060
42.000000	36.000000	NaN	NaN	NaN	NaN
42.000000	38.000000	NaN	NaN	NaN	NaN

40.000000	2.000000	224.405334	-3.806547	1.402928	4.056847
40.000000	4.000000	228.984924	2.149632	1.559637	2.655821
40.000000	6.000000	225.861053	-5.002389	-0.893697	5.081593
40.000000	8.000000	230.697174	2.935057	-1.215902	3.176945
40.000000	10.000000	229.713623	0.502086	1.167864	1.271219
40.000000	12.000000	229.391357	-2.587965	3.095685	4.034951
40.000000	14.000000	226.707077	-4.764155	4.092826	6.280796
40.000000	16.000000	224.163269	-6.469628	6.488777	9.162986
40.000000	18.000000	229.357498	-4.577496	8.975412	10.075292
40.000000	20.000000	226.310547	-1.017471	10.592663	10.641417
40.000000	22.000000	221.571838	-4.495436	14.417144	15.101754
40.000000	24.000000	217.835159	-12.261129	14.508752	18.995768
40.000000	26.000000	216.118927	-10.000728	13.859658	17.091070
40.000000	28.000000	204.579330	-8.326327	13.772142	16.093466
40.000000	30.000000	193.339066	-12.810936	10.596890	16.625708
40.000000	32.000000	170.816879	-23.437466	13.545633	27.070261
40.000000	34.000000	155.581879	-29.904314	12.548423	32.430401
40.000000	36.000000	NaN	NaN	NaN	NaN
40.000000	38.000000	NaN	NaN	NaN	NaN

38.000000	2.000000	226.029938	-2.527030	0.560800	2.588508
38.000000	4.000000	232.022263	5.218733	2.429749	5.756635
38.000000	6.000000	225.773911	-5.069556	0.300876	5.078476
38.000000	8.000000	233.689621	2.853747	0.591672	2.914438
38.000000	10.000000	232.113815	0.469257	-0.008073	0.469327
38.000000	12.000000	231.005508	-3.029111	1.924886	3.588969
38.000000	14.000000	225.347000	-9.565337	3.944488	10.346722
38.000000	16.000000	227.168060	-5.491993	6.288790	8.349303
38.000000	18.000000	230.996613	-1.189229	7.392763	7.487804
38.000000	20.000000	230.019684	2.187498	9.462766	9.712317
38.000000	22.000000	225.148392	-4.689817	13.430797	14.226056
38.000000	24.000000	223.201385	-5.696165	14.120868	15.226464
38.000000	26.000000	221.792572	-4.996112	14.021701	14.885201
38.000000	28.000000	215.151474	-9.366552	12.917668	15.956141
38.000000	30.000000	201.274261	-17.229267	12.083528	21.044222
38.000000	32.000000	182.615936	-19.862595	14.141786	24.382633
38.000000	34.000000	156.383026	-19.604540	13.043746	23.547342
38.000000	36.000000	NaN	NaN	NaN	NaN
38.000000	38.000000	NaN	NaN	NaN	NaN

36.000000	2.000000	234.569733	12.238128	0.113744	12.238657
36.000000	4.000000	237.143875	11.506357	-0.620442	11.523072
36.000000	6.000000	235.381622	7.377333	1.040461	7.450342
36.000000	8.000000	234.597244	4.943389	2.322235	5.461673
36.000000	10.000000	229.199371	-0.503469	0.396153	0.640639
36.000000	12.000000	229.443268	-2.677922	2.536270	3.688350
36.000000	14.000000	225.744705	-7.264626	3.224329	7.948024
36.000000	16.000000	221.158859	-12.914811	5.017814	13.855352
36.000000	18.000000	227.247635	-4.632830	7.516374	8.829439
36.000000	20.000000	227.110092	-2.795596	8.889877	9.319081
36.000000	22.000000	226.731430	-2.142999	12.719758	12.899019
36.000000	24.000000	227.937897	-2.385131	14.253454	14.451636
36.000000	26.000000	223.658966	-6.268619	14.237331	15.556258
36.000000	28.000000	226.709702	-4.779026	15.835102	16.540543
36.000000	30.000000	217.865158	-10.682705	16.395128	19.568352
36.000000	32.000000	196.334244	-19.949461	15.377599	25.188322
36.000000	34.000000	174.778214	-17.203522	14.816051	22.704107
36.000000	36.000000	NaN	NaN	NaN	NaN
36.000000	38.000000	NaN	NaN	NaN	NaN

34.000000	2.000000	239.319992	16.911160	-0.768327	16.928604
34.000000	4.000000	234.514755	6.678522	-0.771846	6.722975
34.000000	6.000000	229.877075	3.457745	-0.777420	3.544063
34.000000	8.000000	226.037872	-4.249248	0.651008	4.298828
34.000000	10.000000	221.080139	-12.027328	-0.533366	12.039148
34.000000	12.000000	224.354126	-8.200627	2.246156	8.502676
34.000000	14.000000	226.643127	-4.930101	3.605242	6.107673
34.000000	16.000000	225.319382	-6.370900	4.934601	8.058453
34.000000	18.000000	226.274551	-5.262331	5.661561	7.729516
34.000000	20.000000	226.616135	-1.430337	6.976396	7.121514
34.000000	22.000000	229.446793	1.298761	12.000862	12.070935
34.000000	24.000000	226.112320	-8.127735	16.299757	18.213791
34.000000	26.000000	220.939423	-15.391489	16.053083	22.239592
34.000000	28.000000	218.872513	-17.517244	17.108032	24.485477
34.000000	30.000000	217.495422	-13.859493	16.925442	21.875927
34.000000	32.000000	199.108887	-25.039198	17.761990	30.699345
34.000000	34.000000	174.435379	-15.599008	13.177802	20.420174
34.000000	36.000000	NaN	NaN	NaN	NaN
34.000000	38.000000	NaN	NaN	NaN	NaN

32.000000	2.000000	238.950714	15.932463	-1.931670	16.049133
32.000000	4.000000	231.450546	5.384468	-2.168776	5.804833
32.000000	6.000000	231.545456	6.510943	-1.801361	6.755537
32.000000	8.000000	230.826187	4.119731	-0.382996	4.137496
32.000000	10.000000	226.828659	-2.166909	-0.591173	2.246104
32.000000	12.000000	226.904648	-1.580542	0.980296	1.859864
32.000000	14.000000	231.832428	4.722674	2.802087	5.491388
32.000000	16.000000	229.036880	-1.114079	4.991136	5.113962
32.000000	18.000000	224.923859	-4.329983	6.710069	7.985849
32.000000	20.000000	229.473328	-0.189418	8.239100	8.241277
32.000000	22.000000	230.680450	-0.483698	11.259095	11.269481
32.000000	24.000000	227.651443	-1.955277	16.430168	16.546104
32.000000	26.000000	225.098206	-6.754511	15.167745	16.603731
32.000000	28.000000	220.886307	-13.252000	15.322275	20.258026
32.000000	30.000000	219.325043	-16.028460	17.151443	23.475168
32.000000	32.000000	204.213150	-24.299212	15.675592	28.916706
32.000000	34.000000	181.481552	-17.147518	12.663965	21.316975
32.000000	36.000000	NaN	NaN	NaN	NaN
32.000000	38.000000	NaN	NaN	NaN	NaN

30.000000	2.000000	228.240173	1.899251	-3.184826	3.708135
30.000000	4.000000	230.422348	5.768646	-4.293086	7.190818
30.000000	6.000000	231.984283	5.400301	-3.451869	6.409262
30.000000	8.000000	230.051056	3.403078	-1.488696	3.714452
30.000000	10.000000	228.014511	0.297683	-1.077267	1.117640
30.000000	12.000000	229.503677	1.750405	0.981164	2.006639
30.000000	14.000000	229.669632	1.030296	1.675940	1.967304
30.000000	16.000000	230.378006	3.493278	3.017631	4.616177
30.000000	18.000000	228.265625	1.264112	5.381588	5.528062
30.000000	20.000000	231.229950	4.420130	8.673652	9.734977
30.000000	22.000000	229.424088	3.343352	12.908238	13.334189
30.000000	24.000000	229.099594	4.251613	16.919546	17.445551
30.000000	26.000000	225.489609	-4.549956	19.674334	20.193600
30.000000	28.000000	220.041443	-15.559872	21.656443	26.666666
30.000000	30.000000	215.228821	-23.495510	20.602489	31.249025
30.000000	32.000000	199.720490	-30.859470	16.998287	35.231358
30.000000	34.000000	171.126831	-30.998735	10.725993	32.801960
30.000000	36.000000	NaN	NaN	NaN	NaN
30.000000	38.000000	NaN	NaN	NaN	NaN

28.000000	2.000000	227.299561	2.597444	-4.235361	4.968400
28.000000	4.000000	228.153366	1.896108	-4.825292	5.184464
28.000000	6.000000	232.505981	7.446012	-2.868809	7.979547
28.000000	8.000000	231.197479	6.815176	-1.988297	7.099292
28.000000	10.000000	229.264023	2.731225	-2.637020	3.796506
28.000000	12.000000	224.819061	-4.433823	-0.716353	4.491319
28.000000	14.000000	224.640182	-4.476361	-0.539982	4.508812
28.000000	16.000000	229.270279	0.886697	2.306883	2.471425
28.000000	18.000000	231.278625	4.385698	5.349611	6.917563
28.000000	20.000000	232.795273	10.503607	9.705070	14.300843
28.000000	22.000000	227.180801	8.768547	15.535334	17.839115
28.000000	24.000000	223.880554	7.999542	20.208723	21.734423
28.000000	26.000000	215.671722	4.626106	22.882343	23.345289
28.000000	28.000000	210.773941	-7.488017	24.778641	25.885351
28.000000	30.000000	209.572403	-29.010601	21.360914	36.026432
28.000000	32.000000	195.617371	-43.799507	18.469795	47.534515
28.000000	34.000000	171.922897	-44.454643	13.548618	46.473434
28.000000	36.000000	NaN	NaN	NaN	NaN
28.000000	38.000000	NaN	NaN	NaN	NaN

26.000000	2.000000	230.221741	7.775800	-4.853798	9.166374
26.000000	4.000000	230.375427	7.231120	-4.711401	8.630550
26.000000	6.000000	233.399017	9.118628	-4.014094	9.963047
26.000000	8.000000	231.934860	6.933896	-5.211249	8.673871
26.000000	10.000000	229.245300	2.218234	-4.375838	4.905968
26.000000	12.000000	221.531738	-7.024120	-1.849374	7.263501
26.000000	14.000000	231.130493	5.168431	-1.460994	5.370957
26.000000	16.000000	234.031235	9.090552	0.627963	9.112216
26.000000	18.000000	233.217789	9.061746	2.771998	9.476245
26.000000	20.000000	233.070786	16.947363	8.212234	18.832256
26.000000	22.000000	223.037827	11.031857	13.479244	17.418148
26.000000	24.000000	208.491821	8.075438	17.552725	19.321255
26.000000	26.000000	198.545944	8.963020	19.003096	21.010792
26.000000	28.000000	194.094925	-3.748975	20.740910	21.077005
26.000000	30.000000	197.030060	-30.203787	18.302975	35.316677
26.000000	32.000000	192.819427	-50.273705	19.187958	53.810993
26.000000	34.000000	177.843033	-42.796329	13.005948	44.728966
26.000000	36.000000	NaN	NaN	NaN	NaN
26.000000	38.000000	NaN	NaN	NaN	NaN

24.000000	2.000000	227.521301	4.571429	-4.240795	6.235568
24.000000	4.000000	225.445358	4.453583	-5.575268	7.135686
24.000000	6.000000	228.579407	3.070070	-6.563052	7.245618
24.000000	8.000000	228.667114	4.377479	-7.520498	8.701736
24.000000	10.000000	227.431702	1.499386	-6.277879	6.454450
24.000000	12.000000	223.528351	-4.105490	-3.469003	5.374852
24.000000	14.000000	231.253479	8.133906	-2.636380	8.550493
24.000000	16.000000	233.095200	11.911079	-0.450682	11.919602
24.000000	18.000000	230.635330	6.584940	2.735430	7.130498
24.000000	20.000000	225.433929	11.358788	3.870807	12.000218
24.000000	22.000000	212.589462	14.476579	9.554966	17.345568
24.000000	24.000000	187.161972	13.070986	15.128167	19.992802
24.000000	26.000000	176.168488	8.022599	13.152818	15.406450
24.000000	28.000000	178.568909	-7.279034	12.851259	14.769536
24.000000	30.000000	185.130997	-25.502457	9.124467	27.085629
24.000000	32.000000	185.083084	-43.389046	11.717715	44.943455
24.000000	34.000000	168.012650	-29.944796	2.886116	30.083557
24.000000	36.000000	NaN	NaN	NaN	NaN
24.000000	38.000000	NaN	NaN	NaN	NaN

22.000000	2.000000	227.296844	4.998303	-6.802364	8.441278
22.000000	4.000000	229.673157	5.830945	-7.603395	9.581833
22.000000	6.000000	232.211060	6.589402	-7.225193	9.778733
22.000000	8.000000	233.437256	8.800130	-6.616420	11.009964
22.000000	10.000000	230.812683	8.343258	-5.966954	10.257412
22.000000	12.000000	229.497314	4.769948	-3.676213	6.022205
22.000000	14.000000	229.670074	6.291800	-4.465725	7.715533
22.000000	16.000000	225.329834	2.211605	-2.784845	3.556200
22.000000	18.000000	225.839706	4.197970	-0.135498	4.200157
22.000000	20.000000	222.689575	12.643709	3.249099	13.054502
22.000000	22.000000	210.082672	22.345934	7.361871	23.527386
22.000000	24.000000	185.498550	20.752197	7.628028	22.109737
22.000000	26.000000	168.127975	9.514759	10.575624	14.225838
22.000000	28.000000	164.334183	-0.379985	8.522465	8.530931
22.000000	30.000000	171.981735	-22.982824	9.233427	24.768253
22.000000	32.000000	175.717499	-41.880447	9.373288	42.916553
22.000000	34.000000	162.388840	-30.889923	4.856163	31.269310
22.000000	36.000000	NaN	NaN	NaN	NaN
22.000000	38.000000	NaN	NaN	NaN	NaN

20.000000	2.000000	226.937851	2.265764	-8.570903	8.865329
20.000000	4.000000	226.576721	1.756853	-8.218058	8.403749
20.000000	6.000000	231.371414	9.758476	-6.189574	11.555894
20.000000	8.000000	233.125061	9.409095	-7.804010	12.224305
20.000000	10.000000	234.481384	12.017022	-7.641021	14.240577
20.000000	12.000000	233.336349	10.202333	-6.603912	12.153158
20.000000	14.000000	229.096298	10.076915	-6.497524	11.990080
20.000000	16.000000	226.011719	1.078413	-4.618524	4.742756
20.000000	18.000000	220.848465	-3.803230	-3.609990	5.243719
20.000000	20.000000	217.135880	6.683308	-1.379822	6.824259
20.000000	22.000000	209.781342	23.077675	3.225297	23.301966
20.000000	24.000000	184.871994	18.840982	3.010789	19.080029
20.000000	26.000000	169.045212	11.522732	4.836382	12.496557
20.000000	28.000000	157.760818	0.330063	6.234483	6.243214
20.000000	30.000000	168.006577	-11.013566	10.242147	15.039954
20.000000	32.000000	172.570572	-39.251755	9.100912	40.293011
20.000000	34.000000	159.011597	-21.840223	5.593699	22.545174
20.000000	36.000000	NaN	NaN	NaN	NaN
20.000000	38.000000	NaN	NaN	NaN	NaN

18.000000	2.000000	217.778442	-5.011409	-9.619922	10.846987
18.000000	4.000000	221.017944	-4.576845	-8.879690	9.989816
18.000000	6.000000	224.521484	-0.201288	-8.274235	8.276683
18.000000	8.000000	228.727875	2.778727	-9.563081	9.958607
18.000000	10.000000	226.818771	-0.622553	-9.642659	9.662735
18.000000	12.000000	226.122711	-0.387347	-9.581732	9.589559
18.000000	14.000000	223.325958	0.188875	-8.888206	8.890212
18.000000	16.000000	226.497269	2.267958	-8.117424	8.428298
18.000000	18.000000	224.412888	3.718838	-7.004602	7.930587
18.000000	20.000000	217.646820	9.957146	-4.519151	10.934691
18.000000	22.000000	213.523666	28.361643	2.011467	28.432882
18.000000	24.000000	190.362625	9.632324	3.634883	10.295341
18.000000	26.000000	175.551300	4.930638	5.789480	7.604556
18.000000	28.000000	163.930984	-8.826952	7.670259	11.693928
18.000000	30.000000	165.242111	-11.499044	13.694177	17.881792
18.000000	32.000000	163.989212	-28.835556	17.329708	33.642357
18.000000	34.000000	155.485977	-42.480553	8.084376	43.242973
18.000000	36.000000	NaN	NaN	NaN	NaN
18.000000	38.000000	NaN	NaN	NaN	NaN

16.000000	2.000000	221.518936	3.580586	-12.819385	13.310042
16.000000	4.000000	227.941055	4.573117	-10.498661	11.451431
16.000000	6.000000	226.541260	4.401613	-9.221294	10.217949
16.000000	8.000000	223.436874	-3.860451	-11.756259	12.373872
16.000000	10.000000	213.929489	-10.763762	-11.291930	15.600201
16.000000	12.000000	216.699097	-6.405690	-10.399734	12.214228
16.000000	14.000000	224.098938	-0.936664	-11.089009	11.128498
16.000000	16.000000	225.431549	1.191499	-11.122034	11.185675
16.000000	18.000000	225.267227	5.263754	-8.495284	9.993846
16.000000	20.000000	220.973816	10.680621	-7.175548	12.867173
16.000000	22.000000	215.655563	23.598730	0.227390	23.599827
16.000000	24.000000	198.693665	11.493469	0.869946	11.526345
16.000000	26.000000	193.557419	11.760235	6.119048	13.256918
16.000000	28.000000	189.914307	3.704325	12.809785	13.334640
16.000000	30.000000	187.434799	-17.065504	28.499702	33.218437
16.000000	32.000000	180.983536	-40.287434	34.962685	53.342915
16.000000	34.000000	167.143875	-54.590248	21.943987	58.835651
16.000000	36.000000	NaN	NaN	NaN	NaN
16.000000	38.000000	NaN	NaN	NaN	NaN

14.000000	2.000000	231.375656	9.910041	-12.008326	15.569483
14.000000	4.000000	230.907364	10.205572	-11.008522	15.011371
14.000000	6.000000	227.279907	6.141824	-9.291783	11.138188
14.000000	8.000000	221.383026	-2.954034	-12.815962	13.152003
14.000000	10.000000	216.709702	-2.935721	-12.910292	13.239867
14.000000	12.000000	221.360413	-0.264589	-11.837632	11.840589
14.000000	14.000000	226.479568	-0.061509	-12.333483	12.333636
14.000000	16.000000	227.692642	6.249512	-10.733424	12.420258
14.000000	18.000000	225.206909	8.695346	-8.378201	12.074903
14.000000	20.000000	226.143143	12.632748	-11.068063	16.795485
14.000000	22.000000	222.599289	16.891001	-7.512074	18.486134
14.000000	24.000000	209.908554	16.264462	-0.570227	16.274454
14.000000	26.000000	207.209305	15.701252	4.567789	16.352186
14.000000	28.000000	204.355789	5.401303	19.189156	19.934837
14.000000	30.000000	200.436539	-15.943115	45.350273	48.071095
14.000000	32.000000	192.297028	-41.108459	48.482086	63.564281
14.000000	34.000000	174.495407	-50.738365	31.379288	59.657700
14.000000	36.000000	NaN	NaN	NaN	NaN
14.000000	38.000000	NaN	NaN	NaN	NaN

12.000000	2.000000	224.733536	-0.347065	-13.081348	13.085952
12.000000	4.000000	230.631485	12.023541	-13.448232	18.039413
12.000000	6.000000	229.831406	9.688913	-12.135360	15.528748
12.000000	8.000000	224.964157	-1.772191	-13.445289	13.561580
12.000000	10.000000	219.082458	-3.142658	-14.850870	15.179745
12.000000	12.000000	225.547028	1.156176	-14.298494	14.345162
12.000000	14.000000	230.657349	5.691858	-14.617491	15.686563
12.000000	16.000000	228.175766	6.965155	-13.386541	15.090158
12.000000	18.000000	221.498581	2.185128	-12.729235	12.915424
12.000000	20.000000	221.374191	4.666450	-12.385858	13.235756
12.000000	22.000000	224.646255	17.464106	-12.802485	21.654068
12.000000	24.000000	213.333084	13.932605	-7.624601	15.882443
12.000000	26.000000	217.436584	23.206121	3.901209	23.531754
12.000000	28.000000	218.185837	20.140944	21.560925	29.504763
12.000000	30.000000	204.283676	7.391882	45.669933	46.264271
12.000000	32.000000	185.582138	-30.234856	49.064186	57.631943
12.000000	34.000000	162.348877	-39.656998	30.096071	49.784042
12.000000	36.000000	NaN	NaN	NaN	NaN
12.000000	38.000000	NaN	NaN	NaN	NaN

10.000000	2.000000	224.192184	1.192864	-13.103647	13.157830
10.000000	4.000000	222.139725	0.225854	-12.988765	12.990728
10.000000	6.000000	222.186890	1.443879	-15.799509	15.865348
10.000000	8.000000	227.119583	-0.721451	-15.577191	15.593889
10.000000	10.000000	223.920639	-5.341238	-16.018213	16.885260
10.000000	12.000000	226.738586	-0.245598	-16.165030	16.166895
10.000000	14.000000	229.749496	7.021151	-16.022772	17.493591
10.000000	16.000000	225.814270	5.599435	-16.639204	17.556103
10.000000	18.000000	221.393478	4.592392	-17.113909	17.719366
10.000000	20.000000	221.896744	10.218808	-12.278231	15.974322
10.000000	22.000000	217.549286	13.732497	-12.208075	18.374399
10.000000	24.000000	214.255081	22.275307	-11.550551	25.091923
10.000000	26.000000	217.247955	25.404760	-2.222523	25.501795
10.000000	28.000000	219.191040	32.832405	15.672715	36.381325
10.000000	30.000000	196.940063	26.888004	32.803185	42.414780
10.000000	32.000000	170.661606	-16.440470	30.257015	34.435097
10.000000	34.000000	159.052887	-36.179207	21.313625	41.990543
10.000000	36.000000	NaN	NaN	NaN	NaN
10.000000	38.000000	NaN	NaN	NaN	NaN

8.000000	2.000000	234.694427	13.180320	-13.532101	18.890171
8.000000	4.000000	225.360703	-0.833274	-14.995063	15.018198
8.000000	6.000000	221.534149	-5.282062	-17.295620	18.084209
8.000000	8.000000	228.776382	1.240548	-16.890850	16.936344
8.000000	10.000000	229.097015	1.493185	-15.059519	15.133364
8.000000	12.000000	223.116272	-4.222688	-18.571583	19.045597
8.000000	14.000000	221.260391	-4.733837	-17.091379	17.734837
8.000000	16.000000	223.517166	7.410268	-16.328300	17.931131
8.000000	18.000000	218.122452	6.969951	-17.970198	19.274548
8.000000	20.000000	215.589844	5.775583	-14.449192	15.560736
8.000000	22.000000	221.741501	21.177807	-14.953118	25.924801
8.000000	24.000000	209.536316	22.833941	-11.978086	25.784945
8.000000	26.000000	210.205688	29.005850	-6.093344	29.638964
8.000000	28.000000	207.755524	39.264389	1.646719	39.298904
8.000000	30.000000	185.440399	26.789919	6.818904	27.644117
8.000000	32.000000	152.242126	-20.227364	-3.231867	20.483925
8.000000	34.000000	143.720581	-43.582485	-4.565602	43.820972
8.000000	36.000000	NaN	NaN	NaN	NaN
8.000000	38.000000	NaN	NaN	NaN	NaN

6.000000	2.000000	231.295197	7.298379	-13.327282	15.194827
6.000000	4.000000	226.652847	-0.494354	-14.880960	14.889170
6.000000	6.000000	220.196808	-6.079483	-17.916265	18.919638
6.000000	8.000000	223.534683	-0.072946	-17.993122	17.993269
6.000000	10.000000	233.299088	9.428956	-17.031363	19.467216
6.000000	12.000000	226.649094	-3.570838	-19.578650	19.901619
6.000000	14.000000	220.828293	-6.012043	-18.924376	19.856401
6.000000	16.000000	221.727371	4.267054	-21.776670	22.190788
6.000000	18.000000	210.420731	7.448001	-20.058424	21.396566
6.000000	20.000000	207.312881	11.085712	-13.254410	17.279247
6.000000	22.000000	216.671509	25.025391	-15.244742	29.303112
6.000000	24.000000	206.953278	28.032455	-17.149652	32.862274
6.000000	26.000000	203.295197	28.223471	-15.061082	31.990631
6.000000	28.000000	205.959198	41.135906	-14.947844	43.767574
6.000000	30.000000	186.143692	27.579130	-20.739004	34.506733
6.000000	32.000000	147.606827	-22.226795	-30.281107	37.562958
6.000000	34.000000	141.458252	-42.589653	-17.586607	46.077839
6.000000	36.000000	NaN	NaN	NaN	NaN
6.000000	38.000000	NaN	NaN	NaN	NaN

4.000000	2.000000	227.218964	5.424233	-14.316372	15.309501
4.000000	4.000000	229.391800	7.470020	-15.894534	17.562386
4.000000	6.000000	226.238739	6.750789	-17.577293	18.829084
4.000000	8.000000	226.299469	10.167095	-17.854399	20.546274
4.000000	10.000000	229.388031	7.752104	-17.722406	19.343702
4.000000	12.000000	224.351578	-1.293967	-21.465704	21.504669
4.000000	14.000000	218.252335	-2.866852	-23.070120	23.247564
4.000000	16.000000	211.181320	3.458645	-24.532763	24.775364
4.000000	18.000000	196.744614	15.868226	-22.007524	27.131748
4.000000	20.000000	189.105484	14.647195	-14.520409	20.624805
4.000000	22.000000	200.057236	24.935207	-21.546600	32.954826
4.000000	24.000000	197.663330	36.336338	-16.538988	39.923271
4.000000	26.000000	196.012222	33.460598	-25.428387	42.026352
4.000000	28.000000	208.058060	37.139805	-37.486134	52.769073
4.000000	30.000000	190.398361	37.907425	-41.040333	55.868431
4.000000	32.000000	160.569046	-1.060602	-46.719513	46.731548
4.000000	34.000000	150.233566	2.957742	-8.840469	9.322131
4.000000	36.000000	NaN	NaN	NaN	NaN
4.000000	38.000000	NaN	NaN	NaN	NaN

2.000000	2.000000	NaN	NaN	NaN	NaN
2.000000	4.000000	NaN	NaN	NaN	NaN
2.000000	6.000000	NaN	NaN	NaN	NaN
2.000000	8.000000	NaN	NaN	NaN	NaN
2.000000	10.000000	NaN	NaN	NaN	NaN
2.000000	12.000000	NaN	NaN	NaN	NaN
2.000000	14.000000	NaN	NaN	NaN	NaN
2.000000	16.000000	NaN	NaN	NaN	NaN
2.000000	18.000000	NaN	NaN	NaN	NaN
2.000000	20.000000	NaN	NaN	NaN	NaN
2.000000	22.000000	NaN	NaN	NaN	NaN
2.000000	24.000000	NaN	NaN	NaN	NaN
2.000000	26.000000	NaN	NaN	NaN	NaN
2.000000	28.000000	NaN	NaN	NaN	NaN
2.000000	30.000000	NaN	NaN	NaN	NaN
2.000000	32.000000	NaN	NaN	NaN	NaN
2.000000	34.000000	NaN	NaN	NaN	NaN
2.000000	36.000000	NaN	NaN	NaN	NaN
2.000000	38.000000	NaN	NaN	NaN	NaN

