0.000000	0.000000	0.000000	0.000000	0.000000	0.000000
0.000000	2.000000	0.000000	0.000000	0.000000	0.000000
0.000000	4.000000	0.000000	0.000000	0.000000	0.000000
0.000000	6.000000	0.000000	0.000000	0.000000	0.000000
0.000000	8.000000	0.000000	0.000000	0.000000	0.000000
0.000000	10.000000	0.000000	0.000000	0.000000	0.000000
0.000000	12.000000	0.000000	0.000000	0.000000	0.000000
0.000000	14.000000	0.000000	0.000000	0.000000	0.000000
0.000000	16.000000	0.000000	0.000000	0.000000	0.000000
0.000000	18.000000	0.000000	0.000000	0.000000	0.000000
0.000000	20.000000	0.000000	0.000000	0.000000	0.000000
0.000000	22.000000	0.000000	0.000000	0.000000	0.000000
0.000000	24.000000	0.000000	0.000000	0.000000	0.000000
0.000000	26.000000	0.000000	0.000000	0.000000	0.000000
0.000000	28.000000	0.000000	0.000000	0.000000	0.000000
0.000000	30.000000	0.000000	0.000000	0.000000	0.000000
0.000000	32.000000	0.000000	0.000000	0.000000	0.000000
0.000000	34.000000	0.000000	0.000000	0.000000	0.000000
0.000000	36.000000	0.000000	0.000000	0.000000	0.000000
0.000000	38.000000	0.000000	0.000000	0.000000	0.000000
0.000000	40.000000	0.000000	0.000000	0.000000	0.000000
2.000000	0.000000	0.000000	0.000000	0.000000	0.000000
2.000000	2.000000	0.000000	0.000000	0.000000	0.000000
2.000000	4.000000	0.000000	0.000000	0.000000	0.000000
2.000000	6.000000	0.000000	0.000000	0.000000	0.000000
2.000000	8.000000	0.000000	0.000000	0.000000	0.000000
2.000000	10.000000	0.000000	0.000000	0.000000	0.000000
2.000000	12.000000	0.000000	0.000000	0.000000	0.000000
2.000000	14.000000	0.000000	0.000000	0.000000	0.000000
2.000000	16.000000	0.000000	0.000000	0.000000	0.000000
2.000000	18.000000	0.000000	0.000000	0.000000	0.000000
2.000000	20.000000	0.000000	0.000000	0.000000	0.000000
2.000000	22.000000	0.000000	0.000000	0.000000	0.000000
2.000000	24.000000	0.000000	0.000000	0.000000	0.000000
2.000000	26.000000	0.000000	0.000000	0.000000	0.000000
2.000000	28.000000	0.000000	0.000000	0.000000	0.000000
2.000000	30.000000	0.000000	0.000000	0.000000	0.000000
2.000000	32.000000	0.000000	0.000000	0.000000	0.000000
2.000000	34.000000	0.000000	0.000000	0.000000	0.000000
2.000000	36.000000	0.000000	0.000000	0.000000	0.000000
2.000000	38.000000	0.000000	0.000000	0.000000	0.000000
2.000000	40.000000	0.000000	0.000000	0.000000	0.000000
4.000000	0.000000	0.000000	0.000000	0.000000	0.000000
4.000000	2.000000	0.000000	0.000000	0.000000	0.000000
4.000000	4.000000	-0.299789	-0.731515	25.297979	0.720710
4.000000	6.000000	0.532220	-0.217419	18.397331	0.823678
4.000000	8.000000	0.317592	-0.496737	18.866776	0.753055
4.000000	10.000000	0.098179	-0.685642	22.164335	0.736737
4.000000	12.000000	0.385190	-0.787355	28.048862	0.816019
4.000000	14.000000	0.530424	0.078807	17.159882	0.728472
4.000000	16.000000	0.172878	-0.484148	16.450790	0.603157
4.000000	18.000000	-1.023126	-0.466469	35.982304	0.699029
4.000000	20.000000	0.019147	-0.563457	18.041027	0.198041
4.000000	22.000000	-0.454870	0.590070	23.841400	0.382958
4.000000	24.000000	-0.364827	-1.340480	44.455658	0.747526
4.000000	26.000000	-0.456599	-1.790306	59.123650	0.760781
4.000000	28.000000	0.661855	-1.733958	59.391354	0.803478
4.000000	30.000000	0.639276	-1.964519	66.109322	0.804233
4.000000	32.000000	0.439074	-1.738914	57.391697	0.782386
4.000000	34.000000	0.183391	-1.763357	56.731762	0.796085
4.000000	36.000000	-0.061356	-2.122094	67.935387	0.805920
4.000000	38.000000	0.000000	0.000000	0.000000	0.000000
4.000000	40.000000	0.000000	0.000000	0.000000	0.000000
6.000000	0.000000	0.000000	0.000000	0.000000	0.000000
6.000000	2.000000	0.000000	0.000000	0.000000	0.000000
6.000000	4.000000	0.313993	-0.483323	18.443575	0.696714
6.000000	6.000000	0.449411	-0.503527	21.597282	0.744169
6.000000	8.000000	0.441769	-0.625006	24.491871	0.808201
6.000000	10.000000	0.137241	-0.575127	18.920797	0.746504
6.000000	12.000000	0.400303	-0.782900	28.137722	0.806137
6.000000	14.000000	0.343099	-0.546400	20.646070	0.664877
6.000000	16.000000	0.096824	-0.350058	11.622459	0.660906
6.000000	18.000000	-0.662594	0.319128	23.534121	0.631048
6.000000	20.000000	0.178696	0.649306	21.550287	0.282661
6.000000	22.000000	-0.193103	-0.255886	10.258313	0.454534
6.000000	24.000000	-1.328313	-1.143101	56.078529	0.700339
6.000000	26.000000	-0.914752	-1.480605	55.692509	0.782938
6.000000	28.000000	0.113120	-1.494282	47.953835	0.794707
6.000000	30.000000	0.518460	-1.325485	45.544796	0.777662
6.000000	32.000000	0.492361	-1.399427	47.472446	0.793062
6.000000	34.000000	0.260848	-1.310370	42.754574	0.764658
6.000000	36.000000	0.035723	-1.320632	42.275681	0.771859
6.000000	38.000000	0.000000	0.000000	0.000000	0.000000
6.000000	40.000000	0.000000	0.000000	0.000000	0.000000
8.000000	0.000000	0.000000	0.000000	0.000000	0.000000
8.000000	2.000000	0.000000	0.000000	0.000000	0.000000
8.000000	4.000000	0.133808	-1.000977	32.316181	0.746944
8.000000	6.000000	0.408740	-0.791719	28.512115	0.732118
8.000000	8.000000	-0.039270	-0.544562	17.471247	0.749526
8.000000	10.000000	0.015848	-0.531817	17.025707	0.820907
8.000000	12.000000	0.396100	-0.844842	29.858810	0.799154
8.000000	14.000000	0.591848	-0.446064	23.715803	0.665384
8.000000	16.000000	-0.264213	0.096792	9.004296	0.639457
8.000000	18.000000	-0.275259	0.088023	9.247688	0.656903
8.000000	20.000000	-0.531019	0.324097	19.907499	0.409854
8.000000	22.000000	-0.937263	0.013190	29.995386	0.471314
8.000000	24.000000	-1.050286	-0.426815	36.278339	0.679261
8.000000	26.000000	-1.172073	-1.047685	50.306202	0.733799
8.000000	28.000000	-0.355846	-1.317704	43.677010	0.787967
8.000000	30.000000	0.221515	-1.025573	33.575127	0.786112
8.000000	32.000000	-0.171167	-0.808219	26.436644	0.783514
8.000000	34.000000	-0.074156	-0.639959	20.615725	0.721983
8.000000	36.000000	-0.294557	-0.396799	15.813751	0.785760
8.000000	38.000000	0.000000	0.000000	0.000000	0.000000
8.000000	40.000000	0.000000	0.000000	0.000000	0.000000
10.000000	0.000000	0.000000	0.000000	0.000000	0.000000
10.000000	2.000000	0.000000	0.000000	0.000000	0.000000
10.000000	4.000000	0.346867	-1.068774	35.956871	0.832133
10.000000	6.000000	0.258212	-0.913726	30.384323	0.756811
10.000000	8.000000	0.357979	-0.794901	27.897251	0.802029
10.000000	10.000000	0.422037	-0.866620	30.845516	0.812479
10.000000	12.000000	0.162826	-0.718118	23.563070	0.845192
10.000000	14.000000	0.340920	-0.327477	15.127157	0.771532
10.000000	16.000000	-0.128935	0.105462	5.330312	0.668217
10.000000	18.000000	-0.340304	-0.244658	13.411938	0.652283
10.000000	20.000000	0.489323	-0.046328	15.728350	0.395049
10.000000	22.000000	-1.158398	-0.668611	42.800251	0.576917
10.000000	24.000000	-0.857915	-1.175078	46.557812	0.651520
10.000000	26.000000	-0.983088	-1.218537	50.101143	0.702723
10.000000	28.000000	-0.761986	-1.169937	44.678398	0.765730
10.000000	30.000000	-0.520979	-0.944590	34.519520	0.774118
10.000000	32.000000	-0.070617	-0.697008	22.418434	0.753056
10.000000	34.000000	-0.298024	-0.395200	15.839253	0.722302
10.000000	36.000000	-0.942266	-0.369140	32.383774	0.759045
10.000000	38.000000	0.000000	0.000000	0.000000	0.000000
10.000000	40.000000	0.000000	0.000000	0.000000	0.000000
12.000000	0.000000	0.000000	0.000000	0.000000	0.000000
12.000000	2.000000	0.000000	0.000000	0.000000	0.000000
12.000000	4.000000	-0.775679	-0.755606	34.651997	0.837344
12.000000	6.000000	0.195993	-0.384489	13.809957	0.720438
12.000000	8.000000	0.393150	-0.400559	17.960361	0.789899
12.000000	10.000000	0.068021	-0.623396	20.067060	0.840575
12.000000	12.000000	0.355149	-0.750626	26.572922	0.804384
12.000000	14.000000	0.404119	-0.503827	20.667976	0.772540
12.000000	16.000000	0.266781	0.035958	8.614181	0.661857
12.000000	18.000000	-0.115779	0.031536	3.839900	0.651844
12.000000	20.000000	-0.944760	0.898258	41.716000	0.405295
12.000000	22.000000	-0.519451	0.176307	17.553785	0.543154
12.000000	24.000000	-1.335795	-1.363862	61.089569	0.772563
12.000000	26.000000	-1.109709	-1.427487	57.858734	0.717723
12.000000	28.000000	-0.974913	-1.263636	51.072159	0.778904
12.000000	30.000000	-0.522588	-0.941367	34.454208	0.757170
12.000000	32.000000	-0.464744	-0.675682	26.242580	0.779970
12.000000	34.000000	-0.710013	-0.318897	24.906876	0.788448
12.000000	36.000000	-0.424190	-0.186080	14.822688	0.769931
12.000000	38.000000	0.000000	0.000000	0.000000	0.000000
12.000000	40.000000	0.000000	0.000000	0.000000	0.000000
14.000000	0.000000	0.000000	0.000000	0.000000	0.000000
14.000000	2.000000	0.000000	0.000000	0.000000	0.000000
14.000000	4.000000	-0.456783	-0.742885	27.906649	0.838698
14.000000	6.000000	0.253027	-0.649190	22.296232	0.708396
14.000000	8.000000	0.372730	-0.645522	23.852919	0.752444
14.000000	10.000000	0.350368	-0.296546	14.688559	0.815986
14.000000	12.000000	0.304925	-0.584851	21.106165	0.753908
14.000000	14.000000	0.424517	-0.526062	21.631531	0.775802
14.000000	16.000000	-0.170835	-0.249272	9.670207	0.603550
14.000000	18.000000	-1.562178	0.068173	50.037273	0.541085
14.000000	20.000000	0.315568	0.248187	12.847118	0.447118
14.000000	22.000000	-0.716456	-0.282926	24.649477	0.490524
14.000000	24.000000	-0.879437	-1.121582	45.608200	0.724395
14.000000	26.000000	-0.908204	-1.213369	48.499790	0.740719
14.000000	28.000000	-0.721259	-1.547664	54.639282	0.793933
14.000000	30.000000	-0.637896	-1.467320	51.199387	0.773359
14.000000	32.000000	-0.166750	-1.025285	33.240189	0.748318
14.000000	34.000000	-0.176301	-0.673831	22.288410	0.738886
14.000000	36.000000	-0.071882	-0.707713	22.763348	0.711687
14.000000	38.000000	0.000000	0.000000	0.000000	0.000000
14.000000	40.000000	0.000000	0.000000	0.000000	0.000000
16.000000	0.000000	0.000000	0.000000	0.000000	0.000000
16.000000	2.000000	0.000000	0.000000	0.000000	0.000000
16.000000	4.000000	-0.918660	0.356431	31.532249	0.715894
16.000000	6.000000	0.238910	-0.329211	13.016472	0.783091
16.000000	8.000000	-0.166696	-0.457841	15.591784	0.698593
16.000000	10.000000	0.021698	-0.559026	17.902287	0.742246
16.000000	12.000000	0.459448	-0.587546	23.867411	0.812630
16.000000	14.000000	0.440822	-0.611457	24.121370	0.791831
16.000000	16.000000	-0.052430	0.261861	8.545875	0.605352
16.000000	18.000000	-0.650313	0.067963	20.923351	0.513608
16.000000	20.000000	0.267175	0.022544	8.579972	0.537252
16.000000	22.000000	-0.136408	-0.610996	20.033211	0.599749
16.000000	24.000000	-1.366923	-1.374103	62.022541	0.723456
16.000000	26.000000	-0.799904	-1.293492	48.667027	0.765051
16.000000	28.000000	-0.348928	-1.769460	57.713135	0.804437
16.000000	30.000000	-0.461581	-1.551013	51.783665	0.787602
16.000000	32.000000	-0.569710	-1.496837	51.250881	0.778800
16.000000	34.000000	-0.323400	-1.087687	36.311893	0.771783
16.000000	36.000000	-0.383722	-1.458448	48.258644	0.699475
16.000000	38.000000	0.000000	0.000000	0.000000	0.000000
16.000000	40.000000	0.000000	0.000000	0.000000	0.000000
18.000000	0.000000	0.000000	0.000000	0.000000	0.000000
18.000000	2.000000	0.000000	0.000000	0.000000	0.000000
18.000000	4.000000	0.017797	-0.457254	14.643215	0.674580
18.000000	6.000000	0.439261	-0.548680	22.491226	0.695469
18.000000	8.000000	0.304373	-0.602203	21.592100	0.794396
18.000000	10.000000	0.517527	-0.706528	28.025431	0.772726
18.000000	12.000000	0.240933	-0.628613	21.542505	0.807774
18.000000	14.000000	0.402219	-0.350953	17.081779	0.766869
18.000000	16.000000	0.009119	0.084602	2.722959	0.620614
18.000000	18.000000	0.496415	0.485177	22.212347	0.602027
18.000000	20.000000	-0.763628	-0.031923	24.457443	0.579568
18.000000	22.000000	-1.232556	-0.958879	49.971684	0.647630
18.000000	24.000000	-0.829275	-2.147934	73.678673	0.771557
18.000000	26.000000	-0.376572	-1.610890	52.938236	0.762160
18.000000	28.000000	-0.359642	-1.523476	50.091194	0.811329
18.000000	30.000000	-0.139893	-1.846526	59.258152	0.795890
18.000000	32.000000	-0.301345	-1.838578	59.619503	0.770132
18.000000	34.000000	-0.191217	-1.644318	52.972775	0.770834
18.000000	36.000000	-0.074466	-1.876517	60.095791	0.762526
18.000000	38.000000	0.000000	0.000000	0.000000	0.000000
18.000000	40.000000	0.000000	0.000000	0.000000	0.000000
20.000000	0.000000	0.000000	0.000000	0.000000	0.000000
20.000000	2.000000	0.000000	0.000000	0.000000	0.000000
20.000000	4.000000	0.327689	-0.305109	14.327688	0.792560
20.000000	6.000000	0.239664	-0.354400	13.690544	0.689670
20.000000	8.000000	0.267703	-0.718259	24.528793	0.750945
20.000000	10.000000	0.668709	-0.707426	31.150703	0.773213
20.000000	12.000000	0.404508	-0.496592	20.495747	0.653387
20.000000	14.000000	0.473294	-0.354581	18.924297	0.752232
20.000000	16.000000	0.091129	0.100960	4.352155	0.707698
20.000000	18.000000	-0.338621	-0.539084	20.371609	0.540085
20.000000	20.000000	0.012494	0.698931	22.369373	0.373920
20.000000	22.000000	-0.988498	-1.012835	45.288334	0.618264
20.000000	24.000000	-0.521425	-2.162543	71.184540	0.770765
20.000000	26.000000	-0.105821	-1.887216	60.485771	0.764876
20.000000	28.000000	0.076134	-1.861928	59.631489	0.819166
20.000000	30.000000	-0.100374	-1.502674	48.192734	0.787585
20.000000	32.000000	0.011033	-2.006785	64.218094	0.802301
20.000000	34.000000	-0.139509	-1.828805	58.691795	0.770824
20.000000	36.000000	-0.071795	-1.699017	54.417053	0.793482
20.000000	38.000000	0.000000	0.000000	0.000000	0.000000
20.000000	40.000000	0.000000	0.000000	0.000000	0.000000
22.000000	0.000000	0.000000	0.000000	0.000000	0.000000
22.000000	2.000000	0.000000	0.000000	0.000000	0.000000
22.000000	4.000000	0.266394	0.522843	18.777498	0.603218
22.000000	6.000000	0.039358	-0.429778	13.810431	0.706982
22.000000	8.000000	0.279114	-0.730737	25.031317	0.743052
22.000000	10.000000	0.511850	-0.933463	34.066769	0.740702
22.000000	12.000000	0.546108	-0.580228	25.497768	0.769708
22.000000	14.000000	0.634333	-0.608451	28.127073	0.740641
22.000000	16.000000	0.195823	-0.162050	8.133723	0.615080
22.000000	18.000000	-1.358887	0.799791	50.457020	0.488848
22.000000	20.000000	-0.955686	-0.708147	38.062611	0.581017
22.000000	22.000000	-0.520534	-0.957921	34.886871	0.614414
22.000000	24.000000	-0.084283	-2.071732	66.350273	0.769653
22.000000	26.000000	-0.224744	-2.105761	67.767059	0.807288
22.000000	28.000000	-0.050472	-2.024330	64.798676	0.789463
22.000000	30.000000	0.093692	-1.686163	54.040447	0.780487
22.000000	32.000000	-0.248656	-1.787948	57.764984	0.773979
22.000000	34.000000	-0.028106	-1.680009	53.767803	0.739598
22.000000	36.000000	-0.020430	-1.518726	48.603626	0.763469
22.000000	38.000000	0.000000	0.000000	0.000000	0.000000
22.000000	40.000000	0.000000	0.000000	0.000000	0.000000
24.000000	0.000000	0.000000	0.000000	0.000000	0.000000
24.000000	2.000000	0.000000	0.000000	0.000000	0.000000
24.000000	4.000000	0.666681	-0.401062	24.896626	0.623640
24.000000	6.000000	0.230582	-0.306652	12.277483	0.651552
24.000000	8.000000	0.612650	-0.398452	23.386377	0.720893
24.000000	10.000000	0.016832	-0.587920	18.821163	0.733785
24.000000	12.000000	0.520908	-0.520885	23.573072	0.785680
24.000000	14.000000	0.606587	-0.429312	23.780481	0.803424
24.000000	16.000000	-0.270862	0.506613	18.383228	0.679127
24.000000	18.000000	-1.222101	0.257485	39.965797	0.584129
24.000000	20.000000	-0.810362	-0.019659	25.939209	0.457493
24.000000	22.000000	-0.602633	-1.112543	40.488762	0.633317
24.000000	24.000000	-0.011683	-1.831134	58.597473	0.764542
24.000000	26.000000	0.022634	-1.667305	53.358688	0.804015
24.000000	28.000000	-0.113891	-1.771474	56.804203	0.774886
24.000000	30.000000	-0.148795	-1.417194	45.599464	0.763651
24.000000	32.000000	-0.000047	-1.842552	58.961647	0.804322
24.000000	34.000000	-0.065652	-1.733906	55.524754	0.786027
24.000000	36.000000	-0.068311	-1.805538	57.818565	0.740515
24.000000	38.000000	0.000000	0.000000	0.000000	0.000000
24.000000	40.000000	0.000000	0.000000	0.000000	0.000000
26.000000	0.000000	0.000000	0.000000	0.000000	0.000000
26.000000	2.000000	0.000000	0.000000	0.000000	0.000000
26.000000	4.000000	0.610253	-0.643303	28.374588	0.772605
26.000000	6.000000	0.472242	-0.486235	21.690186	0.735694
26.000000	8.000000	-0.158190	-0.821393	26.767576	0.714380
26.000000	10.000000	0.374919	-0.404739	17.654543	0.743912
26.000000	12.000000	0.158255	-0.794243	25.915398	0.796669
26.000000	14.000000	0.625881	-0.422491	24.164240	0.730814
26.000000	16.000000	-0.131981	0.122653	5.765573	0.526454
26.000000	18.000000	-0.050518	0.234066	7.662569	0.375431
26.000000	20.000000	-0.400338	0.199059	14.307091	0.435400
26.000000	22.000000	-0.678492	-1.297866	46.864525	0.680047
26.000000	24.000000	0.197299	-1.912245	61.516674	0.751326
26.000000	26.000000	-0.043705	-2.287131	73.201546	0.792257
26.000000	28.000000	-0.095070	-1.750684	56.104435	0.771029
26.000000	30.000000	-0.026836	-1.799014	57.574848	0.774411
26.000000	32.000000	-0.161336	-1.619082	52.067211	0.769351
26.000000	34.000000	0.009363	-1.617234	51.752365	0.768710
26.000000	36.000000	0.032446	-1.812604	58.012615	0.798372
26.000000	38.000000	0.000000	0.000000	0.000000	0.000000
26.000000	40.000000	0.000000	0.000000	0.000000	0.000000
28.000000	0.000000	0.000000	0.000000	0.000000	0.000000
28.000000	2.000000	0.000000	0.000000	0.000000	0.000000
28.000000	4.000000	-0.049761	-0.873327	27.991783	0.717504
28.000000	6.000000	0.259503	-0.367002	14.383369	0.765871
28.000000	8.000000	0.357120	-0.472843	18.961609	0.673411
28.000000	10.000000	0.443800	-0.382760	18.753843	0.741687
28.000000	12.000000	0.206501	-0.214172	9.520328	0.781884
28.000000	14.000000	0.647629	-0.247691	22.188114	0.734774
28.000000	16.000000	-0.063693	0.706993	22.715416	0.682359
28.000000	18.000000	-0.581771	0.252158	20.290146	0.504085
28.000000	20.000000	-0.656391	0.210781	22.060930	0.492541
28.000000	22.000000	-0.602346	-1.741453	58.965858	0.664196
28.000000	24.000000	0.118573	-1.857395	59.557632	0.765947
28.000000	26.000000	0.077364	-2.086928	66.827553	0.789092
28.000000	28.000000	-0.026042	-1.908008	61.061951	0.789707
28.000000	30.000000	-0.016308	-1.793791	57.403687	0.773546
28.000000	32.000000	-0.027460	-1.804304	57.744404	0.762073
28.000000	34.000000	-0.263228	-1.501362	48.776402	0.771305
28.000000	36.000000	-0.032633	-1.228697	39.332180	0.748746
28.000000	38.000000	0.000000	0.000000	0.000000	0.000000
28.000000	40.000000	0.000000	0.000000	0.000000	0.000000
30.000000	0.000000	0.000000	0.000000	0.000000	0.000000
30.000000	2.000000	0.000000	0.000000	0.000000	0.000000
30.000000	4.000000	0.277743	0.019611	8.909892	0.694401
30.000000	6.000000	0.258661	-0.435579	16.210920	0.663162
30.000000	8.000000	0.119843	-0.143500	5.982769	0.681749
30.000000	10.000000	0.685020	-0.331201	24.348324	0.740140
30.000000	12.000000	0.557229	-0.733255	29.470728	0.769605
30.000000	14.000000	0.678414	-0.496851	26.908676	0.781255
30.000000	16.000000	0.431752	-0.048574	13.903238	0.603011
30.000000	18.000000	-0.335866	0.423918	17.306999	0.396941
30.000000	20.000000	0.090374	0.067033	3.600666	0.520071
30.000000	22.000000	-0.230463	-1.624707	52.511086	0.595990
30.000000	24.000000	0.090036	-1.631554	52.289158	0.753720
30.000000	26.000000	-0.260411	-1.655657	53.632378	0.775027
30.000000	28.000000	-0.044095	-1.819185	58.231010	0.758501
30.000000	30.000000	-0.036418	-1.751765	56.068596	0.776181
30.000000	32.000000	0.045722	-1.832099	58.645416	0.765651
30.000000	34.000000	0.027765	-1.668002	53.383461	0.781048
30.000000	36.000000	-0.134605	-1.744510	55.990238	0.760946
30.000000	38.000000	0.000000	0.000000	0.000000	0.000000
30.000000	40.000000	0.000000	0.000000	0.000000	0.000000
32.000000	0.000000	0.000000	0.000000	0.000000	0.000000
32.000000	2.000000	0.000000	0.000000	0.000000	0.000000
32.000000	4.000000	0.207174	-0.532981	18.298574	0.677720
32.000000	6.000000	0.303686	-0.425918	16.739143	0.648726
32.000000	8.000000	0.478182	-0.237592	17.086557	0.665151
32.000000	10.000000	0.722792	-0.353629	25.749205	0.792966
32.000000	12.000000	0.761429	-0.211634	25.289377	0.748704
32.000000	14.000000	0.679009	-0.210924	22.752468	0.802442
32.000000	16.000000	-0.161666	-0.073069	5.677170	0.644380
32.000000	18.000000	0.130206	0.600125	19.650799	0.414145
32.000000	20.000000	-0.628369	-0.183509	20.947725	0.462066
32.000000	22.000000	-0.436789	-1.974608	64.714897	0.743969
32.000000	24.000000	0.019378	-1.887411	60.400337	0.740841
32.000000	26.000000	-0.039150	-1.646954	52.717415	0.764295
32.000000	28.000000	0.250329	-2.005241	64.665794	0.783029
32.000000	30.000000	0.077790	-1.771661	56.747780	0.779851
32.000000	32.000000	-0.069728	-1.547127	49.558323	0.771373
32.000000	34.000000	-0.009971	-1.716579	54.931438	0.757254
32.000000	36.000000	-0.198323	-1.880370	60.505577	0.756243
32.000000	38.000000	0.000000	0.000000	0.000000	0.000000
32.000000	40.000000	0.000000	0.000000	0.000000	0.000000
34.000000	0.000000	0.000000	0.000000	0.000000	0.000000
34.000000	2.000000	0.000000	0.000000	0.000000	0.000000
34.000000	4.000000	0.375351	-0.575735	21.993092	0.676142
34.000000	6.000000	0.602185	0.047215	19.329050	0.766104
34.000000	8.000000	0.315252	-0.509898	19.183472	0.687368
34.000000	10.000000	0.096842	-0.721090	23.282034	0.624210
34.000000	12.000000	0.374263	-0.297588	15.300939	0.760459
34.000000	14.000000	0.720168	-0.278619	24.709944	0.731849
34.000000	16.000000	0.049695	0.314348	10.184047	0.544104
34.000000	18.000000	-0.530615	0.496459	23.252869	0.304177
34.000000	20.000000	-0.891194	-0.517347	32.975140	0.549241
34.000000	22.000000	-0.402198	-1.562084	51.617012	0.679693
34.000000	24.000000	0.154130	-1.866163	59.920540	0.768650
34.000000	26.000000	0.102159	-1.719294	55.114456	0.743540
34.000000	28.000000	0.130348	-1.561151	50.130676	0.721070
34.000000	30.000000	0.068975	-1.809700	57.952438	0.786412
34.000000	32.000000	-0.289418	-1.976536	63.923622	0.749764
34.000000	34.000000	-0.079611	-1.548037	49.602657	0.725692
34.000000	36.000000	-0.243042	-1.246614	40.642715	0.762247
34.000000	38.000000	0.000000	0.000000	0.000000	0.000000
34.000000	40.000000	0.000000	0.000000	0.000000	0.000000
36.000000	0.000000	0.000000	0.000000	0.000000	0.000000
36.000000	2.000000	0.000000	0.000000	0.000000	0.000000
36.000000	4.000000	0.663910	-0.115006	21.561508	0.659956
36.000000	6.000000	0.446963	-0.414917	19.515602	0.710125
36.000000	8.000000	0.439017	-0.473127	20.653881	0.615218
36.000000	10.000000	0.225115	-0.133757	8.379346	0.698294
36.000000	12.000000	0.491368	-0.232024	17.388634	0.741276
36.000000	14.000000	0.626606	-0.365040	23.205828	0.696038
36.000000	16.000000	-0.138189	0.310105	10.864050	0.548096
36.000000	18.000000	-1.077832	0.738287	41.806141	0.458023
36.000000	20.000000	-0.413448	0.420996	18.882080	0.427054
36.000000	22.000000	-0.425018	-2.023061	66.151176	0.673247
36.000000	24.000000	0.081309	-1.516586	48.600449	0.741046
36.000000	26.000000	0.352340	-1.753649	57.238220	0.706095
36.000000	28.000000	0.084034	-2.029348	64.994781	0.757099
36.000000	30.000000	0.022147	-1.593713	51.003731	0.740781
36.000000	32.000000	-0.141215	-1.870405	60.023308	0.746159
36.000000	34.000000	-0.177089	-1.938061	62.276302	0.753796
36.000000	36.000000	-0.069110	-1.306930	41.880188	0.705346
36.000000	38.000000	0.000000	0.000000	0.000000	0.000000
36.000000	40.000000	0.000000	0.000000	0.000000	0.000000
38.000000	0.000000	0.000000	0.000000	0.000000	0.000000
38.000000	2.000000	0.000000	0.000000	0.000000	0.000000
38.000000	4.000000	0.374435	-0.621572	23.220472	0.644562
38.000000	6.000000	0.760184	-0.729159	33.707294	0.768164
38.000000	8.000000	0.465472	-0.692702	26.706102	0.694061
38.000000	10.000000	0.180859	-0.257863	10.078902	0.678076
38.000000	12.000000	0.699938	-0.111748	22.681673	0.688132
38.000000	14.000000	0.511884	-0.187792	17.447819	0.690899
38.000000	16.000000	-0.211222	0.261297	10.751739	0.583636
38.000000	18.000000	-0.497280	0.016021	15.921206	0.456904
38.000000	20.000000	-0.669685	-0.747014	32.103958	0.534760
38.000000	22.000000	0.097471	-2.223479	71.219673	0.698535
38.000000	24.000000	0.501674	-2.164574	71.102356	0.756992
38.000000	26.000000	0.059803	-1.775200	56.838634	0.712009
38.000000	28.000000	0.350623	-1.950751	63.424324	0.759624
38.000000	30.000000	0.132702	-1.947269	62.457123	0.751640
38.000000	32.000000	-0.026478	-1.732033	55.431545	0.773195
38.000000	34.000000	-0.321185	-1.888880	61.311749	0.717617
38.000000	36.000000	-0.297761	-1.764479	57.261642	0.755771
38.000000	38.000000	0.000000	0.000000	0.000000	0.000000
38.000000	40.000000	0.000000	0.000000	0.000000	0.000000
40.000000	0.000000	0.000000	0.000000	0.000000	0.000000
40.000000	2.000000	0.000000	0.000000	0.000000	0.000000
40.000000	4.000000	0.514704	-0.841580	31.567909	0.812603
40.000000	6.000000	0.310035	-0.299383	13.791671	0.568563
40.000000	8.000000	0.148652	-0.074833	5.325594	0.574051
40.000000	10.000000	0.472440	-0.043506	15.182063	0.682130
40.000000	12.000000	0.708146	-0.395633	25.957432	0.693789
40.000000	14.000000	0.507616	-0.430063	21.289711	0.661185
40.000000	16.000000	-0.269253	0.848269	28.479242	0.566367
40.000000	18.000000	-0.700894	0.025632	22.443594	0.398576
40.000000	20.000000	-0.771722	-1.032427	41.247238	0.525507
40.000000	22.000000	0.402777	-2.423617	78.619453	0.736653
40.000000	24.000000	0.500262	-1.961731	64.784409	0.762555
40.000000	26.000000	0.303202	-1.741653	56.571129	0.733077
40.000000	28.000000	0.091881	-2.002941	64.161522	0.725583
40.000000	30.000000	-0.088723	-2.127617	68.142906	0.760755
40.000000	32.000000	-0.141043	-1.556248	50.004047	0.752819
40.000000	34.000000	-0.516848	-1.783143	59.409199	0.754442
40.000000	36.000000	-0.262759	-1.788592	57.849277	0.751220
40.000000	38.000000	0.000000	0.000000	0.000000	0.000000
40.000000	40.000000	0.000000	0.000000	0.000000	0.000000
42.000000	0.000000	0.000000	0.000000	0.000000	0.000000
42.000000	2.000000	0.000000	0.000000	0.000000	0.000000
42.000000	4.000000	0.565173	-0.349127	21.257982	0.721927
42.000000	6.000000	0.048422	-0.106140	3.733225	0.581067
42.000000	8.000000	0.843627	-0.244897	28.110512	0.658461
42.000000	10.000000	0.635125	-0.381658	23.711266	0.731678
42.000000	12.000000	0.011409	-0.594676	19.033142	0.661806
42.000000	14.000000	0.643909	-0.506003	26.205971	0.721192
42.000000	16.000000	-0.084962	0.865291	27.822483	0.515278
42.000000	18.000000	-0.364870	0.053059	11.798659	0.370797
42.000000	20.000000	0.124496	-0.120499	5.544329	0.436626
42.000000	22.000000	0.693856	-1.671385	57.909969	0.707666
42.000000	24.000000	0.564080	-2.338398	76.975090	0.746933
42.000000	26.000000	0.534565	-2.364274	77.566513	0.757594
42.000000	28.000000	0.479004	-2.359262	77.036705	0.776931
42.000000	30.000000	-0.169068	-2.442090	78.333923	0.791157
42.000000	32.000000	-0.165766	-1.918521	61.621399	0.731507
42.000000	34.000000	-0.463002	-2.448741	79.748100	0.751851
42.000000	36.000000	-0.218792	-2.296248	73.812729	0.783488
42.000000	38.000000	0.000000	0.000000	0.000000	0.000000
42.000000	40.000000	0.000000	0.000000	0.000000	0.000000
44.000000	0.000000	0.000000	0.000000	0.000000	0.000000
44.000000	2.000000	0.000000	0.000000	0.000000	0.000000
44.000000	4.000000	0.792696	-0.198545	26.149845	0.663404
44.000000	6.000000	0.711146	-0.238475	24.002102	0.715669
44.000000	8.000000	0.275271	-0.491854	18.036600	0.675418
44.000000	10.000000	0.595344	-0.268536	20.899370	0.684238
44.000000	12.000000	0.679188	-0.567747	28.327370	0.765499
44.000000	14.000000	0.775872	0.000847	24.827930	0.768629
44.000000	16.000000	-0.443624	0.419538	19.538733	0.494561
44.000000	18.000000	0.109478	0.293194	10.014922	0.389918
44.000000	20.000000	0.553057	-0.461760	23.055429	0.555654
44.000000	22.000000	1.028144	-2.165193	76.700874	0.759023
44.000000	24.000000	0.872736	-2.321790	79.372765	0.791703
44.000000	26.000000	0.354281	-2.367502	76.603615	0.758261
44.000000	28.000000	0.279683	-2.281365	73.550232	0.714019
44.000000	30.000000	0.190895	-2.432795	78.088730	0.781258
44.000000	32.000000	-0.356322	-2.645870	85.432175	0.736264
44.000000	34.000000	-0.504723	-2.069131	68.153610	0.738559
44.000000	36.000000	-0.730133	-2.147010	72.568398	0.749634
44.000000	38.000000	0.000000	0.000000	0.000000	0.000000
44.000000	40.000000	0.000000	0.000000	0.000000	0.000000
46.000000	0.000000	0.000000	0.000000	0.000000	0.000000
46.000000	2.000000	0.000000	0.000000	0.000000	0.000000
46.000000	4.000000	0.539675	-0.069201	17.411001	0.610447
46.000000	6.000000	0.450847	-0.197058	15.745009	0.687961
46.000000	8.000000	0.593307	0.073299	19.130180	0.705414
46.000000	10.000000	0.743366	0.052488	23.846943	0.607595
46.000000	12.000000	0.591469	-0.115973	19.287394	0.702344
46.000000	14.000000	0.634983	-0.020870	20.330421	0.762935
46.000000	16.000000	-0.202791	0.415336	14.790359	0.540551
46.000000	18.000000	-0.234894	0.722122	24.299673	0.366903
46.000000	20.000000	0.551814	-0.718153	28.981506	0.595812
46.000000	22.000000	0.000000	0.000000	0.000000	0.000000
46.000000	24.000000	0.863279	-2.174851	74.877457	0.733911
46.000000	26.000000	0.304038	-2.155534	69.659874	0.729283
46.000000	28.000000	0.445822	-2.508061	81.516052	0.735473
46.000000	30.000000	-0.451623	-2.024954	66.390564	0.764502
46.000000	32.000000	-0.633093	-2.551406	84.120918	0.740147
46.000000	34.000000	-0.535467	-2.541229	83.105003	0.753540
46.000000	36.000000	-0.852288	-2.609884	87.856682	0.782179
46.000000	38.000000	0.000000	0.000000	0.000000	0.000000
46.000000	40.000000	0.000000	0.000000	0.000000	0.000000
48.000000	0.000000	0.000000	0.000000	0.000000	0.000000
48.000000	2.000000	0.000000	0.000000	0.000000	0.000000
48.000000	4.000000	-0.222011	0.275340	11.318283	0.667695
48.000000	6.000000	0.485186	-0.173017	16.483572	0.604847
48.000000	8.000000	0.692178	-0.190441	22.972763	0.669496
48.000000	10.000000	0.840335	-0.164749	27.402637	0.651944
48.000000	12.000000	0.440959	-0.386879	18.771776	0.648159
48.000000	14.000000	0.629784	-0.118376	20.505993	0.679125
48.000000	16.000000	-0.073074	0.204073	6.936363	0.475531
48.000000	18.000000	-0.088536	0.487811	15.864964	0.389893
48.000000	20.000000	0.121462	-1.022826	32.960392	0.592238
48.000000	22.000000	1.645186	-2.560162	97.382393	0.722964
48.000000	24.000000	1.330276	-2.194447	82.117439	0.726308
48.000000	26.000000	0.757629	-2.248286	75.920250	0.736015
48.000000	28.000000	0.223009	-1.947482	62.726696	0.665245
48.000000	30.000000	-0.478346	-2.454526	80.022476	0.703294
48.000000	32.000000	-1.103229	-2.624025	91.088333	0.698139
48.000000	34.000000	-0.924709	-2.309233	79.599907	0.732369
48.000000	36.000000	-1.089238	-2.381701	83.806641	0.780673
48.000000	38.000000	0.000000	0.000000	0.000000	0.000000
48.000000	40.000000	0.000000	0.000000	0.000000	0.000000
50.000000	0.000000	0.000000	0.000000	0.000000	0.000000
50.000000	2.000000	0.000000	0.000000	0.000000	0.000000
50.000000	4.000000	0.822104	-0.007341	26.308392	0.569155
50.000000	6.000000	0.395672	-0.604382	23.116179	0.641484
50.000000	8.000000	0.789672	0.012653	25.272760	0.614645
50.000000	10.000000	0.735172	-0.305408	25.474714	0.653515
50.000000	12.000000	0.749048	-0.089562	24.140272	0.624361
50.000000	14.000000	0.812450	0.172464	26.577702	0.717193
50.000000	16.000000	0.121186	0.370276	12.467294	0.352519
50.000000	18.000000	-0.380964	0.538301	21.103069	0.497870
50.000000	20.000000	1.058869	-1.260752	52.685440	0.675400
50.000000	22.000000	1.567902	-1.981659	80.861198	0.675548
50.000000	24.000000	1.034837	-2.309856	80.994270	0.692561
50.000000	26.000000	0.760225	-1.718467	60.131664	0.653872
50.000000	28.000000	-0.163142	-2.191201	70.312492	0.652838
50.000000	30.000000	-0.617704	-2.326000	77.011932	0.676628
50.000000	32.000000	-1.258800	-2.070816	77.548721	0.670107
50.000000	34.000000	-1.429168	-2.380724	88.856133	0.728887
50.000000	36.000000	-1.232822	-2.596211	91.969574	0.755981
50.000000	38.000000	0.000000	0.000000	0.000000	0.000000
50.000000	40.000000	0.000000	0.000000	0.000000	0.000000
52.000000	0.000000	0.000000	0.000000	0.000000	0.000000
52.000000	2.000000	0.000000	0.000000	0.000000	0.000000
52.000000	4.000000	0.005272	0.373003	11.937284	0.447389
52.000000	6.000000	0.902899	-0.434188	32.059864	0.656495
52.000000	8.000000	0.470510	0.043143	15.119482	0.629636
52.000000	10.000000	1.043721	-0.066372	33.466545	0.731005
52.000000	12.000000	0.691878	-0.112709	22.431936	0.697756
52.000000	14.000000	1.329726	0.348459	43.988026	0.808299
52.000000	16.000000	0.006832	0.116469	3.733413	0.499272
52.000000	18.000000	-1.233363	0.366938	41.177277	0.570565
52.000000	20.000000	0.639556	-1.035917	38.958023	0.548163
52.000000	22.000000	1.809180	-1.817885	82.071342	0.688352
52.000000	24.000000	1.350230	-1.580961	66.530434	0.731174
52.000000	26.000000	0.743086	-1.794134	62.141766	0.618739
52.000000	28.000000	-0.201043	-1.488319	48.058743	0.656374
52.000000	30.000000	-1.100290	-2.275264	80.874977	0.725673
52.000000	32.000000	-1.595436	-2.017792	82.314659	0.708870
52.000000	34.000000	-1.608612	-2.213481	87.560394	0.761887
52.000000	36.000000	-1.458085	-1.970053	78.430168	0.710014
52.000000	38.000000	0.000000	0.000000	0.000000	0.000000
52.000000	40.000000	0.000000	0.000000	0.000000	0.000000
54.000000	0.000000	0.000000	0.000000	0.000000	0.000000
54.000000	2.000000	0.000000	0.000000	0.000000	0.000000
54.000000	4.000000	0.805094	-0.840122	37.235435	0.595578
54.000000	6.000000	0.462071	-0.440111	20.420105	0.670482
54.000000	8.000000	0.604109	-0.447507	24.057749	0.701657
54.000000	10.000000	0.570531	0.181640	19.159918	0.746168
54.000000	12.000000	0.941100	-0.555831	34.975548	0.769879
54.000000	14.000000	1.242070	0.112355	39.908520	0.799234
54.000000	16.000000	0.296005	0.289632	13.252235	0.504388
54.000000	18.000000	0.196051	0.880488	28.865614	0.525724
54.000000	20.000000	0.331831	-0.684986	24.356150	0.587306
54.000000	22.000000	1.784807	-1.429597	73.176392	0.617352
54.000000	24.000000	0.897612	-1.118564	45.893993	0.673818
54.000000	26.000000	0.292601	-1.319980	43.264683	0.704061
54.000000	28.000000	-0.128524	-1.619076	51.973404	0.679709
54.000000	30.000000	-1.017515	-1.875821	68.288628	0.695038
54.000000	32.000000	-1.350954	-1.678165	68.939873	0.719136
54.000000	34.000000	-1.876003	-1.729596	81.652618	0.726290
54.000000	36.000000	-1.966801	-1.473481	78.640961	0.743284
54.000000	38.000000	0.000000	0.000000	0.000000	0.000000
54.000000	40.000000	0.000000	0.000000	0.000000	0.000000
56.000000	0.000000	0.000000	0.000000	0.000000	0.000000
56.000000	2.000000	0.000000	0.000000	0.000000	0.000000
56.000000	4.000000	0.913856	-0.449705	32.592407	0.558802
56.000000	6.000000	0.842028	0.188462	27.611542	0.702806
56.000000	8.000000	1.456410	-0.434078	48.631092	0.680978
56.000000	10.000000	0.700341	0.115820	22.715319	0.677005
56.000000	12.000000	1.543342	0.089110	49.469185	0.775932
56.000000	14.000000	1.455605	-0.160338	46.861084	0.777787
56.000000	16.000000	-0.972909	0.184082	31.685457	0.312619
56.000000	18.000000	0.037237	0.235103	7.617080	0.330208
56.000000	20.000000	0.406109	-0.235161	15.017008	0.522750
56.000000	22.000000	1.875910	-0.218373	60.434494	0.656715
56.000000	24.000000	0.832771	-0.418614	29.826077	0.604138
56.000000	26.000000	0.235028	-0.377866	14.239857	0.598609
56.000000	28.000000	-0.298415	-1.285409	42.227001	0.682529
56.000000	30.000000	-0.951825	-0.829072	40.392700	0.681187
56.000000	32.000000	-1.422077	-1.190163	59.340733	0.710479
56.000000	34.000000	-1.916200	-1.266249	73.497025	0.752151
56.000000	36.000000	-1.933869	-1.133294	71.727173	0.724606
56.000000	38.000000	0.000000	0.000000	0.000000	0.000000
56.000000	40.000000	0.000000	0.000000	0.000000	0.000000
58.000000	0.000000	0.000000	0.000000	0.000000	0.000000
58.000000	2.000000	0.000000	0.000000	0.000000	0.000000
58.000000	4.000000	0.510974	0.093388	16.621998	0.662423
58.000000	6.000000	0.631988	-0.300194	22.389139	0.779920
58.000000	8.000000	0.860630	-0.603148	33.630028	0.769809
58.000000	10.000000	1.096127	-0.168737	35.489216	0.816050
58.000000	12.000000	1.798421	0.085587	57.614609	0.784193
58.000000	14.000000	1.700208	0.055504	54.435654	0.762505
58.000000	16.000000	-0.196764	-0.298401	11.437899	0.287018
58.000000	18.000000	0.117503	0.318369	10.859555	0.356984
58.000000	20.000000	-0.039813	0.056908	2.222476	0.591493
58.000000	22.000000	2.133851	-0.347782	69.184219	0.657963
58.000000	24.000000	1.184017	-0.004113	37.888775	0.659053
58.000000	26.000000	0.406237	-0.439838	19.159584	0.655173
58.000000	28.000000	-0.068636	-0.611523	19.691597	0.708719
58.000000	30.000000	-1.185384	-0.544570	41.743656	0.712795
58.000000	32.000000	-1.382649	-1.014610	54.879322	0.676433
58.000000	34.000000	-1.795196	-0.617599	60.750774	0.653838
58.000000	36.000000	-2.030937	-0.639388	68.134621	0.778423
58.000000	38.000000	0.000000	0.000000	0.000000	0.000000
58.000000	40.000000	0.000000	0.000000	0.000000	0.000000
60.000000	0.000000	0.000000	0.000000	0.000000	0.000000
60.000000	2.000000	0.000000	0.000000	0.000000	0.000000
60.000000	4.000000	1.344307	-0.205941	43.519684	0.684537
60.000000	6.000000	1.094707	0.092937	35.156647	0.714005
60.000000	8.000000	1.598828	0.064192	51.203709	0.797068
60.000000	10.000000	1.029241	0.161432	33.338360	0.684830
60.000000	12.000000	1.855581	0.066883	59.417152	0.887150
60.000000	14.000000	1.355250	0.215302	43.911865	0.783857
60.000000	16.000000	-0.919905	0.131809	29.737616	0.338186
60.000000	18.000000	-0.321418	0.468849	18.190216	0.255443
60.000000	20.000000	0.053667	0.295207	9.601454	0.468822
60.000000	22.000000	1.753505	0.460650	58.016068	0.631883
60.000000	24.000000	0.642651	0.381241	23.911203	0.627680
60.000000	26.000000	0.484381	0.368160	19.469236	0.588162
60.000000	28.000000	-0.506008	0.012658	16.197309	0.646651
60.000000	30.000000	-0.988230	0.058631	31.678970	0.694599
60.000000	32.000000	-1.533761	-0.089397	49.163662	0.694015
60.000000	34.000000	-1.381936	-0.492537	46.946739	0.724537
60.000000	36.000000	-1.931633	-0.411880	63.201824	0.735043
60.000000	38.000000	0.000000	0.000000	0.000000	0.000000
60.000000	40.000000	0.000000	0.000000	0.000000	0.000000
62.000000	0.000000	0.000000	0.000000	0.000000	0.000000
62.000000	2.000000	0.000000	0.000000	0.000000	0.000000
62.000000	4.000000	0.852327	-0.112313	27.510250	0.546742
62.000000	6.000000	0.930470	-0.028830	29.789328	0.610597
62.000000	8.000000	1.532070	-0.093782	49.118019	0.840480
62.000000	10.000000	1.669159	-0.458109	55.388264	0.738942
62.000000	12.000000	1.547196	-0.051249	49.537411	0.789787
62.000000	14.000000	1.179559	0.139454	38.008766	0.758904
62.000000	16.000000	-0.752250	-0.575754	30.313520	0.354603
62.000000	18.000000	0.347958	-0.232022	13.383074	0.402735
62.000000	20.000000	0.721724	0.370505	25.960636	0.394752
62.000000	22.000000	1.994599	0.206975	64.169868	0.684119
62.000000	24.000000	1.801707	0.531896	60.114540	0.688833
62.000000	26.000000	-0.133537	0.349772	11.980666	0.660208
62.000000	28.000000	-0.644627	0.870174	34.653896	0.734800
62.000000	30.000000	-1.340386	0.255633	43.665451	0.727866
62.000000	32.000000	-1.453965	0.288249	47.432388	0.732757
62.000000	34.000000	-1.705255	-0.042971	54.585484	0.700983
62.000000	36.000000	-1.702415	-0.070947	54.524559	0.734018
62.000000	38.000000	0.000000	0.000000	0.000000	0.000000
62.000000	40.000000	0.000000	0.000000	0.000000	0.000000
64.000000	0.000000	0.000000	0.000000	0.000000	0.000000
64.000000	2.000000	0.000000	0.000000	0.000000	0.000000
64.000000	4.000000	1.075050	-0.492783	37.843529	0.685576
64.000000	6.000000	1.391342	-0.189047	44.932049	0.791145
64.000000	8.000000	1.298600	-0.137629	41.787937	0.677471
64.000000	10.000000	1.139751	0.063347	36.528328	0.803802
64.000000	12.000000	1.613935	-0.058957	51.680374	0.797888
64.000000	14.000000	1.451328	0.131132	46.631695	0.820842
64.000000	16.000000	-0.489342	0.014973	15.666280	0.331303
64.000000	18.000000	-0.062266	0.442602	14.302730	0.285730
64.000000	20.000000	0.722924	-0.095932	23.336351	0.441397
64.000000	22.000000	1.003685	-0.084902	32.232613	0.653205
64.000000	24.000000	1.720973	0.816190	60.950665	0.690225
64.000000	26.000000	0.368754	1.015716	34.578644	0.694124
64.000000	28.000000	-0.024964	1.240594	39.707050	0.710027
64.000000	30.000000	-0.548817	0.695521	28.351158	0.726374
64.000000	32.000000	-1.313556	0.351746	43.514755	0.681392
64.000000	34.000000	-1.482790	0.259299	48.169308	0.709939
64.000000	36.000000	-1.573604	0.185597	50.704353	0.731620
64.000000	38.000000	0.000000	0.000000	0.000000	0.000000
64.000000	40.000000	0.000000	0.000000	0.000000	0.000000
66.000000	0.000000	0.000000	0.000000	0.000000	0.000000
66.000000	2.000000	0.000000	0.000000	0.000000	0.000000
66.000000	4.000000	1.195323	-0.158235	38.584034	0.861437
66.000000	6.000000	0.499721	-0.050996	16.074131	0.649451
66.000000	8.000000	1.882175	0.063260	60.263603	0.842216
66.000000	10.000000	1.464116	0.111175	46.986603	0.782211
66.000000	12.000000	1.657360	0.050188	53.059822	0.811556
66.000000	14.000000	1.267295	-0.021526	40.559292	0.841196
66.000000	16.000000	-0.458682	-0.739677	27.851229	0.312832
66.000000	18.000000	0.266506	0.724152	24.692347	0.307548
66.000000	20.000000	-0.118710	0.179733	6.892696	0.477378
66.000000	22.000000	0.184409	-0.239906	9.682937	0.558343
66.000000	24.000000	0.787583	0.529394	30.367064	0.578451
66.000000	26.000000	0.733304	0.949936	38.401508	0.716619
66.000000	28.000000	0.576513	0.745000	30.144499	0.695363
66.000000	30.000000	-0.458055	0.362085	18.684271	0.712906
66.000000	32.000000	-1.210468	0.714068	44.972523	0.668491
66.000000	34.000000	-1.598281	0.351679	52.368477	0.768374
66.000000	36.000000	-1.370403	0.407586	45.751408	0.709663
66.000000	38.000000	0.000000	0.000000	0.000000	0.000000
66.000000	40.000000	0.000000	0.000000	0.000000	0.000000
68.000000	0.000000	0.000000	0.000000	0.000000	0.000000
68.000000	2.000000	0.000000	0.000000	0.000000	0.000000
68.000000	4.000000	1.307462	0.112711	41.993946	0.647360
68.000000	6.000000	1.324092	-0.250004	43.119587	0.816790
68.000000	8.000000	1.609559	-0.477574	53.725296	0.762293
68.000000	10.000000	1.304153	0.282787	42.702709	0.716665
68.000000	12.000000	1.959034	0.063700	62.722229	0.815943
68.000000	14.000000	0.838353	0.218781	27.725771	0.770490
68.000000	16.000000	0.401318	0.105600	13.279334	0.180525
68.000000	18.000000	-0.697506	0.697847	31.573223	0.327015
68.000000	20.000000	0.040351	0.323220	10.423342	0.492098
68.000000	22.000000	-0.114350	-0.176378	6.726470	0.481102
68.000000	24.000000	-0.148284	-0.092422	5.591319	0.543635
68.000000	26.000000	-0.310255	0.355253	15.093108	0.569707
68.000000	28.000000	0.172780	0.388687	13.611493	0.726212
68.000000	30.000000	-0.803409	0.326519	27.751226	0.670052
68.000000	32.000000	-1.404155	-0.124030	45.107914	0.727487
68.000000	34.000000	-1.359022	0.477188	46.091667	0.741231
68.000000	36.000000	-1.702944	0.692262	58.824699	0.772215
68.000000	38.000000	0.000000	0.000000	0.000000	0.000000
68.000000	40.000000	0.000000	0.000000	0.000000	0.000000
70.000000	0.000000	0.000000	0.000000	0.000000	0.000000
70.000000	2.000000	0.000000	0.000000	0.000000	0.000000
70.000000	4.000000	1.456849	-0.373311	48.125378	0.765307
70.000000	6.000000	1.467014	-0.158842	47.218815	0.786332
70.000000	8.000000	1.068088	-0.079606	34.273602	0.728416
70.000000	10.000000	1.539886	-0.157517	49.533485	0.726849
70.000000	12.000000	1.818141	-0.193553	58.509262	0.820686
70.000000	14.000000	0.000329	0.594609	19.027496	0.699080
70.000000	16.000000	0.240631	-0.239245	10.858389	0.314768
70.000000	18.000000	-0.241162	0.032685	7.787742	0.377659
70.000000	20.000000	-0.481195	0.614070	24.964750	0.413301
70.000000	22.000000	-0.508660	-0.243938	18.052107	0.564145
70.000000	24.000000	-0.219627	-0.211848	9.764765	0.598561
70.000000	26.000000	-0.041227	-0.013855	1.391781	0.529953
70.000000	28.000000	-0.050248	-0.200696	6.620512	0.607072
70.000000	30.000000	-0.818882	0.098611	26.393528	0.699499
70.000000	32.000000	-1.106612	0.696129	41.835476	0.726954
70.000000	34.000000	-1.285428	0.835483	49.058781	0.718599
70.000000	36.000000	-0.973609	0.621596	36.963757	0.782006
70.000000	38.000000	0.000000	0.000000	0.000000	0.000000
70.000000	40.000000	0.000000	0.000000	0.000000	0.000000
72.000000	0.000000	0.000000	0.000000	0.000000	0.000000
72.000000	2.000000	0.000000	0.000000	0.000000	0.000000
72.000000	4.000000	0.291080	0.419197	16.331076	0.620956
72.000000	6.000000	0.927791	0.136754	30.010092	0.768486
72.000000	8.000000	1.204842	0.089040	38.660084	0.754929
72.000000	10.000000	1.767962	-0.063895	56.611717	0.872257
72.000000	12.000000	1.828800	0.107432	58.622490	0.837112
72.000000	14.000000	0.950260	0.143411	30.752668	0.797055
72.000000	16.000000	-0.736109	0.911668	37.495953	0.408922
72.000000	18.000000	-0.491397	-0.017412	15.734557	0.300319
72.000000	20.000000	-0.517201	0.138912	17.136986	0.359560
72.000000	22.000000	-1.219922	0.107623	39.189129	0.571337
72.000000	24.000000	-0.247482	-0.265331	11.610665	0.502476
72.000000	26.000000	0.070483	-0.221618	7.441793	0.564842
72.000000	28.000000	0.002659	-0.408719	13.079275	0.640963
72.000000	30.000000	-1.099100	0.114369	35.361115	0.644983
72.000000	32.000000	-1.095440	0.791352	43.244137	0.741480
72.000000	34.000000	-1.022360	1.124095	48.623272	0.802860
72.000000	36.000000	-0.990473	0.963103	44.208717	0.789773
72.000000	38.000000	0.000000	0.000000	0.000000	0.000000
72.000000	40.000000	0.000000	0.000000	0.000000	0.000000
74.000000	0.000000	0.000000	0.000000	0.000000	0.000000
74.000000	2.000000	0.000000	0.000000	0.000000	0.000000
74.000000	4.000000	0.147055	0.211579	8.245249	0.561390
74.000000	6.000000	1.270517	-0.285826	41.672688	0.809885
74.000000	8.000000	1.542224	0.175638	49.670166	0.778160
74.000000	10.000000	1.661825	0.350936	54.351200	0.825991
74.000000	12.000000	1.782098	-0.004279	57.027306	0.809722
74.000000	14.000000	0.490809	0.134850	16.287914	0.611153
74.000000	16.000000	-0.948347	-0.780101	39.295170	0.304060
74.000000	18.000000	0.045673	0.513661	16.502001	0.219250
74.000000	20.000000	-0.146221	0.466482	15.643598	0.458518
74.000000	22.000000	-0.403981	-0.060204	13.070164	0.508141
74.000000	24.000000	-0.055371	-0.154888	5.263609	0.542410
74.000000	26.000000	0.460477	0.024056	14.755363	0.479915
74.000000	28.000000	-0.628544	-0.284948	22.083780	0.567915
74.000000	30.000000	-1.015234	0.355534	34.422005	0.739788
74.000000	32.000000	-0.906467	0.832812	39.390663	0.792622
74.000000	34.000000	-0.852042	1.002987	42.113235	0.776445
74.000000	36.000000	-0.845676	0.881109	39.080902	0.782019
74.000000	38.000000	0.000000	0.000000	0.000000	0.000000
74.000000	40.000000	0.000000	0.000000	0.000000	0.000000
76.000000	0.000000	0.000000	0.000000	0.000000	0.000000
76.000000	2.000000	0.000000	0.000000	0.000000	0.000000
76.000000	4.000000	1.024906	-0.510044	36.633739	0.697186
76.000000	6.000000	1.267024	-0.031943	40.557648	0.707453
76.000000	8.000000	1.436067	0.068634	46.006603	0.798917
76.000000	10.000000	1.595638	0.245987	51.663609	0.813007
76.000000	12.000000	1.931766	0.107394	61.911953	0.815637
76.000000	14.000000	-0.057265	0.023607	1.982068	0.757286
76.000000	16.000000	0.803973	0.204073	26.542999	0.208397
76.000000	18.000000	-0.185717	0.457146	15.789746	0.176959
76.000000	20.000000	-1.052982	0.351469	35.522907	0.412699
76.000000	22.000000	-0.527994	-0.027752	16.919127	0.549582
76.000000	24.000000	-0.585447	0.049245	18.800468	0.433346
76.000000	26.000000	0.066134	0.070626	3.096191	0.453087
76.000000	28.000000	-1.295547	0.037555	41.474903	0.667302
76.000000	30.000000	-1.211793	0.767105	45.893982	0.742797
76.000000	32.000000	-0.569249	0.650593	27.663166	0.744674
76.000000	34.000000	-0.461096	0.954261	33.914318	0.762919
76.000000	36.000000	-0.717493	1.057577	40.895767	0.782880
76.000000	38.000000	0.000000	0.000000	0.000000	0.000000
76.000000	40.000000	0.000000	0.000000	0.000000	0.000000
78.000000	0.000000	0.000000	0.000000	0.000000	0.000000
78.000000	2.000000	0.000000	0.000000	0.000000	0.000000
78.000000	4.000000	1.304055	0.219224	42.315327	0.862869
78.000000	6.000000	1.239919	-0.014651	39.680187	0.721884
78.000000	8.000000	1.769604	0.149053	56.827854	0.722916
78.000000	10.000000	1.284757	0.170416	41.472321	0.762129
78.000000	12.000000	1.445609	0.061097	46.300777	0.800237
78.000000	14.000000	0.424853	1.006275	34.953171	0.749718
78.000000	16.000000	0.152910	-0.215009	8.442819	0.308345
78.000000	18.000000	-1.119948	-0.780448	43.681847	0.248720
78.000000	20.000000	-0.792303	0.354134	27.771053	0.364624
78.000000	22.000000	-0.293338	0.453303	17.277933	0.453984
78.000000	24.000000	-0.535549	0.072229	17.292728	0.475124
78.000000	26.000000	-0.263105	-0.341613	13.798040	0.523007
78.000000	28.000000	-1.553442	0.810892	56.075180	0.741637
78.000000	30.000000	-0.528737	1.220954	42.576736	0.786315
78.000000	32.000000	-0.680455	1.125873	42.096825	0.786305
78.000000	34.000000	-0.353139	0.954133	32.556393	0.799348
78.000000	36.000000	-0.563503	1.075469	38.852936	0.811125
78.000000	38.000000	0.000000	0.000000	0.000000	0.000000
78.000000	40.000000	0.000000	0.000000	0.000000	0.000000
80.000000	0.000000	0.000000	0.000000	0.000000	0.000000
80.000000	2.000000	0.000000	0.000000	0.000000	0.000000
80.000000	4.000000	0.893847	-0.480573	32.475075	0.735452
80.000000	6.000000	1.145236	0.128691	36.878204	0.646174
80.000000	8.000000	1.448085	0.086853	46.422005	0.752981
80.000000	10.000000	0.712334	0.281230	24.506866	0.702808
80.000000	12.000000	1.864138	0.259741	60.228706	0.823212
80.000000	14.000000	0.674039	0.490184	26.669821	0.674256
80.000000	16.000000	-0.480313	-0.740104	28.233624	0.324501
80.000000	18.000000	0.124902	1.086460	34.995712	0.149297
80.000000	20.000000	0.482266	0.770382	29.084251	0.203229
80.000000	22.000000	0.298998	0.250188	12.475643	0.477960
80.000000	24.000000	-0.659870	0.493450	26.366930	0.478147
80.000000	26.000000	-0.892264	0.472605	32.310356	0.624147
80.000000	28.000000	-0.765487	0.864761	36.956650	0.740800
80.000000	30.000000	-0.354696	1.075532	36.240307	0.786700
80.000000	32.000000	-0.423975	1.197175	40.641041	0.778455
80.000000	34.000000	-0.521823	1.112503	39.321766	0.791309
80.000000	36.000000	-0.531812	1.149769	40.537739	0.767854
80.000000	38.000000	0.000000	0.000000	0.000000	0.000000
80.000000	40.000000	0.000000	0.000000	0.000000	0.000000
82.000000	0.000000	0.000000	0.000000	0.000000	0.000000
82.000000	2.000000	0.000000	0.000000	0.000000	0.000000
82.000000	4.000000	0.257056	0.358510	14.116588	0.491953
82.000000	6.000000	1.047833	0.139032	33.824535	0.746358
82.000000	8.000000	1.289963	0.429417	43.505913	0.816384
82.000000	10.000000	1.683020	0.343721	54.968323	0.841736
82.000000	12.000000	1.702002	0.197091	54.828014	0.814747
82.000000	14.000000	1.231467	0.394226	41.376923	0.739616
82.000000	16.000000	0.062978	0.251583	8.299065	0.420021
82.000000	18.000000	0.139486	0.344455	11.892011	0.320493
82.000000	20.000000	-0.091226	-0.056519	3.434085	0.249922
82.000000	22.000000	-0.775075	0.723701	33.933350	0.495577
82.000000	24.000000	-1.524670	1.061561	59.450539	0.640407
82.000000	26.000000	-0.217059	1.464622	47.379814	0.748678
82.000000	28.000000	-0.156551	1.624279	52.217804	0.796753
82.000000	30.000000	-0.106491	1.083325	34.833485	0.805443
82.000000	32.000000	-0.321188	1.106243	36.861656	0.796887
82.000000	34.000000	-0.366453	1.137568	38.244331	0.778668
82.000000	36.000000	-0.274247	0.921797	30.775303	0.772997
82.000000	38.000000	0.000000	0.000000	0.000000	0.000000
82.000000	40.000000	0.000000	0.000000	0.000000	0.000000
84.000000	0.000000	0.000000	0.000000	0.000000	0.000000
84.000000	2.000000	0.000000	0.000000	0.000000	0.000000
84.000000	4.000000	0.364029	-0.245470	14.049878	0.686508
84.000000	6.000000	1.354976	0.353084	44.807190	0.851574
84.000000	8.000000	1.404450	0.706418	50.307270	0.790944
84.000000	10.000000	1.625088	0.379340	53.400810	0.837846
84.000000	12.000000	1.469082	0.114380	47.152905	0.818264
84.000000	14.000000	0.905581	-0.817991	39.050320	0.652157
84.000000	16.000000	0.700398	0.596193	29.433100	0.216781
84.000000	18.000000	-0.220817	-0.389561	14.329366	0.252974
84.000000	20.000000	0.217878	0.362629	13.537563	0.181894
84.000000	22.000000	-0.324922	0.673839	23.938768	0.417139
84.000000	24.000000	-0.390979	1.285704	43.002792	0.743734
84.000000	26.000000	0.167588	1.809472	58.150921	0.788244
84.000000	28.000000	0.154618	1.427810	45.957047	0.798232
84.000000	30.000000	0.093895	1.248071	40.051136	0.815139
84.000000	32.000000	-0.143491	1.064969	34.386967	0.760016
84.000000	34.000000	-0.242943	1.018001	33.490837	0.771638
84.000000	36.000000	-0.492176	0.833638	30.978745	0.817452
84.000000	38.000000	0.000000	0.000000	0.000000	0.000000
84.000000	40.000000	0.000000	0.000000	0.000000	0.000000
86.000000	0.000000	0.000000	0.000000	0.000000	0.000000
86.000000	2.000000	0.000000	0.000000	0.000000	0.000000
86.000000	4.000000	1.324217	0.216776	42.938984	0.755232
86.000000	6.000000	1.381137	0.320057	45.367554	0.893845
86.000000	8.000000	1.672863	0.247338	54.113560	0.858611
86.000000	10.000000	1.660177	0.381866	54.512905	0.852344
86.000000	12.000000	1.606109	0.317085	52.387512	0.831396
86.000000	14.000000	1.793182	0.807174	62.927254	0.813063
86.000000	16.000000	0.029984	-0.034909	1.472587	0.397993
86.000000	18.000000	0.439228	0.025728	14.079375	0.302724
86.000000	20.000000	-0.168873	0.256981	9.840065	0.387998
86.000000	22.000000	0.212583	1.613229	52.069611	0.832954
86.000000	24.000000	0.247426	1.484233	48.150879	0.786471
86.000000	26.000000	0.346001	1.312382	43.431229	0.787301
86.000000	28.000000	0.118346	1.305001	41.931389	0.742378
86.000000	30.000000	0.043564	1.122537	35.948215	0.772632
86.000000	32.000000	0.000709	1.014545	32.465454	0.787002
86.000000	34.000000	-0.376204	0.880798	30.648840	0.767087
86.000000	36.000000	-0.113152	0.784529	25.364687	0.779697
86.000000	38.000000	0.000000	0.000000	0.000000	0.000000
86.000000	40.000000	0.000000	0.000000	0.000000	0.000000
88.000000	0.000000	0.000000	0.000000	0.000000	0.000000
88.000000	2.000000	0.000000	0.000000	0.000000	0.000000
88.000000	4.000000	0.795431	0.122025	25.751562	0.866500
88.000000	6.000000	1.331730	0.096412	42.726883	0.853768
88.000000	8.000000	1.092699	0.304054	36.294819	0.882125
88.000000	10.000000	1.358498	0.627603	47.886826	0.835170
88.000000	12.000000	1.313524	0.293050	43.066124	0.859437
88.000000	14.000000	1.568848	0.089446	50.284679	0.790622
88.000000	16.000000	1.324108	0.807334	49.626320	0.829012
88.000000	18.000000	1.146487	0.553227	40.735527	0.539891
88.000000	20.000000	1.196015	1.487412	61.075981	0.751052
88.000000	22.000000	0.745369	1.332996	48.871578	0.797596
88.000000	24.000000	0.429351	1.183567	40.289169	0.760346
88.000000	26.000000	0.402056	1.400176	46.616219	0.796487
88.000000	28.000000	0.193399	1.238164	40.101669	0.815609
88.000000	30.000000	0.165186	1.058244	34.273888	0.793936
88.000000	32.000000	0.058548	0.994192	31.869249	0.775110
88.000000	34.000000	-0.087687	0.911429	29.300396	0.767461
88.000000	36.000000	-0.295454	0.995570	33.231548	0.825143
88.000000	38.000000	0.000000	0.000000	0.000000	0.000000
88.000000	40.000000	0.000000	0.000000	0.000000	0.000000
90.000000	0.000000	0.000000	0.000000	0.000000	0.000000
90.000000	2.000000	0.000000	0.000000	0.000000	0.000000
90.000000	4.000000	0.848585	0.430105	30.443537	0.822841
90.000000	6.000000	1.231829	0.198336	39.926197	0.854834
90.000000	8.000000	0.180634	0.314719	11.611929	0.878729
90.000000	10.000000	1.267654	0.504431	43.658577	0.855256
90.000000	12.000000	0.905893	0.679420	36.235714	0.814815
90.000000	14.000000	1.368709	0.675083	48.836456	0.812824
90.000000	16.000000	1.268186	0.859922	49.031715	0.856802
90.000000	18.000000	0.444272	0.340215	17.906374	0.458106
90.000000	20.000000	0.744791	1.359809	49.613365	0.686138
90.000000	22.000000	0.699998	1.246968	45.760284	0.793301
90.000000	24.000000	0.434813	0.737013	27.382912	0.782801
90.000000	26.000000	0.312073	1.251390	41.270912	0.765647
90.000000	28.000000	0.357329	1.028096	34.829540	0.738724
90.000000	30.000000	0.162938	1.010726	32.760799	0.794516
90.000000	32.000000	-0.202834	0.923481	30.255816	0.820765
90.000000	34.000000	-0.149465	0.961085	31.124392	0.779908
90.000000	36.000000	-0.291450	0.817033	27.758696	0.758497
90.000000	38.000000	0.000000	0.000000	0.000000	0.000000
90.000000	40.000000	0.000000	0.000000	0.000000	0.000000
92.000000	0.000000	0.000000	0.000000	0.000000	0.000000
92.000000	2.000000	0.000000	0.000000	0.000000	0.000000
92.000000	4.000000	0.874720	0.534669	32.805954	0.827409
92.000000	6.000000	0.825438	0.342561	28.598341	0.681346
92.000000	8.000000	1.087321	0.681625	41.065865	0.788640
92.000000	10.000000	1.199336	0.635394	43.432045	0.810488
92.000000	12.000000	0.900756	0.690516	36.319279	0.771402
92.000000	14.000000	0.987880	0.683097	38.433678	0.819459
92.000000	16.000000	1.140832	0.620988	41.564568	0.822268
92.000000	18.000000	0.019638	0.606541	19.419468	0.379758
92.000000	20.000000	0.701131	1.076798	41.118179	0.643264
92.000000	22.000000	0.561901	0.800830	31.305431	0.797264
92.000000	24.000000	0.541800	1.256839	43.796673	0.802767
92.000000	26.000000	0.540550	0.914067	33.982018	0.727757
92.000000	28.000000	-0.086241	1.004047	32.247818	0.790918
92.000000	30.000000	0.119275	0.993042	32.005745	0.766566
92.000000	32.000000	-0.068477	0.811265	26.052809	0.793221
92.000000	34.000000	-0.349789	0.678520	24.427996	0.769087
92.000000	36.000000	-0.264316	0.742226	25.212309	0.779482
92.000000	38.000000	0.000000	0.000000	0.000000	0.000000
92.000000	40.000000	0.000000	0.000000	0.000000	0.000000
94.000000	0.000000	0.000000	0.000000	0.000000	0.000000
94.000000	2.000000	0.000000	0.000000	0.000000	0.000000
94.000000	4.000000	-1.565735	-0.433343	51.987091	0.873328
94.000000	6.000000	0.950795	0.349465	32.415501	0.833457
94.000000	8.000000	0.851360	0.708478	35.442856	0.838217
94.000000	10.000000	0.352216	0.292060	14.641729	0.807307
94.000000	12.000000	0.763665	0.011935	24.440271	0.846954
94.000000	14.000000	0.783473	0.731315	34.296051	0.750180
94.000000	16.000000	0.994230	0.558639	36.493618	0.777306
94.000000	18.000000	0.314360	0.573511	20.928505	0.348887
94.000000	20.000000	0.503237	1.232408	42.598206	0.646990
94.000000	22.000000	0.730398	1.031948	40.456890	0.830118
94.000000	24.000000	0.388594	0.760007	27.314896	0.773446
94.000000	26.000000	0.331759	0.913573	31.102287	0.748500
94.000000	28.000000	0.244006	0.963777	31.813944	0.770632
94.000000	30.000000	-0.027309	0.833865	26.697983	0.725143
94.000000	32.000000	0.053407	0.622965	20.008013	0.779116
94.000000	34.000000	-0.319962	0.571524	20.959770	0.781575
94.000000	36.000000	-0.474179	0.838838	30.834721	0.796702
94.000000	38.000000	0.000000	0.000000	0.000000	0.000000
94.000000	40.000000	0.000000	0.000000	0.000000	0.000000
96.000000	0.000000	0.000000	0.000000	0.000000	0.000000
96.000000	2.000000	0.000000	0.000000	0.000000	0.000000
96.000000	4.000000	0.000000	0.000000	0.000000	0.000000
96.000000	6.000000	0.011558	0.680968	21.794123	0.870867
96.000000	8.000000	0.203119	0.400094	14.358434	0.806081
96.000000	10.000000	0.736712	0.674779	31.969126	0.899147
96.000000	12.000000	0.841599	0.588164	32.856159	0.903200
96.000000	14.000000	0.868584	0.497471	32.030628	0.866726
96.000000	16.000000	0.723254	0.788025	34.227711	0.816314
96.000000	18.000000	0.556682	0.325975	20.643213	0.440035
96.000000	20.000000	0.123946	0.793851	25.710987	0.494476
96.000000	22.000000	0.128172	0.836772	27.088993	0.814294
96.000000	24.000000	0.580228	0.964228	36.011028	0.805838
96.000000	26.000000	0.180941	0.754680	24.834173	0.744146
96.000000	28.000000	0.415683	1.144042	38.951042	0.792159
96.000000	30.000000	0.000382	1.015751	32.504021	0.813175
96.000000	32.000000	-0.053935	0.752134	24.130096	0.772360
96.000000	34.000000	0.061213	0.657477	21.130249	0.730615
96.000000	36.000000	-0.266898	0.565770	20.018042	0.795998
96.000000	38.000000	0.000000	0.000000	0.000000	0.000000
96.000000	40.000000	0.000000	0.000000	0.000000	0.000000
98.000000	0.000000	0.000000	0.000000	0.000000	0.000000
98.000000	2.000000	0.000000	0.000000	0.000000	0.000000
98.000000	4.000000	0.000000	0.000000	0.000000	0.000000
98.000000	6.000000	0.000000	0.000000	0.000000	0.000000
98.000000	8.000000	0.000000	0.000000	0.000000	0.000000
98.000000	10.000000	0.000000	0.000000	0.000000	0.000000
98.000000	12.000000	0.000000	0.000000	0.000000	0.000000
98.000000	14.000000	0.000000	0.000000	0.000000	0.000000
98.000000	16.000000	0.000000	0.000000	0.000000	0.000000
98.000000	18.000000	0.000000	0.000000	0.000000	0.000000
98.000000	20.000000	0.000000	0.000000	0.000000	0.000000
98.000000	22.000000	0.000000	0.000000	0.000000	0.000000
98.000000	24.000000	0.000000	0.000000	0.000000	0.000000
98.000000	26.000000	0.000000	0.000000	0.000000	0.000000
98.000000	28.000000	0.000000	0.000000	0.000000	0.000000
98.000000	30.000000	0.000000	0.000000	0.000000	0.000000
98.000000	32.000000	0.000000	0.000000	0.000000	0.000000
98.000000	34.000000	0.000000	0.000000	0.000000	0.000000
98.000000	36.000000	0.000000	0.000000	0.000000	0.000000
98.000000	38.000000	0.000000	0.000000	0.000000	0.000000
98.000000	40.000000	0.000000	0.000000	0.000000	0.000000
100.000000	0.000000	0.000000	0.000000	0.000000	0.000000
100.000000	2.000000	0.000000	0.000000	0.000000	0.000000
100.000000	4.000000	0.000000	0.000000	0.000000	0.000000
100.000000	6.000000	0.000000	0.000000	0.000000	0.000000
100.000000	8.000000	0.000000	0.000000	0.000000	0.000000
100.000000	10.000000	0.000000	0.000000	0.000000	0.000000
100.000000	12.000000	0.000000	0.000000	0.000000	0.000000
100.000000	14.000000	0.000000	0.000000	0.000000	0.000000
100.000000	16.000000	0.000000	0.000000	0.000000	0.000000
100.000000	18.000000	0.000000	0.000000	0.000000	0.000000
100.000000	20.000000	0.000000	0.000000	0.000000	0.000000
100.000000	22.000000	0.000000	0.000000	0.000000	0.000000
100.000000	24.000000	0.000000	0.000000	0.000000	0.000000
100.000000	26.000000	0.000000	0.000000	0.000000	0.000000
100.000000	28.000000	0.000000	0.000000	0.000000	0.000000
100.000000	30.000000	0.000000	0.000000	0.000000	0.000000
100.000000	32.000000	0.000000	0.000000	0.000000	0.000000
100.000000	34.000000	0.000000	0.000000	0.000000	0.000000
100.000000	36.000000	0.000000	0.000000	0.000000	0.000000
100.000000	38.000000	0.000000	0.000000	0.000000	0.000000
100.000000	40.000000	0.000000	0.000000	0.000000	0.000000
