0.000000	0.000000	0.000000	0.000000	0.000000	0.000000
0.000000	2.000000	0.000000	0.000000	0.000000	0.000000
0.000000	4.000000	0.000000	0.000000	0.000000	0.000000
0.000000	6.000000	0.000000	0.000000	0.000000	0.000000
0.000000	8.000000	0.000000	0.000000	0.000000	0.000000
0.000000	10.000000	0.000000	0.000000	0.000000	0.000000
0.000000	12.000000	0.000000	0.000000	0.000000	0.000000
0.000000	14.000000	0.000000	0.000000	0.000000	0.000000
0.000000	16.000000	0.000000	0.000000	0.000000	0.000000
0.000000	18.000000	0.000000	0.000000	0.000000	0.000000
0.000000	20.000000	0.000000	0.000000	0.000000	0.000000
0.000000	22.000000	0.000000	0.000000	0.000000	0.000000
0.000000	24.000000	0.000000	0.000000	0.000000	0.000000
0.000000	26.000000	0.000000	0.000000	0.000000	0.000000
0.000000	28.000000	0.000000	0.000000	0.000000	0.000000
0.000000	30.000000	0.000000	0.000000	0.000000	0.000000
0.000000	32.000000	0.000000	0.000000	0.000000	0.000000
0.000000	34.000000	0.000000	0.000000	0.000000	0.000000
0.000000	36.000000	0.000000	0.000000	0.000000	0.000000
0.000000	38.000000	0.000000	0.000000	0.000000	0.000000
0.000000	40.000000	0.000000	0.000000	0.000000	0.000000
2.000000	0.000000	0.000000	0.000000	0.000000	0.000000
2.000000	2.000000	0.000000	0.000000	0.000000	0.000000
2.000000	4.000000	0.000000	0.000000	0.000000	0.000000
2.000000	6.000000	0.000000	0.000000	0.000000	0.000000
2.000000	8.000000	0.000000	0.000000	0.000000	0.000000
2.000000	10.000000	0.000000	0.000000	0.000000	0.000000
2.000000	12.000000	0.000000	0.000000	0.000000	0.000000
2.000000	14.000000	0.000000	0.000000	0.000000	0.000000
2.000000	16.000000	0.000000	0.000000	0.000000	0.000000
2.000000	18.000000	0.000000	0.000000	0.000000	0.000000
2.000000	20.000000	0.000000	0.000000	0.000000	0.000000
2.000000	22.000000	0.000000	0.000000	0.000000	0.000000
2.000000	24.000000	0.000000	0.000000	0.000000	0.000000
2.000000	26.000000	0.000000	0.000000	0.000000	0.000000
2.000000	28.000000	0.000000	0.000000	0.000000	0.000000
2.000000	30.000000	0.000000	0.000000	0.000000	0.000000
2.000000	32.000000	0.000000	0.000000	0.000000	0.000000
2.000000	34.000000	0.000000	0.000000	0.000000	0.000000
2.000000	36.000000	0.000000	0.000000	0.000000	0.000000
2.000000	38.000000	0.000000	0.000000	0.000000	0.000000
2.000000	40.000000	0.000000	0.000000	0.000000	0.000000
4.000000	0.000000	0.000000	0.000000	0.000000	0.000000
4.000000	2.000000	0.000000	0.000000	0.000000	0.000000
4.000000	4.000000	0.109977	-0.078466	4.323184	0.820497
4.000000	6.000000	0.040815	-0.001132	1.306574	0.792851
4.000000	8.000000	0.086779	-0.108343	4.441968	0.793926
4.000000	10.000000	0.015879	-0.127562	4.113502	0.807144
4.000000	12.000000	0.124723	0.134698	5.874362	0.783108
4.000000	14.000000	-0.189561	0.204539	8.923903	0.816468
4.000000	16.000000	-0.358282	-0.209993	13.289172	0.778461
4.000000	18.000000	-0.218763	-0.043645	7.138365	0.764925
4.000000	20.000000	-0.134811	-0.000152	4.313961	0.782297
4.000000	22.000000	-0.479687	0.045940	15.420222	0.697032
4.000000	24.000000	-0.551615	0.206961	18.853199	0.764492
4.000000	26.000000	-0.372927	0.357617	16.533941	0.783171
4.000000	28.000000	-0.332821	0.073426	10.906373	0.731556
4.000000	30.000000	-0.189144	-0.179206	8.337845	0.731502
4.000000	32.000000	-0.663061	0.151975	21.768158	0.741660
4.000000	34.000000	-0.386755	0.121005	12.967779	0.756888
4.000000	36.000000	-0.373151	-0.347308	16.312590	0.729590
4.000000	38.000000	0.000000	0.000000	0.000000	0.000000
4.000000	40.000000	0.000000	0.000000	0.000000	0.000000
6.000000	0.000000	0.000000	0.000000	0.000000	0.000000
6.000000	2.000000	0.000000	0.000000	0.000000	0.000000
6.000000	4.000000	-0.056759	-0.214537	7.101402	0.823421
6.000000	6.000000	0.230866	-0.100850	8.061835	0.812824
6.000000	8.000000	0.003769	-0.056876	1.824030	0.770135
6.000000	10.000000	0.018929	0.110443	3.585724	0.795042
6.000000	12.000000	-0.083546	-0.130631	4.961993	0.770307
6.000000	14.000000	0.119665	0.051641	4.170649	0.787640
6.000000	16.000000	-0.184104	0.182515	8.295719	0.810915
6.000000	18.000000	-0.008232	-0.217054	6.950707	0.792181
6.000000	20.000000	-0.148416	0.163651	7.069673	0.783128
6.000000	22.000000	-0.410497	-0.019963	13.151423	0.651824
6.000000	24.000000	-0.561568	0.298326	20.348499	0.714907
6.000000	26.000000	-0.542962	0.127131	17.844685	0.742980
6.000000	28.000000	-0.586997	0.241306	20.309143	0.707072
6.000000	30.000000	-0.961241	-0.057664	30.814995	0.691403
6.000000	32.000000	-0.610005	0.106304	19.814360	0.699550
6.000000	34.000000	-0.510739	0.216615	17.752831	0.707394
6.000000	36.000000	-0.925617	-0.145069	29.981318	0.674359
6.000000	38.000000	0.000000	0.000000	0.000000	0.000000
6.000000	40.000000	0.000000	0.000000	0.000000	0.000000
8.000000	0.000000	0.000000	0.000000	0.000000	0.000000
8.000000	2.000000	0.000000	0.000000	0.000000	0.000000
8.000000	4.000000	0.284514	-0.096646	9.615378	0.819572
8.000000	6.000000	0.079985	-0.230277	7.800725	0.810621
8.000000	8.000000	-0.056224	-0.108876	3.921167	0.804668
8.000000	10.000000	0.093339	0.124381	4.976282	0.756516
8.000000	12.000000	-0.092064	-0.110926	4.612926	0.785362
8.000000	14.000000	-0.130649	0.155501	6.499221	0.767058
8.000000	16.000000	-0.045253	-0.099054	3.484854	0.770203
8.000000	18.000000	-0.276734	0.137396	9.886864	0.780612
8.000000	20.000000	-0.552483	0.205677	18.864811	0.788015
8.000000	22.000000	-0.128185	-0.047985	4.379923	0.720090
8.000000	24.000000	-0.485634	0.409895	20.335835	0.737455
8.000000	26.000000	-0.436664	0.045832	14.050014	0.757048
8.000000	28.000000	-0.515826	0.069294	16.654715	0.735205
8.000000	30.000000	-0.691495	0.080911	22.278814	0.615437
8.000000	32.000000	-0.492284	0.077641	15.947804	0.750947
8.000000	34.000000	-0.410788	-0.098272	13.516134	0.677631
8.000000	36.000000	-0.038798	-0.310075	9.999763	0.652110
8.000000	38.000000	0.000000	0.000000	0.000000	0.000000
8.000000	40.000000	0.000000	0.000000	0.000000	0.000000
10.000000	0.000000	0.000000	0.000000	0.000000	0.000000
10.000000	2.000000	0.000000	0.000000	0.000000	0.000000
10.000000	4.000000	0.210291	-0.178200	8.820483	0.796626
10.000000	6.000000	0.086696	-0.070854	3.582941	0.809944
10.000000	8.000000	0.152307	-0.067444	5.330303	0.812211
10.000000	10.000000	-0.013873	-0.031705	1.107442	0.798231
10.000000	12.000000	-0.107921	-0.205312	7.422338	0.782054
10.000000	14.000000	0.008154	0.106127	3.406075	0.772139
10.000000	16.000000	-0.150567	-0.016402	4.846650	0.756622
10.000000	18.000000	-0.388272	0.165509	13.506447	0.784460
10.000000	20.000000	-0.726590	0.162664	23.826403	0.782024
10.000000	22.000000	-0.699226	-0.011943	22.378500	0.701567
10.000000	24.000000	-0.662838	0.327656	23.660810	0.719194
10.000000	26.000000	-0.866536	0.083825	27.858582	0.732712
10.000000	28.000000	-0.817649	-0.067527	26.253843	0.647552
10.000000	30.000000	-0.567551	0.273743	20.163786	0.690094
10.000000	32.000000	-1.179841	0.102148	37.896156	0.654148
10.000000	34.000000	-0.929290	-0.170474	30.233501	0.694903
10.000000	36.000000	-0.326622	-0.061155	10.633542	0.639341
10.000000	38.000000	0.000000	0.000000	0.000000	0.000000
10.000000	40.000000	0.000000	0.000000	0.000000	0.000000
12.000000	0.000000	0.000000	0.000000	0.000000	0.000000
12.000000	2.000000	0.000000	0.000000	0.000000	0.000000
12.000000	4.000000	0.090601	-0.098159	4.274587	0.815815
12.000000	6.000000	0.060554	0.063856	2.816054	0.794618
12.000000	8.000000	0.038793	0.078975	2.815629	0.820233
12.000000	10.000000	0.223038	-0.046575	7.291167	0.795867
12.000000	12.000000	0.003227	-0.122042	3.906699	0.791057
12.000000	14.000000	0.030918	0.212246	6.863543	0.777530
12.000000	16.000000	-0.186243	0.161034	7.878656	0.777081
12.000000	18.000000	0.022420	0.256929	8.252963	0.777453
12.000000	20.000000	-0.452433	0.060821	14.608104	0.775559
12.000000	22.000000	-0.757363	0.081919	24.376974	0.699580
12.000000	24.000000	-0.451024	0.225464	16.135647	0.743767
12.000000	26.000000	-0.158822	-0.105580	6.102805	0.724204
12.000000	28.000000	-1.242023	0.097052	39.865887	0.691159
12.000000	30.000000	-0.858498	-0.112311	27.706032	0.668322
12.000000	32.000000	-0.504446	-0.013560	16.148088	0.677234
12.000000	34.000000	-0.898251	-0.015261	28.748169	0.653882
12.000000	36.000000	-1.306251	0.113596	41.957779	0.651810
12.000000	38.000000	0.000000	0.000000	0.000000	0.000000
12.000000	40.000000	0.000000	0.000000	0.000000	0.000000
14.000000	0.000000	0.000000	0.000000	0.000000	0.000000
14.000000	2.000000	0.000000	0.000000	0.000000	0.000000
14.000000	4.000000	0.073887	-0.148629	5.311401	0.793429
14.000000	6.000000	-0.041949	-0.375209	12.081491	0.771012
14.000000	8.000000	0.151858	-0.032736	4.971096	0.789263
14.000000	10.000000	0.427574	0.113459	14.155871	0.797092
14.000000	12.000000	0.032934	-0.152679	4.998103	0.790703
14.000000	14.000000	-0.044787	0.125538	4.265207	0.751765
14.000000	16.000000	-0.293360	0.085501	9.778120	0.743873
14.000000	18.000000	-0.193289	0.065895	6.534813	0.773009
14.000000	20.000000	-0.426255	0.269714	16.141428	0.766706
14.000000	22.000000	-0.625288	-0.093461	20.231487	0.666981
14.000000	24.000000	-0.540077	0.186962	18.288704	0.715890
14.000000	26.000000	-0.820321	0.072035	26.351273	0.693238
14.000000	28.000000	-0.815884	-0.088959	26.263020	0.678824
14.000000	30.000000	-1.014029	0.236257	33.318012	0.600376
14.000000	32.000000	-1.216558	-0.569990	42.990936	0.638265
14.000000	34.000000	-0.600007	-0.107016	19.503235	0.650363
14.000000	36.000000	-0.929489	-0.389306	32.247177	0.683903
14.000000	38.000000	0.000000	0.000000	0.000000	0.000000
14.000000	40.000000	0.000000	0.000000	0.000000	0.000000
16.000000	0.000000	0.000000	0.000000	0.000000	0.000000
16.000000	2.000000	0.000000	0.000000	0.000000	0.000000
16.000000	4.000000	-0.083784	-0.161851	5.832029	0.808520
16.000000	6.000000	0.122510	-0.189066	7.209203	0.796656
16.000000	8.000000	0.232186	-0.149588	8.838422	0.768585
16.000000	10.000000	-0.030048	-0.066767	2.342958	0.782784
16.000000	12.000000	0.005409	-0.150121	4.806994	0.745628
16.000000	14.000000	0.181556	0.110331	6.798450	0.764865
16.000000	16.000000	-0.015721	0.042697	1.455980	0.747368
16.000000	18.000000	-0.423167	0.058266	13.669119	0.759207
16.000000	20.000000	-0.597786	0.316519	21.645153	0.740525
16.000000	22.000000	-0.888322	-0.217259	29.264128	0.733955
16.000000	24.000000	-1.029888	-0.253902	33.943157	0.660140
16.000000	26.000000	-0.719390	0.000084	23.020485	0.648642
16.000000	28.000000	-1.046057	0.211484	34.151066	0.622403
16.000000	30.000000	-1.207598	0.438825	41.115463	0.640205
16.000000	32.000000	-1.336243	0.016061	42.762875	0.616466
16.000000	34.000000	-0.822992	-0.187301	27.009163	0.652900
16.000000	36.000000	-0.511030	-0.676637	27.133821	0.653331
16.000000	38.000000	0.000000	0.000000	0.000000	0.000000
16.000000	40.000000	0.000000	0.000000	0.000000	0.000000
18.000000	0.000000	0.000000	0.000000	0.000000	0.000000
18.000000	2.000000	0.000000	0.000000	0.000000	0.000000
18.000000	4.000000	0.027247	-0.148379	4.827513	0.786394
18.000000	6.000000	0.292300	-0.066373	9.591703	0.774976
18.000000	8.000000	-0.061587	-0.248893	8.204772	0.739154
18.000000	10.000000	0.160661	-0.152625	7.091169	0.797924
18.000000	12.000000	-0.056195	0.000537	1.798323	0.762942
18.000000	14.000000	0.092423	-0.006903	2.965787	0.763580
18.000000	16.000000	-0.483408	0.052273	15.559235	0.761222
18.000000	18.000000	-0.374647	-0.049939	12.094731	0.742635
18.000000	20.000000	-0.740910	0.131381	24.078978	0.687917
18.000000	22.000000	-0.770148	-0.143077	25.066431	0.696215
18.000000	24.000000	-1.178470	0.248969	38.543415	0.684631
18.000000	26.000000	-0.801394	0.224516	26.631992	0.656463
18.000000	28.000000	-1.264608	-0.345916	41.954079	0.613045
18.000000	30.000000	-0.897862	-0.353215	30.874903	0.659336
18.000000	32.000000	-1.374526	0.076432	44.052792	0.618170
18.000000	34.000000	-0.990034	-0.122128	31.921219	0.598358
18.000000	36.000000	-0.593670	-0.138881	19.510334	0.583475
18.000000	38.000000	0.000000	0.000000	0.000000	0.000000
18.000000	40.000000	0.000000	0.000000	0.000000	0.000000
20.000000	0.000000	0.000000	0.000000	0.000000	0.000000
20.000000	2.000000	0.000000	0.000000	0.000000	0.000000
20.000000	4.000000	-0.130378	-0.027942	4.266832	0.730151
20.000000	6.000000	-0.111395	-0.091159	4.606077	0.746560
20.000000	8.000000	-0.006014	-0.036847	1.194711	0.790467
20.000000	10.000000	0.040685	0.072748	2.667260	0.787103
20.000000	12.000000	-0.160552	-0.052348	5.403853	0.774220
20.000000	14.000000	-0.305352	-0.113280	10.421992	0.773323
20.000000	16.000000	-0.409893	0.063168	13.271419	0.754099
20.000000	18.000000	-0.432322	0.254913	16.060135	0.723735
20.000000	20.000000	-0.938883	0.155749	30.454828	0.710651
20.000000	22.000000	-0.858424	0.272758	28.822908	0.633476
20.000000	24.000000	-1.038402	0.299710	34.585258	0.662543
20.000000	26.000000	-0.601094	-0.171244	20.000347	0.704392
20.000000	28.000000	-0.788671	-0.076903	25.357172	0.593954
20.000000	30.000000	-1.221819	-0.083444	39.189274	0.652328
20.000000	32.000000	-1.338538	0.036636	42.849258	0.626485
20.000000	34.000000	-0.904327	0.412408	31.805624	0.598616
20.000000	36.000000	-1.069373	0.148839	34.549797	0.606125
20.000000	38.000000	0.000000	0.000000	0.000000	0.000000
20.000000	40.000000	0.000000	0.000000	0.000000	0.000000
22.000000	0.000000	0.000000	0.000000	0.000000	0.000000
22.000000	2.000000	0.000000	0.000000	0.000000	0.000000
22.000000	4.000000	0.228279	-0.072590	7.665356	0.750608
22.000000	6.000000	0.000230	-0.100434	3.213897	0.752758
22.000000	8.000000	-0.025628	0.124612	4.071044	0.726864
22.000000	10.000000	-0.049559	0.000609	1.586013	0.727797
22.000000	12.000000	-0.325124	-0.115402	11.039924	0.763508
22.000000	14.000000	-0.108305	0.069995	4.126553	0.749769
22.000000	16.000000	-0.021825	0.221900	7.135050	0.734742
22.000000	18.000000	-0.335713	-0.091301	11.133021	0.734920
22.000000	20.000000	-0.530653	-0.127359	17.463112	0.761481
22.000000	22.000000	-0.804196	-0.145149	26.150082	0.673496
22.000000	24.000000	-1.042434	0.081207	33.458939	0.713584
22.000000	26.000000	-0.398079	0.162914	13.764019	0.703376
22.000000	28.000000	-0.793062	0.018736	25.385054	0.670999
22.000000	30.000000	-0.619977	0.530883	26.118908	0.689500
22.000000	32.000000	-1.266663	0.085935	40.626389	0.591478
22.000000	34.000000	-1.464820	0.092587	46.967789	0.643886
22.000000	36.000000	-0.912411	0.195877	29.862389	0.630027
22.000000	38.000000	0.000000	0.000000	0.000000	0.000000
22.000000	40.000000	0.000000	0.000000	0.000000	0.000000
24.000000	0.000000	0.000000	0.000000	0.000000	0.000000
24.000000	2.000000	0.000000	0.000000	0.000000	0.000000
24.000000	4.000000	0.292743	-0.051508	9.511682	0.717189
24.000000	6.000000	0.140338	0.033774	4.619030	0.774262
24.000000	8.000000	0.072350	-0.132006	4.817039	0.760322
24.000000	10.000000	-0.183881	-0.252724	10.001313	0.733827
24.000000	12.000000	0.098661	-0.033920	3.338523	0.759018
24.000000	14.000000	-0.459871	-0.287861	17.361145	0.758981
24.000000	16.000000	-0.100423	0.080340	4.115377	0.755689
24.000000	18.000000	-0.708926	-0.029477	22.705235	0.734822
24.000000	20.000000	-0.306258	-0.121799	10.546847	0.719973
24.000000	22.000000	-0.638164	-0.108704	20.715401	0.677749
24.000000	24.000000	-1.178279	0.253679	38.568878	0.696016
24.000000	26.000000	-1.162749	0.055772	37.250755	0.685517
24.000000	28.000000	-1.310907	-0.185650	42.367599	0.677162
24.000000	30.000000	-1.205312	-0.149155	38.864170	0.651506
24.000000	32.000000	-1.239379	-0.114675	39.829544	0.522074
24.000000	34.000000	-0.502954	0.162934	16.918011	0.666620
24.000000	36.000000	-0.246018	0.191879	9.983911	0.601007
24.000000	38.000000	0.000000	0.000000	0.000000	0.000000
24.000000	40.000000	0.000000	0.000000	0.000000	0.000000
26.000000	0.000000	0.000000	0.000000	0.000000	0.000000
26.000000	2.000000	0.000000	0.000000	0.000000	0.000000
26.000000	4.000000	-0.201978	-0.162789	8.301239	0.763619
26.000000	6.000000	0.005177	-0.091765	2.941165	0.769694
26.000000	8.000000	-0.017306	-0.104538	3.390734	0.764865
26.000000	10.000000	0.125839	-0.036975	4.197091	0.729161
26.000000	12.000000	-0.018582	-0.003808	0.606981	0.721173
26.000000	14.000000	-0.134153	-0.031517	4.409772	0.728772
26.000000	16.000000	-0.315171	-0.093980	10.524302	0.725100
26.000000	18.000000	-0.271633	-0.165007	10.170347	0.748327
26.000000	20.000000	-0.566900	-0.086079	18.348730	0.711775
26.000000	22.000000	-1.076929	-0.058631	34.512768	0.683281
26.000000	24.000000	-0.837924	-0.039242	26.842970	0.667755
26.000000	26.000000	-0.900908	0.105311	29.025364	0.669969
26.000000	28.000000	-1.170407	0.062717	37.506741	0.630092
26.000000	30.000000	-0.804823	0.155861	26.232826	0.615029
26.000000	32.000000	-0.994495	0.013947	31.826956	0.612818
26.000000	34.000000	-1.167831	0.050236	37.405144	0.602703
26.000000	36.000000	-0.764557	0.623055	31.560915	0.489498
26.000000	38.000000	0.000000	0.000000	0.000000	0.000000
26.000000	40.000000	0.000000	0.000000	0.000000	0.000000
28.000000	0.000000	0.000000	0.000000	0.000000	0.000000
28.000000	2.000000	0.000000	0.000000	0.000000	0.000000
28.000000	4.000000	0.221039	-0.078710	7.508318	0.675702
28.000000	6.000000	0.239136	-0.012436	7.662691	0.744769
28.000000	8.000000	-0.117322	-0.077926	4.506982	0.758952
28.000000	10.000000	0.085333	-0.104172	4.309138	0.723936
28.000000	12.000000	-0.097784	-0.111023	4.734241	0.734394
28.000000	14.000000	-0.214078	-0.010235	6.858315	0.773170
28.000000	16.000000	-0.164342	0.216280	8.692313	0.697332
28.000000	18.000000	-0.365831	-0.147365	12.620703	0.694738
28.000000	20.000000	-0.663512	-0.157764	21.824329	0.680376
28.000000	22.000000	-1.013044	-0.305648	33.860771	0.736928
28.000000	24.000000	-0.840511	-0.272067	28.270306	0.671520
28.000000	26.000000	-1.243379	-0.129551	40.003529	0.667813
28.000000	28.000000	-1.288407	-0.483223	44.033390	0.602610
28.000000	30.000000	-0.959449	0.111807	30.910124	0.606001
28.000000	32.000000	-0.716992	0.400407	26.279062	0.589885
28.000000	34.000000	-1.158313	-0.093060	37.185436	0.572340
28.000000	36.000000	-0.872474	0.409097	30.835972	0.580295
28.000000	38.000000	0.000000	0.000000	0.000000	0.000000
28.000000	40.000000	0.000000	0.000000	0.000000	0.000000
30.000000	0.000000	0.000000	0.000000	0.000000	0.000000
30.000000	2.000000	0.000000	0.000000	0.000000	0.000000
30.000000	4.000000	0.149879	-0.127079	6.288030	0.695007
30.000000	6.000000	0.049975	-0.062783	2.567811	0.706184
30.000000	8.000000	-0.024444	-0.198653	6.404850	0.732840
30.000000	10.000000	-0.012732	-0.074493	2.418333	0.712687
30.000000	12.000000	0.027453	0.016084	1.018183	0.716561
30.000000	14.000000	-0.662274	0.061591	21.284231	0.721638
30.000000	16.000000	-0.124489	-0.265682	9.388846	0.728760
30.000000	18.000000	-0.221464	-0.088393	7.630476	0.672450
30.000000	20.000000	-0.312868	0.053423	10.156690	0.713432
30.000000	22.000000	-0.930797	0.056961	29.841227	0.732034
30.000000	24.000000	-0.650104	0.134794	21.245808	0.681761
30.000000	26.000000	-1.155319	-0.165543	37.347790	0.639783
30.000000	28.000000	-0.524326	-0.018697	16.789093	0.689700
30.000000	30.000000	-0.875991	0.311714	29.753569	0.651882
30.000000	32.000000	-0.530364	0.653127	26.923044	0.648090
30.000000	34.000000	-0.872408	-0.464614	31.629255	0.616714
30.000000	36.000000	-0.393534	0.700429	25.709169	0.483440
30.000000	38.000000	0.000000	0.000000	0.000000	0.000000
30.000000	40.000000	0.000000	0.000000	0.000000	0.000000
32.000000	0.000000	0.000000	0.000000	0.000000	0.000000
32.000000	2.000000	0.000000	0.000000	0.000000	0.000000
32.000000	4.000000	0.011512	0.012299	0.539090	0.761146
32.000000	6.000000	-0.043789	-0.137941	4.631172	0.726259
32.000000	8.000000	0.165550	-0.050770	5.541121	0.766272
32.000000	10.000000	0.085381	-0.144137	5.360863	0.717069
32.000000	12.000000	0.088647	-0.140185	5.307567	0.749499
32.000000	14.000000	-0.474075	0.040180	15.224775	0.724758
32.000000	16.000000	-0.019477	-0.234921	7.543263	0.715738
32.000000	18.000000	-0.322710	0.045138	10.427257	0.720852
32.000000	20.000000	-0.221288	0.108348	7.884457	0.722719
32.000000	22.000000	-0.300875	-0.151077	10.773594	0.683490
32.000000	24.000000	-1.237054	-0.396768	41.572033	0.662230
32.000000	26.000000	-0.913927	0.367266	31.518744	0.637061
32.000000	28.000000	-0.844796	-0.036305	27.058430	0.669513
32.000000	30.000000	-0.878955	0.312398	29.850246	0.643122
32.000000	32.000000	-0.635305	0.237366	21.702398	0.635486
32.000000	34.000000	-0.893880	-0.462407	32.204796	0.594821
32.000000	36.000000	-0.989064	0.251916	32.660522	0.596348
32.000000	38.000000	0.000000	0.000000	0.000000	0.000000
32.000000	40.000000	0.000000	0.000000	0.000000	0.000000
34.000000	0.000000	0.000000	0.000000	0.000000	0.000000
34.000000	2.000000	0.000000	0.000000	0.000000	0.000000
34.000000	4.000000	-0.046061	-0.249041	8.104480	0.717794
34.000000	6.000000	-0.002520	-0.281013	8.992774	0.718439
34.000000	8.000000	0.015094	0.059064	1.950777	0.717193
34.000000	10.000000	0.193749	-0.021693	6.238714	0.782708
34.000000	12.000000	0.017634	-0.013615	0.712911	0.706278
34.000000	14.000000	-0.159857	-0.146011	6.928086	0.689821
34.000000	16.000000	-0.289359	-0.055597	9.428859	0.683477
34.000000	18.000000	-0.365068	0.033579	11.731488	0.748869
34.000000	20.000000	-0.639071	-0.111973	20.761793	0.692770
34.000000	22.000000	-0.633565	-0.114118	20.600342	0.638680
34.000000	24.000000	-0.879467	-0.081686	28.264076	0.679626
34.000000	26.000000	-0.723296	0.336726	25.530748	0.652054
34.000000	28.000000	-1.631289	-0.041741	52.218319	0.679281
34.000000	30.000000	-1.384418	0.235627	44.938450	0.668365
34.000000	32.000000	-1.159672	-0.191488	37.612015	0.648704
34.000000	34.000000	-1.110792	-0.002310	35.545433	0.537193
34.000000	36.000000	-0.320406	0.481434	18.505806	0.600791
34.000000	38.000000	0.000000	0.000000	0.000000	0.000000
34.000000	40.000000	0.000000	0.000000	0.000000	0.000000
36.000000	0.000000	0.000000	0.000000	0.000000	0.000000
36.000000	2.000000	0.000000	0.000000	0.000000	0.000000
36.000000	4.000000	0.261230	-0.150926	9.654222	0.778430
36.000000	6.000000	0.302793	0.065240	9.911745	0.743484
36.000000	8.000000	0.001565	-0.046455	1.487410	0.719155
36.000000	10.000000	-0.010838	-0.114913	3.693539	0.767579
36.000000	12.000000	-0.095278	-0.105137	4.540347	0.728965
36.000000	14.000000	-0.010923	0.060635	1.971539	0.755572
36.000000	16.000000	-0.160831	-0.008911	5.154495	0.707799
36.000000	18.000000	-0.294348	0.123871	10.219203	0.728671
36.000000	20.000000	-0.721648	0.140289	23.525030	0.685304
36.000000	22.000000	-0.955091	0.065561	30.634832	0.707635
36.000000	24.000000	-0.744732	0.249514	25.133402	0.698955
36.000000	26.000000	-0.584379	0.208065	19.850044	0.691986
36.000000	28.000000	-1.253470	-0.022929	40.117767	0.632193
36.000000	30.000000	-1.184398	-0.040386	37.922752	0.676068
36.000000	32.000000	-0.956154	-0.256352	31.677525	0.624583
36.000000	34.000000	-0.934634	0.081401	30.021513	0.585559
36.000000	36.000000	-1.387556	0.179842	44.773201	0.599919
36.000000	38.000000	0.000000	0.000000	0.000000	0.000000
36.000000	40.000000	0.000000	0.000000	0.000000	0.000000
38.000000	0.000000	0.000000	0.000000	0.000000	0.000000
38.000000	2.000000	0.000000	0.000000	0.000000	0.000000
38.000000	4.000000	0.130302	-0.055078	4.526881	0.762532
38.000000	6.000000	-0.070284	0.122032	4.506411	0.728071
38.000000	8.000000	0.173707	0.179267	7.987883	0.747899
38.000000	10.000000	0.166482	0.042466	5.497999	0.768689
38.000000	12.000000	-0.031726	0.066157	2.347875	0.693843
38.000000	14.000000	0.109381	0.051571	3.869729	0.752814
38.000000	16.000000	-0.224161	-0.259468	10.972399	0.756821
38.000000	18.000000	-0.121067	0.141600	5.961609	0.730660
38.000000	20.000000	-0.428987	0.072670	13.923165	0.693367
38.000000	22.000000	-0.701250	-0.039277	22.475166	0.704124
38.000000	24.000000	-0.775244	0.322759	26.871937	0.705527
38.000000	26.000000	-0.577250	0.238298	19.984083	0.684850
38.000000	28.000000	-0.942899	-0.002552	30.172886	0.658111
38.000000	30.000000	-1.047955	-0.130177	33.792301	0.636291
38.000000	32.000000	-0.891714	0.124361	28.810999	0.619092
38.000000	34.000000	-0.694584	0.232169	23.435482	0.631284
38.000000	36.000000	-0.345800	0.071085	11.296998	0.544490
38.000000	38.000000	0.000000	0.000000	0.000000	0.000000
38.000000	40.000000	0.000000	0.000000	0.000000	0.000000
40.000000	0.000000	0.000000	0.000000	0.000000	0.000000
40.000000	2.000000	0.000000	0.000000	0.000000	0.000000
40.000000	4.000000	-0.422035	-0.102855	13.900405	0.435543
40.000000	6.000000	-0.485961	0.113257	15.967506	0.648131
40.000000	8.000000	0.190832	-0.094576	6.815431	0.776305
40.000000	10.000000	0.098567	0.021921	3.231214	0.764875
40.000000	12.000000	0.276399	0.240436	11.722909	0.683942
40.000000	14.000000	-0.071491	-0.004386	2.292005	0.694092
40.000000	16.000000	-0.189094	0.026960	6.112185	0.750048
40.000000	18.000000	-0.000153	-0.082923	2.653551	0.718383
40.000000	20.000000	-0.092697	0.028857	3.106703	0.708598
40.000000	22.000000	-0.457774	0.344259	18.328804	0.745781
40.000000	24.000000	-0.360905	0.151512	12.525374	0.718422
40.000000	26.000000	-1.014379	0.257453	33.489307	0.712440
40.000000	28.000000	-0.852752	0.248056	28.419132	0.671691
40.000000	30.000000	-0.910892	-0.153692	29.560555	0.638759
40.000000	32.000000	-1.020371	0.058472	32.705425	0.668766
40.000000	34.000000	-0.881784	0.160264	28.679331	0.635537
40.000000	36.000000	-0.797350	0.287759	27.125969	0.528456
40.000000	38.000000	0.000000	0.000000	0.000000	0.000000
40.000000	40.000000	0.000000	0.000000	0.000000	0.000000
42.000000	0.000000	0.000000	0.000000	0.000000	0.000000
42.000000	2.000000	0.000000	0.000000	0.000000	0.000000
42.000000	4.000000	0.363746	-0.525425	20.449535	0.367871
42.000000	6.000000	0.279595	0.186842	10.760918	0.593462
42.000000	8.000000	0.387166	0.113363	12.909470	0.774567
42.000000	10.000000	0.021991	0.177435	5.721368	0.736112
42.000000	12.000000	0.369917	0.099196	12.255568	0.710837
42.000000	14.000000	-0.134277	-0.004429	4.299215	0.673255
42.000000	16.000000	-0.188218	-0.133446	7.383172	0.690876
42.000000	18.000000	0.062980	0.137988	4.853793	0.724837
42.000000	20.000000	-0.230911	0.092571	7.960812	0.701177
42.000000	22.000000	-0.455138	0.177967	15.638244	0.730327
42.000000	24.000000	-0.454175	-0.120429	15.035862	0.694543
42.000000	26.000000	-0.657353	0.286430	22.945471	0.670954
42.000000	28.000000	-0.526631	0.389310	20.957001	0.710844
42.000000	30.000000	-0.652186	0.212707	21.951874	0.686841
42.000000	32.000000	-1.330590	0.147499	42.839684	0.618138
42.000000	34.000000	-1.335312	-0.013428	42.732128	0.635628
42.000000	36.000000	-0.812668	0.175498	26.604837	0.583217
42.000000	38.000000	0.000000	0.000000	0.000000	0.000000
42.000000	40.000000	0.000000	0.000000	0.000000	0.000000
44.000000	0.000000	0.000000	0.000000	0.000000	0.000000
44.000000	2.000000	0.000000	0.000000	0.000000	0.000000
44.000000	4.000000	0.137595	0.116700	5.773423	0.351274
44.000000	6.000000	0.268455	-0.004970	8.592026	0.419401
44.000000	8.000000	0.432356	0.051765	13.934211	0.747592
44.000000	10.000000	0.326127	0.096473	10.883094	0.704844
44.000000	12.000000	0.398134	0.037058	12.795343	0.730899
44.000000	14.000000	-0.219260	-0.019629	7.044368	0.729207
44.000000	16.000000	0.299750	0.190040	11.357308	0.729009
44.000000	18.000000	0.143579	0.072371	5.145194	0.677784
44.000000	20.000000	0.078070	0.312383	10.303721	0.734490
44.000000	22.000000	-0.337659	-0.107239	11.336946	0.727504
44.000000	24.000000	-0.553472	0.027491	17.732952	0.707143
44.000000	26.000000	-0.264443	-0.037356	8.546204	0.711772
44.000000	28.000000	-0.669142	0.069241	21.526882	0.677762
44.000000	30.000000	-0.356711	0.052925	11.539706	0.706215
44.000000	32.000000	-0.886035	0.198307	29.054579	0.714399
44.000000	34.000000	-1.134594	0.083189	36.404480	0.636591
44.000000	36.000000	-0.600835	0.013246	19.231384	0.563533
44.000000	38.000000	0.000000	0.000000	0.000000	0.000000
44.000000	40.000000	0.000000	0.000000	0.000000	0.000000
46.000000	0.000000	0.000000	0.000000	0.000000	0.000000
46.000000	2.000000	0.000000	0.000000	0.000000	0.000000
46.000000	4.000000	0.196156	-0.353603	12.939724	0.406134
46.000000	6.000000	0.417950	0.222956	15.158393	0.445961
46.000000	8.000000	0.281246	0.061659	9.213616	0.730214
46.000000	10.000000	0.196411	0.042824	6.432815	0.743509
46.000000	12.000000	0.175143	-0.090948	6.315152	0.714248
46.000000	14.000000	0.059522	0.120017	4.286923	0.683962
46.000000	16.000000	0.097617	0.287259	9.708535	0.727714
46.000000	18.000000	0.112447	-0.146654	5.913661	0.734415
46.000000	20.000000	-0.161762	0.120938	6.463143	0.687145
46.000000	22.000000	-0.177448	0.055668	5.951192	0.738106
46.000000	24.000000	-0.157956	0.092860	5.863348	0.684658
46.000000	26.000000	-0.584175	0.369126	22.112793	0.723738
46.000000	28.000000	-0.667632	0.260271	22.930262	0.724049
46.000000	30.000000	-0.867939	0.212981	28.598030	0.694992
46.000000	32.000000	-1.113380	0.022218	35.635250	0.698516
46.000000	34.000000	-0.977711	0.087236	31.411036	0.639875
46.000000	36.000000	-1.080459	0.145952	34.888710	0.710599
46.000000	38.000000	0.000000	0.000000	0.000000	0.000000
46.000000	40.000000	0.000000	0.000000	0.000000	0.000000
48.000000	0.000000	0.000000	0.000000	0.000000	0.000000
48.000000	2.000000	0.000000	0.000000	0.000000	0.000000
48.000000	4.000000	-0.063082	0.009891	2.043276	0.464811
48.000000	6.000000	0.258316	0.027930	8.314299	0.659427
48.000000	8.000000	0.299011	0.071749	9.839953	0.764259
48.000000	10.000000	0.284400	-0.133406	10.052291	0.768329
48.000000	12.000000	0.137035	0.199835	7.753816	0.754325
48.000000	14.000000	0.262016	0.084610	8.810835	0.698569
48.000000	16.000000	0.137129	0.225479	8.444930	0.750402
48.000000	18.000000	0.231201	0.154108	8.891351	0.751086
48.000000	20.000000	0.046987	0.037426	1.922249	0.736136
48.000000	22.000000	0.259559	-0.119949	9.149895	0.700380
48.000000	24.000000	-0.088718	0.320566	10.643708	0.701980
48.000000	26.000000	-0.482830	0.332580	18.761234	0.698758
48.000000	28.000000	-0.605972	0.331556	22.103899	0.718177
48.000000	30.000000	-0.851574	0.013443	27.253769	0.700001
48.000000	32.000000	-0.795019	0.123580	25.746120	0.722766
48.000000	34.000000	-0.889460	0.253171	29.593231	0.716450
48.000000	36.000000	-1.313836	0.159837	42.352741	0.739081
48.000000	38.000000	0.000000	0.000000	0.000000	0.000000
48.000000	40.000000	0.000000	0.000000	0.000000	0.000000
50.000000	0.000000	0.000000	0.000000	0.000000	0.000000
50.000000	2.000000	0.000000	0.000000	0.000000	0.000000
50.000000	4.000000	-0.082746	0.143140	5.290751	0.705165
50.000000	6.000000	0.193385	0.083776	6.744032	0.742624
50.000000	8.000000	0.394504	0.060446	12.771444	0.737874
50.000000	10.000000	0.287032	0.123003	9.992879	0.710342
50.000000	12.000000	0.208207	0.211025	9.486341	0.727133
50.000000	14.000000	0.357970	0.342285	15.848944	0.716066
50.000000	16.000000	0.295249	-0.019572	9.468713	0.738010
50.000000	18.000000	-0.269313	0.140107	9.714483	0.753020
50.000000	20.000000	-0.053897	0.020738	1.847973	0.681446
50.000000	22.000000	-0.160307	0.148531	6.993304	0.721398
50.000000	24.000000	0.017548	0.272622	8.741948	0.744235
50.000000	26.000000	-0.157144	0.353120	12.368236	0.721057
50.000000	28.000000	-0.297621	0.170881	10.982043	0.741754
50.000000	30.000000	-0.820753	0.120579	26.546030	0.714574
50.000000	32.000000	-0.924746	0.302304	31.132948	0.690606
50.000000	34.000000	-1.207951	0.126532	38.865932	0.689160
50.000000	36.000000	-1.334899	0.076480	42.786823	0.742154
50.000000	38.000000	0.000000	0.000000	0.000000	0.000000
50.000000	40.000000	0.000000	0.000000	0.000000	0.000000
52.000000	0.000000	0.000000	0.000000	0.000000	0.000000
52.000000	2.000000	0.000000	0.000000	0.000000	0.000000
52.000000	4.000000	0.309404	-0.010776	9.906946	0.761903
52.000000	6.000000	0.353072	0.044539	11.387841	0.740284
52.000000	8.000000	0.118546	-0.105685	5.082105	0.675048
52.000000	10.000000	0.278783	-0.039997	9.012412	0.718278
52.000000	12.000000	0.142923	0.011808	4.589119	0.757937
52.000000	14.000000	0.293540	0.210680	11.562223	0.759360
52.000000	16.000000	0.250877	0.159363	9.510819	0.765644
52.000000	18.000000	0.099327	0.037807	3.400910	0.721135
52.000000	20.000000	0.111139	0.052654	3.935403	0.702287
52.000000	22.000000	0.042691	0.188175	6.174634	0.727302
52.000000	24.000000	-0.131763	0.167720	6.825185	0.690922
52.000000	26.000000	-0.228991	0.434873	15.727316	0.689265
52.000000	28.000000	-0.398416	0.264697	15.306572	0.719879
52.000000	30.000000	-0.339847	0.113635	11.466952	0.699484
52.000000	32.000000	-0.542168	0.119629	17.766705	0.705789
52.000000	34.000000	-1.009924	0.159635	32.718807	0.699327
52.000000	36.000000	-1.095638	0.197215	35.623852	0.664170
52.000000	38.000000	0.000000	0.000000	0.000000	0.000000
52.000000	40.000000	0.000000	0.000000	0.000000	0.000000
54.000000	0.000000	0.000000	0.000000	0.000000	0.000000
54.000000	2.000000	0.000000	0.000000	0.000000	0.000000
54.000000	4.000000	0.381344	0.048854	12.302739	0.774718
54.000000	6.000000	0.115803	-0.111014	5.133431	0.768085
54.000000	8.000000	0.206000	0.057778	6.846382	0.742383
54.000000	10.000000	0.399924	0.090431	13.120647	0.719181
54.000000	12.000000	0.281869	0.174874	10.614705	0.762369
54.000000	14.000000	0.246372	-0.131918	8.942918	0.767420
54.000000	16.000000	0.367516	0.069086	11.966507	0.779175
54.000000	18.000000	0.460525	0.137805	15.382430	0.725406
54.000000	20.000000	0.324210	0.128301	11.157547	0.753409
54.000000	22.000000	0.291826	0.118299	10.076532	0.766754
54.000000	24.000000	0.229978	0.230464	10.418633	0.724632
54.000000	26.000000	0.024092	0.088335	2.929951	0.684931
54.000000	28.000000	-0.101792	0.248868	8.604180	0.751096
54.000000	30.000000	-0.589856	0.188464	19.815443	0.730131
54.000000	32.000000	-0.722700	0.328389	25.401930	0.779260
54.000000	34.000000	-0.789584	0.336198	27.461750	0.734670
54.000000	36.000000	-0.847451	0.422866	30.307026	0.712455
54.000000	38.000000	0.000000	0.000000	0.000000	0.000000
54.000000	40.000000	0.000000	0.000000	0.000000	0.000000
56.000000	0.000000	0.000000	0.000000	0.000000	0.000000
56.000000	2.000000	0.000000	0.000000	0.000000	0.000000
56.000000	4.000000	0.140010	0.045846	4.714397	0.738850
56.000000	6.000000	0.189246	-0.031666	6.140075	0.742488
56.000000	8.000000	0.439046	0.267031	16.443991	0.766536
56.000000	10.000000	0.486424	0.204739	16.888197	0.726791
56.000000	12.000000	0.201898	-0.041410	6.595235	0.784102
56.000000	14.000000	0.023134	0.204711	6.592462	0.757225
56.000000	16.000000	0.473626	-0.142491	15.827076	0.757873
56.000000	18.000000	0.243755	0.037835	7.893574	0.744934
56.000000	20.000000	0.107180	0.151386	5.935587	0.769519
56.000000	22.000000	0.192869	0.278772	10.847573	0.749290
56.000000	24.000000	0.104271	0.265689	9.133350	0.717188
56.000000	26.000000	0.191055	0.329413	12.185859	0.659021
56.000000	28.000000	0.243038	0.127697	8.785377	0.784537
56.000000	30.000000	-0.456224	0.452535	20.563049	0.754200
56.000000	32.000000	-0.371978	0.397509	17.421091	0.760434
56.000000	34.000000	-0.630481	0.170741	20.902126	0.753268
56.000000	36.000000	-1.064470	0.397738	36.363201	0.723572
56.000000	38.000000	0.000000	0.000000	0.000000	0.000000
56.000000	40.000000	0.000000	0.000000	0.000000	0.000000
58.000000	0.000000	0.000000	0.000000	0.000000	0.000000
58.000000	2.000000	0.000000	0.000000	0.000000	0.000000
58.000000	4.000000	0.069033	0.066051	3.057344	0.718289
58.000000	6.000000	0.356397	0.073197	11.642758	0.741268
58.000000	8.000000	0.442895	0.177831	15.272393	0.736111
58.000000	10.000000	0.174299	0.258200	9.968777	0.740027
58.000000	12.000000	0.032065	0.041571	1.680024	0.782684
58.000000	14.000000	0.363241	0.354310	16.237574	0.789432
58.000000	16.000000	0.144213	0.218281	8.371763	0.786775
58.000000	18.000000	0.257250	0.139217	9.360156	0.704745
58.000000	20.000000	0.183287	0.181992	8.265357	0.766934
58.000000	22.000000	0.150109	0.134109	6.441295	0.761638
58.000000	24.000000	0.196538	0.133991	7.611737	0.734384
58.000000	26.000000	0.083916	0.052343	3.164897	0.668191
58.000000	28.000000	0.206470	0.512586	17.683403	0.772081
58.000000	30.000000	-0.019657	0.474566	15.199128	0.743297
58.000000	32.000000	-0.275073	0.218682	11.245018	0.731216
58.000000	34.000000	-0.425897	0.279081	16.294075	0.765204
58.000000	36.000000	-0.660930	0.429917	25.230474	0.716949
58.000000	38.000000	0.000000	0.000000	0.000000	0.000000
58.000000	40.000000	0.000000	0.000000	0.000000	0.000000
60.000000	0.000000	0.000000	0.000000	0.000000	0.000000
60.000000	2.000000	0.000000	0.000000	0.000000	0.000000
60.000000	4.000000	0.214755	-0.025875	6.921875	0.769929
60.000000	6.000000	0.458978	0.149137	15.443211	0.751170
60.000000	8.000000	0.334891	0.193178	12.371635	0.736471
60.000000	10.000000	0.304359	0.283222	13.304043	0.752419
60.000000	12.000000	0.197730	0.156870	8.076762	0.736938
60.000000	14.000000	0.318770	0.071105	10.451316	0.762724
60.000000	16.000000	0.426054	0.112952	14.104710	0.746956
60.000000	18.000000	0.372754	0.107478	12.414081	0.784131
60.000000	20.000000	0.075385	0.119692	4.526497	0.729076
60.000000	22.000000	0.223128	0.181851	9.211094	0.758618
60.000000	24.000000	0.054571	0.107963	3.871080	0.760835
60.000000	26.000000	-0.145416	0.129071	6.221931	0.642660
60.000000	28.000000	0.117700	0.343839	11.629633	0.759404
60.000000	30.000000	0.081777	0.385095	12.597824	0.764457
60.000000	32.000000	-0.188490	0.159032	7.891719	0.784723
60.000000	34.000000	-0.272306	0.351634	14.231788	0.761738
60.000000	36.000000	-0.757338	-0.043030	24.273890	0.714726
60.000000	38.000000	0.000000	0.000000	0.000000	0.000000
60.000000	40.000000	0.000000	0.000000	0.000000	0.000000
62.000000	0.000000	0.000000	0.000000	0.000000	0.000000
62.000000	2.000000	0.000000	0.000000	0.000000	0.000000
62.000000	4.000000	0.362828	-0.049432	11.717741	0.772142
62.000000	6.000000	0.272264	0.136121	9.740648	0.699709
62.000000	8.000000	0.187536	0.030637	6.080688	0.719818
62.000000	10.000000	0.377056	0.155158	13.047430	0.763978
62.000000	12.000000	0.123945	0.090881	4.918196	0.755006
62.000000	14.000000	0.071833	0.297250	9.785818	0.756185
62.000000	16.000000	0.045842	0.472161	15.180187	0.743233
62.000000	18.000000	0.205339	0.057169	6.820764	0.771618
62.000000	20.000000	0.101244	0.329602	11.033647	0.761138
62.000000	22.000000	0.088604	0.262832	8.875665	0.745376
62.000000	24.000000	0.165451	-0.043796	5.476768	0.751875
62.000000	26.000000	-0.047144	0.252652	8.224395	0.640007
62.000000	28.000000	0.153525	0.171541	7.366712	0.785595
62.000000	30.000000	0.089676	0.451158	14.719478	0.795839
62.000000	32.000000	-0.170473	0.382842	13.410599	0.776055
62.000000	34.000000	-0.191497	0.342224	12.549071	0.785648
62.000000	36.000000	-0.258331	0.244678	11.386005	0.799895
62.000000	38.000000	0.000000	0.000000	0.000000	0.000000
62.000000	40.000000	0.000000	0.000000	0.000000	0.000000
64.000000	0.000000	0.000000	0.000000	0.000000	0.000000
64.000000	2.000000	0.000000	0.000000	0.000000	0.000000
64.000000	4.000000	0.279572	-0.120204	9.738196	0.729693
64.000000	6.000000	0.399724	0.147453	13.633710	0.798793
64.000000	8.000000	0.221997	0.115672	8.010401	0.779769
64.000000	10.000000	0.127779	0.132579	5.892216	0.755767
64.000000	12.000000	0.224382	-0.003030	7.180884	0.764103
64.000000	14.000000	0.059759	0.086559	3.365876	0.776953
64.000000	16.000000	0.188430	0.013462	6.045139	0.754497
64.000000	18.000000	0.130517	0.312130	10.826201	0.745022
64.000000	20.000000	0.197795	0.287143	11.157602	0.778128
64.000000	22.000000	0.328399	0.266244	13.528529	0.760461
64.000000	24.000000	0.205709	0.201419	9.212762	0.759711
64.000000	26.000000	0.070838	0.265195	8.783774	0.673280
64.000000	28.000000	0.235808	0.451610	16.302961	0.740799
64.000000	30.000000	0.027266	0.285967	9.192440	0.780577
64.000000	32.000000	-0.081875	0.299368	9.931588	0.782083
64.000000	34.000000	0.043467	0.186374	6.124022	0.760946
64.000000	36.000000	0.000084	0.134029	4.288928	0.764350
64.000000	38.000000	0.000000	0.000000	0.000000	0.000000
64.000000	40.000000	0.000000	0.000000	0.000000	0.000000
66.000000	0.000000	0.000000	0.000000	0.000000	0.000000
66.000000	2.000000	0.000000	0.000000	0.000000	0.000000
66.000000	4.000000	0.145057	0.083584	5.357280	0.784516
66.000000	6.000000	0.420096	0.028308	13.473574	0.788483
66.000000	8.000000	0.150458	-0.060365	5.187703	0.776794
66.000000	10.000000	0.279027	-0.031794	8.986647	0.745104
66.000000	12.000000	0.060981	-0.133116	4.685419	0.782776
66.000000	14.000000	0.043265	0.178926	5.890646	0.771457
66.000000	16.000000	0.063136	0.016574	2.088819	0.779690
66.000000	18.000000	0.226926	-0.029172	7.321401	0.763468
66.000000	20.000000	0.219932	0.311007	12.189236	0.750306
66.000000	22.000000	0.170365	0.188460	8.129599	0.770856
66.000000	24.000000	0.220474	0.117507	7.994680	0.756336
66.000000	26.000000	0.224790	0.250505	10.770418	0.674153
66.000000	28.000000	0.387678	0.255036	14.849441	0.722668
66.000000	30.000000	0.159020	0.355504	12.462351	0.760599
66.000000	32.000000	0.262096	0.483603	17.601929	0.787507
66.000000	34.000000	0.083862	0.361786	11.884103	0.794485
66.000000	36.000000	-0.096366	0.410901	13.505587	0.779847
66.000000	38.000000	0.000000	0.000000	0.000000	0.000000
66.000000	40.000000	0.000000	0.000000	0.000000	0.000000
68.000000	0.000000	0.000000	0.000000	0.000000	0.000000
68.000000	2.000000	0.000000	0.000000	0.000000	0.000000
68.000000	4.000000	0.205613	0.034850	6.673464	0.739317
68.000000	6.000000	0.157995	-0.077776	5.635214	0.769372
68.000000	8.000000	0.281980	0.133058	9.977485	0.786976
68.000000	10.000000	0.217636	0.092649	7.569157	0.772539
68.000000	12.000000	0.266375	0.061974	8.751658	0.772949
68.000000	14.000000	0.265759	0.057107	8.698423	0.762434
68.000000	16.000000	-0.074685	0.003285	2.392244	0.797403
68.000000	18.000000	0.066526	0.173751	5.953647	0.732254
68.000000	20.000000	0.106441	0.293825	10.000334	0.774249
68.000000	22.000000	0.248611	0.068544	8.252384	0.785705
68.000000	24.000000	0.291721	0.238897	12.065864	0.770901
68.000000	26.000000	0.105461	-0.010983	3.392992	0.646457
68.000000	28.000000	0.143738	0.333907	11.632969	0.755873
68.000000	30.000000	0.069485	0.448361	14.518832	0.773166
68.000000	32.000000	0.083849	0.421071	13.738812	0.772463
68.000000	34.000000	0.025837	0.359395	11.530318	0.784725
68.000000	36.000000	0.543583	0.440289	22.384851	0.776546
68.000000	38.000000	0.000000	0.000000	0.000000	0.000000
68.000000	40.000000	0.000000	0.000000	0.000000	0.000000
70.000000	0.000000	0.000000	0.000000	0.000000	0.000000
70.000000	2.000000	0.000000	0.000000	0.000000	0.000000
70.000000	4.000000	0.320568	0.033768	10.314927	0.791221
70.000000	6.000000	0.194254	-0.024645	6.265950	0.786335
70.000000	8.000000	0.050390	-0.094459	3.425891	0.778079
70.000000	10.000000	0.168009	0.077458	5.920150	0.788565
70.000000	12.000000	0.383868	0.021038	12.302198	0.740352
70.000000	14.000000	0.181386	0.133727	7.211287	0.763277
70.000000	16.000000	0.157431	0.221069	8.684683	0.747127
70.000000	18.000000	0.122319	0.251691	8.954854	0.791967
70.000000	20.000000	0.089121	0.167090	6.059894	0.771535
70.000000	22.000000	0.085580	0.266798	8.965988	0.813821
70.000000	24.000000	0.285673	0.071787	9.425735	0.761094
70.000000	26.000000	0.074448	0.194053	6.651000	0.617230
70.000000	28.000000	0.193873	0.328990	12.219682	0.734469
70.000000	30.000000	0.355799	0.345977	15.880944	0.782480
70.000000	32.000000	0.077712	0.393546	12.836647	0.729640
70.000000	34.000000	0.045189	0.540966	17.371201	0.718953
70.000000	36.000000	0.511799	0.402960	20.844645	0.792387
70.000000	38.000000	0.000000	0.000000	0.000000	0.000000
70.000000	40.000000	0.000000	0.000000	0.000000	0.000000
72.000000	0.000000	0.000000	0.000000	0.000000	0.000000
72.000000	2.000000	0.000000	0.000000	0.000000	0.000000
72.000000	4.000000	0.289917	0.120127	10.042212	0.793571
72.000000	6.000000	-0.138803	-0.013396	4.462330	0.784553
72.000000	8.000000	0.161662	0.119706	6.437023	0.772452
72.000000	10.000000	0.171366	-0.176269	7.866884	0.771183
72.000000	12.000000	0.188653	0.030127	6.113382	0.748992
72.000000	14.000000	0.205464	-0.197215	9.113503	0.766103
72.000000	16.000000	0.028551	0.278287	8.951923	0.741453
72.000000	18.000000	-0.003058	0.225196	7.206934	0.745200
72.000000	20.000000	0.208267	0.199742	9.234208	0.780092
72.000000	22.000000	0.047514	0.180982	5.987696	0.785156
72.000000	24.000000	0.188369	0.121606	7.174757	0.783454
72.000000	26.000000	-0.020196	0.033048	1.239371	0.646188
72.000000	28.000000	-0.142708	0.304587	10.763552	0.727639
72.000000	30.000000	-0.049177	0.475542	15.298486	0.777823
72.000000	32.000000	-0.109913	0.637083	20.687836	0.753294
72.000000	34.000000	-0.473799	0.869398	31.683844	0.760386
72.000000	36.000000	-0.085374	0.545632	17.672676	0.723556
72.000000	38.000000	0.000000	0.000000	0.000000	0.000000
72.000000	40.000000	0.000000	0.000000	0.000000	0.000000
74.000000	0.000000	0.000000	0.000000	0.000000	0.000000
74.000000	2.000000	0.000000	0.000000	0.000000	0.000000
74.000000	4.000000	0.131810	0.076089	4.870256	0.797172
74.000000	6.000000	0.187676	0.229603	9.489485	0.786594
74.000000	8.000000	0.430431	-0.029220	13.805481	0.753242
74.000000	10.000000	0.239932	0.041296	7.790723	0.746485
74.000000	12.000000	0.005173	-0.003084	0.192708	0.761587
74.000000	14.000000	0.154803	0.004819	4.956102	0.751500
74.000000	16.000000	0.208773	0.072313	7.070150	0.753642
74.000000	18.000000	0.081281	0.274934	9.174325	0.770259
74.000000	20.000000	0.320466	0.064770	10.462253	0.766684
74.000000	22.000000	0.120490	0.232336	8.375072	0.754607
74.000000	24.000000	0.109128	0.144734	5.800463	0.784044
74.000000	26.000000	0.051214	-0.096911	3.507545	0.623309
74.000000	28.000000	-0.253156	0.492106	17.708948	0.728029
74.000000	30.000000	-0.633795	0.408205	24.124014	0.745553
74.000000	32.000000	-0.904008	0.355966	31.090155	0.750563
74.000000	34.000000	-0.541019	0.494704	23.459158	0.746825
74.000000	36.000000	-0.537477	0.421999	21.867151	0.730424
74.000000	38.000000	0.000000	0.000000	0.000000	0.000000
74.000000	40.000000	0.000000	0.000000	0.000000	0.000000
76.000000	0.000000	0.000000	0.000000	0.000000	0.000000
76.000000	2.000000	0.000000	0.000000	0.000000	0.000000
76.000000	4.000000	0.250500	0.027663	8.064720	0.807408
76.000000	6.000000	0.241846	-0.027021	7.787223	0.772205
76.000000	8.000000	0.303784	0.079474	10.048242	0.775024
76.000000	10.000000	0.076650	-0.116419	4.460368	0.797755
76.000000	12.000000	0.095939	0.014670	3.105723	0.779645
76.000000	14.000000	0.129680	0.044438	4.386634	0.739163
76.000000	16.000000	-0.037439	0.102976	3.506254	0.813859
76.000000	18.000000	0.157815	0.123823	6.418980	0.788168
76.000000	20.000000	-0.015175	0.052199	1.739508	0.792064
76.000000	22.000000	0.191953	-0.032800	6.231513	0.801823
76.000000	24.000000	-0.024010	-0.014847	0.903333	0.725572
76.000000	26.000000	-0.101003	-0.026108	3.338335	0.655745
76.000000	28.000000	-0.759662	0.255968	25.652054	0.697825
76.000000	30.000000	-0.568248	0.375538	21.796068	0.716190
76.000000	32.000000	-1.558617	0.150878	50.108887	0.686886
76.000000	34.000000	-0.827318	0.195169	27.200872	0.679225
76.000000	36.000000	-0.679509	0.302668	23.803787	0.721814
76.000000	38.000000	0.000000	0.000000	0.000000	0.000000
76.000000	40.000000	0.000000	0.000000	0.000000	0.000000
78.000000	0.000000	0.000000	0.000000	0.000000	0.000000
78.000000	2.000000	0.000000	0.000000	0.000000	0.000000
78.000000	4.000000	0.081528	0.101213	4.158862	0.804822
78.000000	6.000000	0.114287	0.026926	3.757300	0.762873
78.000000	8.000000	0.171343	0.035749	5.601027	0.779093
78.000000	10.000000	0.032529	0.053643	2.007537	0.803933
78.000000	12.000000	-0.107596	0.214690	7.684593	0.785332
78.000000	14.000000	-0.041509	0.119556	4.049811	0.798451
78.000000	16.000000	0.235365	0.038486	7.631698	0.712985
78.000000	18.000000	0.022105	-0.043516	1.561874	0.746417
78.000000	20.000000	-0.025763	0.057387	2.012955	0.807576
78.000000	22.000000	-0.020141	0.072599	2.410917	0.801263
78.000000	24.000000	-0.282722	-0.035722	9.119028	0.789901
78.000000	26.000000	-0.528431	-0.128022	17.398968	0.683726
78.000000	28.000000	-1.112655	0.329392	37.132416	0.716526
78.000000	30.000000	-1.533342	0.010955	49.068211	0.685269
78.000000	32.000000	-1.495411	0.390315	49.456295	0.671456
78.000000	34.000000	-1.216989	0.330699	40.355854	0.682781
78.000000	36.000000	-1.357012	-0.046364	43.449722	0.647620
78.000000	38.000000	0.000000	0.000000	0.000000	0.000000
78.000000	40.000000	0.000000	0.000000	0.000000	0.000000
80.000000	0.000000	0.000000	0.000000	0.000000	0.000000
80.000000	2.000000	0.000000	0.000000	0.000000	0.000000
80.000000	4.000000	0.268097	-0.031137	8.636776	0.795335
80.000000	6.000000	-0.001779	-0.089453	2.863059	0.823109
80.000000	8.000000	-0.007295	-0.137821	4.416431	0.801910
80.000000	10.000000	-0.043329	0.025933	1.615885	0.779161
80.000000	12.000000	0.038481	-0.077043	2.755778	0.782225
80.000000	14.000000	0.005387	-0.143599	4.598405	0.779670
80.000000	16.000000	0.078946	0.009167	2.543246	0.729258
80.000000	18.000000	-0.120740	-0.054862	4.243818	0.775665
80.000000	20.000000	-0.014952	-0.041470	1.410650	0.824088
80.000000	22.000000	-0.081581	-0.029582	2.776911	0.753613
80.000000	24.000000	-0.311096	-0.042149	10.046016	0.758047
80.000000	26.000000	-0.566251	-0.272678	20.111526	0.747513
80.000000	28.000000	-1.117143	0.222431	36.450298	0.645054
80.000000	30.000000	-1.509061	-0.090226	48.376186	0.725991
80.000000	32.000000	-1.456643	0.011430	46.614006	0.716524
80.000000	34.000000	-1.027471	-0.417365	35.488136	0.623573
80.000000	36.000000	-1.530426	0.153422	49.219109	0.553148
80.000000	38.000000	0.000000	0.000000	0.000000	0.000000
80.000000	40.000000	0.000000	0.000000	0.000000	0.000000
82.000000	0.000000	0.000000	0.000000	0.000000	0.000000
82.000000	2.000000	0.000000	0.000000	0.000000	0.000000
82.000000	4.000000	0.211934	-0.201906	9.366885	0.825493
82.000000	6.000000	0.002223	0.001354	0.083275	0.792878
82.000000	8.000000	-0.195648	0.063193	6.579211	0.751824
82.000000	10.000000	-0.062319	-0.133036	4.701080	0.752479
82.000000	12.000000	-0.132584	-0.078047	4.923182	0.771198
82.000000	14.000000	0.078904	-0.139270	5.122192	0.765965
82.000000	16.000000	-0.105522	-0.262277	9.046667	0.742276
82.000000	18.000000	0.044842	-0.058744	2.364899	0.809023
82.000000	20.000000	-0.075935	-0.099086	3.994772	0.771566
82.000000	22.000000	-0.181791	0.043321	5.980210	0.774768
82.000000	24.000000	-0.526777	0.011272	16.860737	0.776645
82.000000	26.000000	-0.858344	-0.084270	27.599070	0.730927
82.000000	28.000000	-1.141902	0.199188	37.092621	0.661374
82.000000	30.000000	-0.982292	0.077069	31.529942	0.743409
82.000000	32.000000	-1.131028	0.169540	36.597263	0.672948
82.000000	34.000000	-1.288531	0.339950	42.643856	0.696039
82.000000	36.000000	-1.444275	-0.037447	46.232334	0.630989
82.000000	38.000000	0.000000	0.000000	0.000000	0.000000
82.000000	40.000000	0.000000	0.000000	0.000000	0.000000
84.000000	0.000000	0.000000	0.000000	0.000000	0.000000
84.000000	2.000000	0.000000	0.000000	0.000000	0.000000
84.000000	4.000000	0.131148	-0.318350	11.017797	0.734162
84.000000	6.000000	-0.100248	-0.116782	4.925063	0.780309
84.000000	8.000000	-0.021398	-0.101182	3.309443	0.764970
84.000000	10.000000	-0.056980	-0.095610	3.561646	0.749549
84.000000	12.000000	-0.290656	-0.219386	11.653072	0.778709
84.000000	14.000000	-0.164790	0.117190	6.470759	0.768591
84.000000	16.000000	-0.002164	-0.098571	3.155037	0.751678
84.000000	18.000000	-0.088222	-0.206564	7.187678	0.779501
84.000000	20.000000	-0.070329	-0.182362	6.254511	0.758468
84.000000	22.000000	-0.086661	-0.021280	2.855526	0.748531
84.000000	24.000000	-0.114086	-0.233177	8.306894	0.778242
84.000000	26.000000	-0.521000	0.015106	16.679020	0.698781
84.000000	28.000000	-0.763732	0.069788	24.541256	0.670981
84.000000	30.000000	-0.853827	0.210040	28.137033	0.749916
84.000000	32.000000	-1.435848	0.233730	46.551922	0.730871
84.000000	34.000000	-1.357096	0.447765	45.729816	0.682143
84.000000	36.000000	-1.119007	0.460762	38.725006	0.750884
84.000000	38.000000	0.000000	0.000000	0.000000	0.000000
84.000000	40.000000	0.000000	0.000000	0.000000	0.000000
86.000000	0.000000	0.000000	0.000000	0.000000	0.000000
86.000000	2.000000	0.000000	0.000000	0.000000	0.000000
86.000000	4.000000	0.032277	-0.333239	10.713560	0.784557
86.000000	6.000000	0.058250	-0.299377	9.759734	0.802742
86.000000	8.000000	-0.000301	-0.262833	8.410664	0.742319
86.000000	10.000000	0.119394	-0.298235	10.279864	0.771726
86.000000	12.000000	0.001900	-0.246911	7.901375	0.775123
86.000000	14.000000	-0.136053	-0.214799	8.136380	0.743814
86.000000	16.000000	0.030052	-0.183913	5.963281	0.735657
86.000000	18.000000	-0.179905	-0.165362	7.819424	0.786564
86.000000	20.000000	-0.191791	-0.388461	13.863270	0.796577
86.000000	22.000000	-0.199683	-0.374213	13.573005	0.768525
86.000000	24.000000	-0.102666	-0.367056	12.196603	0.758237
86.000000	26.000000	-0.466479	-0.240232	16.790508	0.741553
86.000000	28.000000	-0.605628	0.245393	20.910549	0.638783
86.000000	30.000000	-1.014813	0.059412	32.529621	0.772247
86.000000	32.000000	-0.929407	-0.018210	29.746746	0.755635
86.000000	34.000000	-0.982848	0.431560	34.349495	0.725460
86.000000	36.000000	-0.884866	0.606821	34.334370	0.727135
86.000000	38.000000	0.000000	0.000000	0.000000	0.000000
86.000000	40.000000	0.000000	0.000000	0.000000	0.000000
88.000000	0.000000	0.000000	0.000000	0.000000	0.000000
88.000000	2.000000	0.000000	0.000000	0.000000	0.000000
88.000000	4.000000	-0.174225	0.012315	5.589101	0.801148
88.000000	6.000000	0.115883	-0.233298	8.335771	0.781354
88.000000	8.000000	-0.102893	-0.101974	4.635674	0.760785
88.000000	10.000000	-0.044560	-0.172152	5.690410	0.767398
88.000000	12.000000	-0.033818	-0.122009	4.051497	0.747883
88.000000	14.000000	-0.112051	0.080920	4.422887	0.767716
88.000000	16.000000	0.025628	-0.206521	6.659353	0.757939
88.000000	18.000000	-0.216765	-0.393842	14.385730	0.765381
88.000000	20.000000	-0.146646	-0.193077	7.758525	0.793992
88.000000	22.000000	-0.045603	-0.111565	3.856798	0.796713
88.000000	24.000000	-0.359225	-0.313204	15.250912	0.792760
88.000000	26.000000	-0.297998	-0.506358	18.801239	0.729743
88.000000	28.000000	-0.164472	0.058987	5.591341	0.578980
88.000000	30.000000	-0.497901	-0.068007	16.080761	0.762551
88.000000	32.000000	-1.022757	-0.184589	33.256992	0.728395
88.000000	34.000000	-0.890907	0.269880	29.788393	0.760284
88.000000	36.000000	-0.901933	0.694883	36.434299	0.749355
88.000000	38.000000	0.000000	0.000000	0.000000	0.000000
88.000000	40.000000	0.000000	0.000000	0.000000	0.000000
90.000000	0.000000	0.000000	0.000000	0.000000	0.000000
90.000000	2.000000	0.000000	0.000000	0.000000	0.000000
90.000000	4.000000	-0.156241	-0.107785	6.073986	0.796579
90.000000	6.000000	-0.044199	-0.200450	6.568470	0.810229
90.000000	8.000000	0.082265	-0.212921	7.304328	0.795615
90.000000	10.000000	-0.044619	-0.218903	7.148936	0.795265
90.000000	12.000000	-0.140348	-0.153948	6.666267	0.737683
90.000000	14.000000	0.009253	-0.268545	8.598546	0.769442
90.000000	16.000000	-0.138391	-0.227038	8.508522	0.760159
90.000000	18.000000	-0.105675	-0.482212	15.796963	0.795512
90.000000	20.000000	-0.068449	-0.413155	13.401184	0.742999
90.000000	22.000000	-0.451493	-0.264070	16.737537	0.789155
90.000000	24.000000	-0.323536	-0.308824	14.312539	0.761125
90.000000	26.000000	-0.406650	-0.292418	16.027905	0.736551
90.000000	28.000000	-0.542540	-0.096310	17.632696	0.529064
90.000000	30.000000	-0.548429	-0.373499	21.233053	0.679999
90.000000	32.000000	-0.754673	-0.251515	25.455406	0.774355
90.000000	34.000000	-1.054930	-0.129355	34.010597	0.767357
90.000000	36.000000	-1.145617	0.579222	41.079044	0.758391
90.000000	38.000000	0.000000	0.000000	0.000000	0.000000
90.000000	40.000000	0.000000	0.000000	0.000000	0.000000
